name	taxonomy_id	taxonomy_lvl	kraken_assigned_reads	added_reads	new_est_reads	fraction_total_reads
Streptomyces sp. BH-MK-02	2880933	S	5732	3230	8962	0.00241
Streptomyces sp. CdTB01	1725411	S	4273	3573	7846	0.00211
Streptomyces sp. SN-593	659352	S	3142	1528	4670	0.00126
Streptomyces sp. So13.3	2136173	S	2621	1096	3717	0.00100
Streptomyces sp. SCSIO 64649	2878388	S	2570	929	3499	0.00094
Streptomyces sp. A2-16	2781734	S	2538	2457	4995	0.00134
Streptomyces sp. 3214.6	1882757	S	2374	2120	4494	0.00121
Streptomyces sp. CB01881	2078691	S	2331	838	3169	0.00085
Streptomyces sp. ZYC-3	2797636	S	2222	1354	3576	0.00096
Streptomyces sp. S4.7	2705439	S	2069	2011	4080	0.00110
Streptomyces sp. NHF165	2175864	S	2033	786	2819	0.00076
Streptomyces sp. P3	2135430	S	2018	1530	3548	0.00096
Streptomyces sp. NA02950	2742137	S	1999	1017	3016	0.00081
Streptomyces sp. ST1015	1848900	S	1970	1133	3103	0.00084
Streptomyces sp. MA3_2.13	2867410	S	1955	513	2468	0.00066
Streptomyces sp. GQFP	2907545	S	1843	919	2762	0.00074
Streptomyces sp. Z423-1	2730915	S	1823	1581	3404	0.00092
Streptomyces sp. 3025	2923272	S	1821	757	2578	0.00069
Streptomyces sp. SCUT-3	2684469	S	1775	1403	3178	0.00086
Streptomyces sp. LRE541	2931983	S	1754	1222	2976	0.00080
Streptomyces sp. NEAU-sy36	2751189	S	1751	1911	3662	0.00099
Streptomyces sp. WAC 01438	2203204	S	1716	1659	3375	0.00091
Streptomyces sp. GMY02	1333528	S	1707	732	2439	0.00066
Streptomyces sp. CMB-StM0423	2059884	S	1706	4771	6477	0.00174
Streptomyces sp. RPA4-2	2721244	S	1697	1571	3268	0.00088
Streptomyces sp. SAT1	1849967	S	1681	1678	3359	0.00090
Streptomyces sp. DSM 40868	2721173	S	1661	1851	3512	0.00095
Streptomyces sp. Go 40/10	2825844	S	1655	2476	4131	0.00111
Streptomyces sp. 891-h	2720714	S	1602	700	2302	0.00062
Streptomyces sp. MBT27	1488356	S	1574	1158	2732	0.00074
Streptomyces sp. JB150	2714844	S	1487	1475	2962	0.00080
Streptomyces sp. RTd22	1841249	S	1483	3506	4989	0.00134
Streptomyces sp. YIM 121038	2136401	S	1469	1243	2712	0.00073
Streptomyces sp. MST-110588	2833628	S	1418	824	2242	0.00060
Streptomyces sp. NA04227	2742136	S	1399	752	2151	0.00058
Streptomyces sp. GS7	2692234	S	1392	1025	2417	0.00065
Streptomyces sp. W1SF4	2305220	S	1375	1336	2711	0.00073
Streptomyces sp. HM190	2695266	S	1348	1241	2589	0.00070
Streptomyces sp. QHH-9511	2684468	S	1346	957	2303	0.00062
Streptomyces sp. C8S0	2585716	S	1331	895	2226	0.00060
Streptomyces sp. MG62	2838015	S	1327	1584	2911	0.00078
Streptomyces sp. SirexAA-E	862751	S	1285	1177	2462	0.00066
Streptomyces sp. SM18	1736046	S	1275	1074	2349	0.00063
Streptomyces sp. Go-475	2072505	S	1272	1897	3169	0.00085
Streptomyces sp. MG28	2865673	S	1262	1684	2946	0.00079
Streptomyces sp. Rer75	2750011	S	1253	3293	4546	0.00122
Streptomyces sp. AMCC400023	2056258	S	1247	1964	3211	0.00086
Streptomyces sp. BJ20	2930049	S	1246	1445	2691	0.00072
Streptomyces sp. SYP-A7193	2662065	S	1214	3141	4355	0.00117
Streptomyces sp. BHT-5-2	2866715	S	1191	1083	2274	0.00061
Streptomyces sp. CB09001	2083284	S	1161	2871	4032	0.00109
Streptomyces sp. 135	2838850	S	1137	1155	2292	0.00062
Streptomyces sp. WAC 01529	2203205	S	1127	1218	2345	0.00063
Streptomyces sp. S1D4-11	2721246	S	1120	3965	5085	0.00137
Streptomyces sp. Tu 2975	2676871	S	1081	927	2008	0.00054
Streptomyces sp. jing01	2726118	S	1069	1917	2986	0.00080
Streptomyces sp. HSG2	2797167	S	1008	510	1518	0.00041
Streptomyces rapamycinicus	1226757	S	4264	2567	6831	0.00184
Streptomyces hygroscopicus	1912	S	2821	13141	15962	0.00430
Streptomyces venezuelae	54571	S	7961	6802	14763	0.00397
Streptomyces cadmiisoli	2184053	S	1729	960	2689	0.00072
Streptomyces aurantiacus	47760	S	1546	859	2405	0.00065
Streptomyces qaidamensis	1783515	S	1126	1240	2366	0.00064
Streptomyces lydicus	47763	S	4469	8813	13282	0.00358
Streptomyces niveus	193462	S	4012	4260	8272	0.00223
Streptomyces bathyalis	2710756	S	3849	1166	5015	0.00135
Streptomyces armeniacus	83291	S	3467	873	4340	0.00117
Streptomyces griseus	1911	S	1255	2627	3882	0.00105
Streptomyces chartreusis	1969	S	3155	3397	6552	0.00176
Streptomyces albus	1888	S	3068	4079	7147	0.00192
Streptomyces bingchenggensis	379067	S	2866	1073	3939	0.00106
Streptomyces griseorubiginosus	67304	S	2848	2274	5122	0.00138
Streptomyces formicae	1616117	S	2798	2133	4931	0.00133
Streptomyces seoulensis	73044	S	2561	2086	4647	0.00125
Streptomyces collinus	42684	S	2535	3693	6228	0.00168
Streptomyces griseochromogenes	68214	S	2532	1659	4191	0.00113
Streptomyces aquilus	2548456	S	2386	1682	4068	0.00110
Streptomyces buecherae	2763006	S	2370	1137	3507	0.00094
Streptomyces tsukubensis	83656	S	2255	1088	3343	0.00090
Streptomyces asoensis	249586	S	2163	1512	3675	0.00099
Streptomyces spectabilis	68270	S	2049	1619	3668	0.00099
Streptomyces cattleya	29303	S	2046	1080	3126	0.00084
Streptomyces lunaelactis	1535768	S	2008	875	2883	0.00078
Streptomyces dengpaensis	2049881	S	1995	1261	3256	0.00088
Streptomyces pratensis	1169025	S	1983	1088	3071	0.00083
Streptomyces durmitorensis	319947	S	1974	948	2922	0.00079
Streptomyces lincolnensis	1915	S	1937	1330	3267	0.00088
Streptomyces cyaneochromogenes	2496836	S	1867	1331	3198	0.00086
Streptomyces xinghaiensis	1038928	S	1841	1053	2894	0.00078
Streptomyces xanthii	2768069	S	1804	1131	2935	0.00079
Streptomyces avermitilis	33903	S	1790	1176	2966	0.00080
Streptomyces rimosus	1927	S	1776	9004	10780	0.00290
Streptomyces griseoviridis	45398	S	1772	1255	3027	0.00082
Streptomyces roseirectus	2768066	S	1758	946	2704	0.00073
Streptomyces davaonensis	348043	S	1756	1151	2907	0.00078
Streptomyces capitiformicae	2014920	S	1720	667	2387	0.00064
Streptomyces ferrugineus	1413221	S	1685	1296	2981	0.00080
Streptomyces broussonetiae	2686304	S	1684	1197	2881	0.00078
Streptomyces actuosus	1885	S	1665	1589	3254	0.00088
Streptomyces fodineus	1904616	S	1645	1430	3075	0.00083
Streptomyces liangshanensis	2717324	S	1621	826	2447	0.00066
Streptomyces incarnatus	665007	S	1615	1198	2813	0.00076
Streptomyces albulus	68570	S	1586	1066	2652	0.00071
Streptomyces antibioticus	1890	S	1579	1277	2856	0.00077
Streptomyces vietnamensis	362257	S	1552	1184	2736	0.00074
Streptomyces genisteinicus	2768068	S	1543	971	2514	0.00068
Streptomyces olivoreticuli	68246	S	1543	878	2421	0.00065
Streptomyces paludis	2282738	S	1514	669	2183	0.00059
Streptomyces roseochromogenus	285450	S	1505	1148	2653	0.00071
Streptomyces alboflavus	67267	S	1493	937	2430	0.00065
Streptomyces dangxiongensis	1442032	S	1492	1200	2692	0.00072
Streptomyces atratus	1893	S	1485	627	2112	0.00057
Streptomyces aureoverticillatus	66871	S	1465	900	2365	0.00064
Streptomyces nigra	1827580	S	1460	1287	2747	0.00074
Streptomyces rectiverticillatus	173860	S	1458	935	2393	0.00064
Streptomyces clavuligerus	1901	S	1432	701	2133	0.00057
Streptomyces globosus	68209	S	1399	1044	2443	0.00066
Streptomyces griseocarneus	51201	S	1389	970	2359	0.00064
Streptomyces luteoverticillatus	66425	S	1382	914	2296	0.00062
Streptomyces phaeolivaceus	2653200	S	1367	967	2334	0.00063
Streptomyces calvus	67282	S	1353	1227	2580	0.00069
Streptomyces peucetius	1950	S	1347	775	2122	0.00057
Streptomyces nodosus	40318	S	1344	731	2075	0.00056
Streptomyces ficellus	1977088	S	1323	975	2298	0.00062
Streptomyces cyanogenus	80860	S	1315	1458	2773	0.00075
Streptomyces inhibens	2293571	S	1308	937	2245	0.00060
Streptomyces galilaeus	33899	S	1295	994	2289	0.00062
Streptomyces pluripotens	1355015	S	1286	646	1932	0.00052
Streptomyces ambofaciens	1889	S	1284	1799	3083	0.00083
Streptomyces glaucescens	1907	S	1270	1238	2508	0.00068
Streptomyces exfoliatus	1905	S	1250	938	2188	0.00059
Streptomyces harbinensis	1176198	S	1240	632	1872	0.00050
Streptomyces gilvosporeus	553510	S	1239	862	2101	0.00057
Streptomyces parvulus	146923	S	1237	1292	2529	0.00068
Streptomyces fagopyri	2662397	S	1231	1066	2297	0.00062
Streptomyces pactum	68249	S	1226	1199	2425	0.00065
Streptomyces hundungensis	1077946	S	1224	826	2050	0.00055
Streptomyces lavendulae	1914	S	1204	930	2134	0.00057
Streptomyces katrae	68223	S	1196	974	2170	0.00058
Streptomyces pristinaespiralis	38300	S	1194	1063	2257	0.00061
Streptomyces vinaceus	1960	S	1192	959	2151	0.00058
Streptomyces chromofuscus	42881	S	1175	1045	2220	0.00060
Streptomyces subrutilus	36818	S	1172	949	2121	0.00057
Streptomyces prasinus	67345	S	1169	827	1996	0.00054
Streptomyces viridosporus	67581	S	1168	1074	2242	0.00060
Streptomyces kanamyceticus	1967	S	1155	1032	2187	0.00059
Streptomyces tendae	1932	S	1147	1102	2249	0.00061
Streptomyces finlayi	67296	S	1121	541	1662	0.00045
Streptomyces nitrosporeus	28894	S	1090	649	1739	0.00047
Streptomyces angustmyceticus	285578	S	1073	1032	2105	0.00057
Streptomyces deccanensis	424188	S	1071	1237	2308	0.00062
Streptomyces tirandamycinicus	2174846	S	1059	782	1841	0.00050
Streptomyces coeruleorubidus	116188	S	1036	1355	2391	0.00064
Streptomyces gardneri	66892	S	1017	1078	2095	0.00056
Kitasatospora sp. MMS16-BH015	2018025	S	1997	1116	3113	0.00084
Kitasatospora sp. NA04385	2742135	S	1624	1278	2902	0.00078
Kitasatospora setae	2066	S	1598	1210	2808	0.00076
Kitasatospora aureofaciens	1894	S	1291	889	2180	0.00059
Streptacidiphilus sp. P02-A3a	2704468	S	1832	878	2710	0.00073
Streptacidiphilus sp. PB12-B1b	2705012	S	1605	996	2601	0.00070
Streptacidiphilus bronchialis	2126346	S	1372	745	2117	0.00057
Yinghuangia sp. ASG 101	2896848	S	3792	1006	4798	0.00129
Microbacterium sp. No. 7	1714373	S	1295	2471	3766	0.00101
Microbacterium sp. 4R-513	2567934	S	1174	1348	2522	0.00068
Microbacterium foliorum	104336	S	1593	658	2251	0.00061
Microbacterium hominis	162426	S	1232	6921	8153	0.00220
Microbacterium oleivorans	273677	S	1187	451	1638	0.00044
Microbacterium cremeum	2782169	S	1106	456	1562	0.00042
Agromyces sp. H17E-10	2932244	S	1374	1077	2451	0.00066
Agromyces sp. LHK192	2498704	S	1140	763	1903	0.00051
Agromyces flavus	589382	S	1339	989	2328	0.00063
Agromyces soli	659012	S	1204	1038	2242	0.00060
Agromyces aureus	453304	S	1201	812	2013	0.00054
Curtobacterium flaccumfaciens	2035	S	1272	1334	2606	0.00070
Leifsonia sp. ZF2019	2781978	S	1018	1614	2632	0.00071
Leifsonia shinshuensis	150026	S	1663	966	2629	0.00071
Clavibacter michiganensis	28447	S	3966	6485	10451	0.00281
Agrococcus sp. SGAir0287	2070347	S	1091	779	1870	0.00050
Agrococcus jejuensis	399736	S	1133	785	1918	0.00052
Microterricola viridarii	412690	S	1451	826	2277	0.00061
Cnuibacter physcomitrellae	1619308	S	1094	545	1639	0.00044
Herbiconiux sp. SALV-R1	2735133	S	1074	496	1570	0.00042
Gryllotalpicola protaetiae	2419771	S	1063	458	1521	0.00041
Arthrobacter sp. NicSoilC5	2831000	S	3655	6308	9963	0.00268
Arthrobacter sp. FW305-BF8	2879617	S	3025	2885	5910	0.00159
Arthrobacter sp. QXT-31	1357915	S	2386	2326	4712	0.00127
Arthrobacter agilis	37921	S	1109	506	1615	0.00044
Sinomonas atrocyanea	37927	S	1536	784	2320	0.00062
Micrococcus luteus	1270	S	1131	2616	3747	0.00101
Cellulomonas sp. Y8	2591145	S	1618	1244	2862	0.00077
Cellulomonas sp. H30R-01	2704467	S	1511	998	2509	0.00068
Cellulomonas sp. C5510	2871170	S	1260	897	2157	0.00058
Cellulomonas sp. JZ18	2654191	S	1239	897	2136	0.00058
Cellulomonas sp. zg-ZUI188	2819978	S	1197	568	1765	0.00048
Cellulomonas sp. zg-ZUI222	2816956	S	1120	739	1859	0.00050
Cellulomonas sp. zg-ZUI157	2819979	S	1071	644	1715	0.00046
Cellulomonas fimi	1708	S	1395	1867	3262	0.00088
Cellulomonas iranensis	76862	S	1286	969	2255	0.00061
Cellulomonas shaoxiangyii	2566013	S	1181	792	1973	0.00053
Cellulomonas flavigena	1711	S	1133	678	1811	0.00049
Cellulomonas gilvus	11	S	1010	726	1736	0.00047
Actinotalea sp. JY-7876	2758442	S	1349	794	2143	0.00058
Oerskovia sp. KBS0722	1179673	S	1064	577	1641	0.00044
Janibacter melonis	262209	S	1567	1897	3464	0.00093
Phycicoccus sp. HDW14	2714941	S	2324	1211	3535	0.00095
Phycicoccus endophyticus	1690220	S	1663	778	2441	0.00066
Pedococcus dokdonensis	443156	S	3447	1618	5065	0.00136
Intrasporangium calvum	53358	S	3195	1374	4569	0.00123
Tetrasphaera sp. HKS02	1813880	S	2664	1118	3782	0.00102
Arsenicicoccus sp. oral taxon 190	1658671	S	1405	883	2288	0.00062
Cellulosimicrobium cellulans	1710	S	2457	4338	6795	0.00183
Cellulosimicrobium sp. BI34T	2587808	S	1039	904	1943	0.00052
Xylanimonas protaetiae	2509457	S	1194	869	2063	0.00056
Xylanimonas cellulosilytica	186189	S	1025	613	1638	0.00044
Isoptericola variabilis	139208	S	1311	1153	2464	0.00066
Isoptericola dokdonensis	372663	S	1176	770	1946	0.00052
Ornithinimicrobium avium	2283195	S	1356	670	2026	0.00055
Ornithinimicrobium flavum	1288636	S	1015	674	1689	0.00045
Brevibacterium casei	33889	S	1012	2146	3158	0.00085
Dermacoccus nishinomiyaensis	1274	S	1020	748	1768	0.00048
Luteipulveratus mongoliensis	571913	S	1482	346	1828	0.00049
Allobranchiibius sp. GilTou73	2904523	S	1185	434	1619	0.00044
Georgenia yuyongxinii	2589797	S	1212	497	1709	0.00046
Georgenia sp. TF02-10	2917725	S	1196	712	1908	0.00051
Georgenia wutianyii	2585135	S	1077	618	1695	0.00046
Georgenia faecalis	2483799	S	1047	470	1517	0.00041
Haloactinobacterium kanbiaonis	2675754	S	1384	454	1838	0.00049
Pengzhenrongella sicca	2819238	S	1581	768	2349	0.00063
Luteimicrobium xylanilyticum	1133546	S	1447	760	2207	0.00059
Beutenbergia cavernae	84757	S	1669	462	2131	0.00057
Miniimonas sp. S16	2171623	S	1155	1007	2162	0.00058
Sanguibacter keddieii	60920	S	1069	549	1618	0.00044
Mycolicibacterium litorale	758802	S	1976	1871	3847	0.00104
Mycolicibacterium arabiense	1286181	S	1944	764	2708	0.00073
Mycolicibacterium sp. YH-1	2908837	S	1138	830	1968	0.00053
Mycolicibacterium smegmatis	1772	S	1672	3193	4865	0.00131
Mycolicibacterium sediminis	1286180	S	1464	741	2205	0.00059
Mycolicibacterium mageritense	53462	S	1350	723	2073	0.00056
Mycolicibacterium madagascariense	212765	S	1322	488	1810	0.00049
Mycolicibacterium gadium	1794	S	1299	643	1942	0.00052
Mycolicibacterium rutilum	370526	S	1283	1237	2520	0.00068
Mycolicibacterium rhodesiae	36814	S	1185	664	1849	0.00050
Mycolicibacterium phlei	1771	S	1165	1194	2359	0.00064
Mycolicibacterium neoaurum	1795	S	1154	673	1827	0.00049
Mycolicibacterium chubuense	1800	S	1152	769	1921	0.00052
Mycolicibacterium moriokaense	39691	S	1095	383	1478	0.00040
Mycolicibacterium fortuitum	1766	S	1079	1499	2578	0.00069
Mycolicibacterium parafortuitum	39692	S	1078	632	1710	0.00046
Mycolicibacterium psychrotolerans	216929	S	1075	691	1766	0.00048
Mycolicibacterium vaccae	1810	S	1065	633	1698	0.00046
Mycolicibacterium hassiacum	46351	S	1064	993	2057	0.00055
Mycolicibacterium chitae	1792	S	1037	716	1753	0.00047
Mycolicibacterium fluoranthenivorans	258505	S	1012	346	1358	0.00037
Mycobacterium sp. JS623	212767	S	3020	1383	4403	0.00119
Mycobacterium avium	1764	S	1572	7064	8636	0.00233
Mycobacterium marseillense	701042	S	1180	2256	3436	0.00093
Mycobacterium grossiae	1552759	S	1386	1032	2418	0.00065
Mycobacterium rufum	318424	S	1339	1070	2409	0.00065
Mycobacterium dioxanotrophicus	482462	S	1135	773	1908	0.00051
Mycobacterium conspicuum	44010	S	1123	877	2000	0.00054
Mycobacterium frederiksbergense	117567	S	1089	1159	2248	0.00061
Nocardia asteroides	1824	S	5409	2949	8358	0.00225
Nocardia brasiliensis	37326	S	3363	1484	4847	0.00131
Nocardia cyriacigeorgica	135487	S	2232	1532	3764	0.00101
Nocardia terpenica	455432	S	2166	653	2819	0.00076
Nocardia nova	37330	S	1795	443	2238	0.00060
Nocardia farcinica	37329	S	1649	1697	3346	0.00090
Nocardia arthritidis	228602	S	1502	320	1822	0.00049
Nocardia wallacei	480035	S	1302	567	1869	0.00050
Nocardia yamanashiensis	209247	S	1241	401	1642	0.00044
Nocardia huaxiensis	2755382	S	1231	398	1629	0.00044
Nocardia sp. CS682	1047172	S	1213	441	1654	0.00045
Nocardia gipuzkoensis	2749991	S	1155	609	1764	0.00047
Nocardia tengchongensis	2055889	S	1151	453	1604	0.00043
Nocardia iowensis	204891	S	1100	365	1465	0.00039
Nocardia seriolae	37332	S	1075	445	1520	0.00041
Nocardia otitidiscaviarum	1823	S	1074	356	1430	0.00039
Nocardia yunnanensis	2382165	S	1046	388	1434	0.00039
Nocardia mangyaensis	2213200	S	1040	436	1476	0.00040
Rhodococcus sp. X156	2499145	S	1158	821	1979	0.00053
Rhodococcus sp. MTM3W5.2	1805827	S	1132	1936	3068	0.00083
Rhodococcus opacus	37919	S	2673	10229	12902	0.00347
Rhodococcus equi	43767	S	1508	1110	2618	0.00070
Rhodococcus fascians	1828	S	1236	579	1815	0.00049
Gordonia polyisoprenivorans	84595	S	1434	3466	4900	0.00132
Tsukamurella paurometabola	2061	S	1372	1145	2517	0.00068
Tsukamurella tyrosinosolvens	57704	S	1215	894	2109	0.00057
Nocardioides sp. G188	2849501	S	19756	8928	28684	0.00772
Nocardioides sp. LMS-CY	2840457	S	4336	1988	6324	0.00170
Nocardioides sp. JS614	196162	S	4201	1745	5946	0.00160
Nocardioides sp. HDW12B	2714939	S	3148	1527	4675	0.00126
Nocardioides sp. S5	2017486	S	3040	2052	5092	0.00137
Nocardioides sp. zg-1228	2763008	S	3007	1858	4865	0.00131
Nocardioides sp. W7	2931390	S	2956	1405	4361	0.00117
Nocardioides sp. TF02-7	2917724	S	2933	1352	4285	0.00115
Nocardioides sp. cx-173	2898796	S	2777	1346	4123	0.00111
Nocardioides sp. zg-579	2663857	S	2775	1945	4720	0.00127
Nocardioides sp. S-1144	2582905	S	2717	1489	4206	0.00113
Nocardioides sp. InS609-2	2760705	S	2581	863	3444	0.00093
Nocardioides sp. SCSIO 67246	2872154	S	2370	903	3273	0.00088
Nocardioides sp. 603	2483798	S	2322	1491	3813	0.00103
Nocardioides sp. CF8	110319	S	2075	1140	3215	0.00087
Nocardioides sp. MC1495	2736757	S	2033	1041	3074	0.00083
Nocardioides sp. JQ2195	2592334	S	1886	575	2461	0.00066
Nocardioides sp. zg-536	2803858	S	1783	1090	2873	0.00077
Nocardioides sp. dk884	2662361	S	1624	2107	3731	0.00100
Nocardioides sp. WS12	2486272	S	1582	410	1992	0.00054
Nocardioides sp. Kera G14	2884264	S	1526	499	2025	0.00055
Nocardioides sp. ZJ1313	2685869	S	1508	1969	3477	0.00094
Nocardioides ungokensis	1643322	S	12573	6167	18740	0.00505
Nocardioides mesophilus	433659	S	6348	2841	9189	0.00247
Nocardioides cynanchi	2558918	S	6159	2184	8343	0.00225
Nocardioides anomalus	2712223	S	3979	1721	5700	0.00153
Nocardioides okcheonensis	2894081	S	3175	2060	5235	0.00141
Nocardioides euryhalodurans	2518370	S	2792	1220	4012	0.00108
Nocardioides humi	449461	S	2593	1170	3763	0.00101
Nocardioides dongkuii	2760089	S	2484	1701	4185	0.00113
Nocardioides aromaticivorans	200618	S	2353	1233	3586	0.00097
Nocardioides aquaticus	160826	S	2290	1006	3296	0.00089
Nocardioides rotundus	1774216	S	2253	1215	3468	0.00093
Nocardioides marinisabuli	419476	S	2132	1639	3771	0.00102
Nocardioides dokdonensis	450734	S	2030	1258	3288	0.00089
Nocardioides sambongensis	2589074	S	1795	749	2544	0.00069
Nocardioides seonyuensis	2518371	S	1676	635	2311	0.00062
Nocardioides houyundeii	2045452	S	1511	672	2183	0.00059
Nocardioides panacisoli	627624	S	1503	553	2056	0.00055
Nocardioides piscis	2714938	S	1463	723	2186	0.00059
Nocardioides daphniae	402297	S	1111	707	1818	0.00049
Aeromicrobium sp. Leaf245	1736306	S	1124	515	1639	0.00044
Aeromicrobium erythreum	2041	S	1287	565	1852	0.00050
Aeromicrobium chenweiae	2079793	S	1241	591	1832	0.00049
Aeromicrobium choanae	1736691	S	1161	516	1677	0.00045
Aeromicrobium yanjiei	2662028	S	1088	482	1570	0.00042
Marmoricola scoriae	642780	S	2584	1411	3995	0.00108
Pimelobacter simplex	2045	S	2282	1171	3453	0.00093
Friedmanniella luteola	546871	S	1943	569	2512	0.00068
Mumia sp. ZJ1417	2708082	S	1545	422	1967	0.00053
Microlunatus sagamiharensis	546874	S	2042	722	2764	0.00074
Microlunatus soli	630515	S	1707	238	1945	0.00052
Microlunatus elymi	2596828	S	1331	198	1529	0.00041
Microlunatus sp. Gsoil 973	2672569	S	1127	124	1251	0.00034
Microlunatus phosphovorus	29405	S	1124	199	1323	0.00036
Brevilactibacter coleopterorum	2714937	S	1114	1023	2137	0.00058
Auraticoccus monumenti	675864	S	1299	396	1695	0.00046
Kribbella flavida	182640	S	12154	3846	16000	0.00431
Kribbella qitaiheensis	1544730	S	9257	2005	11262	0.00303
Actinopolymorpha singaporensis	117157	S	4753	815	5568	0.00150
Amycolatopsis sp. WQ 127309	2932773	S	7088	2561	9649	0.00260
Amycolatopsis sp. Hca4	2742131	S	5608	2518	8126	0.00219
Amycolatopsis sp. DSM 110486	2865832	S	5471	1478	6949	0.00187
Amycolatopsis sp. FDAARGOS 1241	2778070	S	3527	1063	4590	0.00124
Amycolatopsis sp. CA-230715	2745196	S	2730	580	3310	0.00089
Amycolatopsis sp. YIM 10	2653857	S	2402	896	3298	0.00089
Amycolatopsis sp. FU40	2914159	S	1911	1035	2946	0.00079
Amycolatopsis sp. AA4	1896961	S	1672	1052	2724	0.00073
Amycolatopsis sp. BJA-103	1911175	S	1450	678	2128	0.00057
Amycolatopsis sp. TNS106	2861750	S	1080	712	1792	0.00048
Amycolatopsis pretoriensis	218821	S	8359	3343	11702	0.00315
Amycolatopsis mediterranei	33910	S	5971	8877	14848	0.00400
Amycolatopsis acidiphila	715473	S	3441	1013	4454	0.00120
Amycolatopsis keratiniphila	129921	S	1282	1277	2559	0.00069
Amycolatopsis thermalba	944492	S	2158	1153	3311	0.00089
Amycolatopsis methanolica	1814	S	2138	1065	3203	0.00086
Amycolatopsis albispora	1804986	S	2058	1475	3533	0.00095
Amycolatopsis aidingensis	2842453	S	1751	285	2036	0.00055
Amycolatopsis orientalis	31958	S	1419	559	1978	0.00053
Pseudonocardia sp. DSM 110487	2865833	S	15339	3215	18554	0.00500
Pseudonocardia sp. CGMCC 4.1532	2761535	S	3412	2454	5866	0.00158
Pseudonocardia sp. HH130630-07	1690815	S	2424	2058	4482	0.00121
Pseudonocardia sp. AL041005-10	445576	S	2337	2035	4372	0.00118
Pseudonocardia sp. HH130629-09	1641402	S	1621	2234	3855	0.00104
Pseudonocardia broussonetiae	2736640	S	4921	2221	7142	0.00192
Pseudonocardia dioxanivorans	240495	S	4913	1872	6785	0.00183
Pseudonocardia autotrophica	2074	S	2761	1052	3813	0.00103
Pseudonocardia abyssalis	2792008	S	2578	1634	4212	0.00113
Saccharopolyspora erythraea	1836	S	3723	3061	6784	0.00183
Saccharopolyspora gregorii	33914	S	2186	982	3168	0.00085
Saccharothrix syringae	103733	S	3183	1491	4674	0.00126
Saccharothrix sp. 6-C	2781735	S	2751	1248	3999	0.00108
Saccharothrix espanaensis	103731	S	2422	972	3394	0.00091
Kutzneria sp. CA-103260	2802641	S	3780	1179	4959	0.00134
Kutzneria albida	43357	S	2425	797	3222	0.00087
Saccharomonospora marina	632569	S	1464	459	1923	0.00052
Saccharomonospora azurea	40988	S	1006	678	1684	0.00045
Lentzea guizhouensis	1586287	S	5130	1549	6679	0.00180
Actinoalloteichus hymeniacidonis	340345	S	1755	608	2363	0.00064
Actinoalloteichus hoggarensis	1470176	S	1213	1106	2319	0.00062
Actinosynnema pretiosum	42197	S	1041	3110	4151	0.00112
Kibdelosporangium phytohabitans	860235	S	2762	468	3230	0.00087
Allokutzneria albata	211114	S	2243	773	3016	0.00081
Alloactinosynnema sp. L-07	1653480	S	2036	643	2679	0.00072
Prauserella marina	530584	S	1277	165	1442	0.00039
Allosaccharopolyspora coralli	2665642	S	1007	308	1315	0.00035
Micromonospora sp. WMMC415	2675222	S	1684	909	2593	0.00070
Micromonospora sp. WMMA2032	2039870	S	1468	1424	2892	0.00078
Micromonospora sp. HM134	2583243	S	1322	895	2217	0.00060
Micromonospora sp. B006	2201999	S	1267	1509	2776	0.00075
Micromonospora terminaliae	1914461	S	3538	2683	6221	0.00167
Micromonospora carbonacea	47853	S	2041	1341	3382	0.00091
Micromonospora inositola	47865	S	1987	1456	3443	0.00093
Micromonospora echinofusca	47858	S	1940	1287	3227	0.00087
Micromonospora echinaurantiaca	47857	S	1938	1359	3297	0.00089
Micromonospora krabiensis	307121	S	1911	955	2866	0.00077
Micromonospora viridifaciens	1881	S	1679	1094	2773	0.00075
Micromonospora auratinigra	261654	S	1656	1306	2962	0.00080
Micromonospora ferruginea	2749844	S	1648	1438	3086	0.00083
Micromonospora coriariae	285665	S	1606	854	2460	0.00066
Micromonospora purpureochromogenes	47872	S	1602	1272	2874	0.00077
Micromonospora narathiwatensis	299146	S	1504	1067	2571	0.00069
Micromonospora siamensis	299152	S	1499	1066	2565	0.00069
Micromonospora echinospora	1877	S	1423	739	2162	0.00058
Micromonospora coxensis	356852	S	1401	1152	2553	0.00069
Micromonospora maris	1003110	S	1346	579	1925	0.00052
Micromonospora zamorensis	709883	S	1328	644	1972	0.00053
Micromonospora endophytica (Xie et al. 2001) Li et al. 2019	515350	S	1307	560	1867	0.00050
Micromonospora chokoriensis	356851	S	1306	636	1942	0.00052
Micromonospora sagamiensis	47875	S	1291	738	2029	0.00055
Micromonospora rifamycinica	291594	S	1235	848	2083	0.00056
Micromonospora craniellae	2294034	S	1062	829	1891	0.00051
Actinoplanes sp. L3-i22	2836373	S	4523	3511	8034	0.00216
Actinoplanes sp. N902-109	649831	S	3423	1331	4754	0.00128
Actinoplanes sp. OR16	946334	S	3025	1666	4691	0.00126
Actinoplanes ianthinogenes	122358	S	3467	1733	5200	0.00140
Actinoplanes friuliensis	196914	S	3428	782	4210	0.00113
Actinoplanes missouriensis	1866	S	2757	1142	3899	0.00105
Actinoplanes teichomyceticus	1867	S	2651	1428	4079	0.00110
Actinoplanes derwentensis	113562	S	2488	529	3017	0.00081
Dactylosporangium vinaceum	53362	S	8656	1478	10134	0.00273
Phytohabitans suffuscus	624315	S	3818	1213	5031	0.00135
Phytohabitans flavus	1076124	S	2999	728	3727	0.00100
Actinocatenispora thailandica	227318	S	2419	807	3226	0.00087
Actinocatenispora sera	390989	S	2283	802	3085	0.00083
Plantactinospora sp. KBS50	2024580	S	2105	2837	4942	0.00133
Catellatospora sp. IY07-71	2728827	S	4041	1364	5405	0.00146
Couchioplanes caeruleus	56438	S	3769	1341	5110	0.00138
Polymorphospora rubra	338584	S	2475	784	3259	0.00088
Natronosporangium hydrolyticum	2811111	S	1493	164	1657	0.00045
Verrucosispora sp. NA02020	2742132	S	1131	1037	2168	0.00058
Actinomadura sp. WMMA1423	2591108	S	7619	3106	10725	0.00289
Actinomadura sp. NAK00032	2742128	S	5575	2702	8277	0.00223
Actinomadura sp. WMMB 499	1219491	S	4116	1432	5548	0.00149
Actinomadura verrucosospora	46165	S	7517	3162	10679	0.00288
Actinomadura madurae	1993	S	7207	2949	10156	0.00273
Actinomadura graeca	2750812	S	3495	1172	4667	0.00126
Thermomonospora amylolytica	1411117	S	2466	1330	3796	0.00102
Thermomonospora curvata	2020	S	1617	729	2346	0.00063
Nonomuraea nitratireducens	2656914	S	4169	1316	5485	0.00148
Nonomuraea sp. ATCC 55076	1909395	S	3950	1730	5680	0.00153
Nonomuraea coxensis	404386	S	3629	1537	5166	0.00139
Nonomuraea gerenzanensis	93944	S	3500	1591	5091	0.00137
Streptosporangium roseum	2001	S	4151	1598	5749	0.00155
Streptosporangium sp. 'caverna'	2202249	S	4099	1252	5351	0.00144
Thermobispora bispora	2006	S	1901	664	2565	0.00069
Nocardiopsis sp. MT53	2865672	S	1543	1395	2938	0.00079
Nocardiopsis gilva	280236	S	1225	516	1741	0.00047
Streptomonospora litoralis	2498135	S	1309	446	1755	0.00047
Spiractinospora alimapuensis	2820884	S	1008	108	1116	0.00030
Blastococcus sp. PRF04-17	2933797	S	6490	3352	9842	0.00265
Blastococcus saxobsidens	138336	S	5103	2334	7437	0.00200
Modestobacter marinus	477641	S	5191	2708	7899	0.00213
Modestobacter sp. L9-4	2851567	S	3194	1845	5039	0.00136
Geodermatophilus obscurus	1861	S	5583	2812	8395	0.00226
Frankia inefficax	298654	S	3567	699	4266	0.00115
Frankia sp. QA3	710111	S	1320	637	1957	0.00053
Frankia sp. ArI3	1858	S	1047	773	1820	0.00049
Candidatus Frankia datiscae	2716812	S	1410	531	1941	0.00052
Frankia alni	1859	S	1232	954	2186	0.00059
Frankia casuarinae	106370	S	1131	184	1315	0.00035
Jiangella sp. DSM 45060	1798224	S	3540	1359	4899	0.00132
Jiangella alkaliphila	419479	S	2916	1077	3993	0.00108
Nakamurella multipartita	53461	S	2083	607	2690	0.00072
Nakamurella sp. PAMC28650	2762325	S	1118	173	1291	0.00035
Nakamurella panacisegetis	1090615	S	1115	225	1340	0.00036
Catenulispora acidiphila	304895	S	3693	848	4541	0.00122
Jatrophihabitans sp. GAS493	1907575	S	1482	232	1714	0.00046
Jatrophihabitans telluris	2038343	S	1476	211	1687	0.00045
Stackebrandtia nassauensis	283811	S	1534	222	1756	0.00047
Kineococcus radiotolerans	131568	S	1358	598	1956	0.00053
Epidermidibacterium keratini	1891644	S	1023	698	1721	0.00046
Conexibacter sp. SYSU D00693	2812560	S	20137	7327	27464	0.00739
Conexibacter sp. S30A1	2937800	S	5980	949	6929	0.00187
Conexibacter sp. DBS9H8	2937801	S	5639	767	6406	0.00172
Conexibacter woesei	191495	S	23107	6480	29587	0.00797
Miltoncostaea marina	2843215	S	5608	2227	7835	0.00211
Miltoncostaea oceani	2843216	S	5589	1301	6890	0.00186
Baekduia soli	496014	S	21624	5532	27156	0.00731
Rubrobacter xylanophilus	49319	S	2939	671	3610	0.00097
Rubrobacter marinus	2653852	S	2043	228	2271	0.00061
Rubrobacter tropicus	2653851	S	1728	171	1899	0.00051
Rubrobacter radiotolerans	42256	S	1055	159	1214	0.00033
Aquihabitans sp. Kera 3	2884263	S	3682	846	4528	0.00122
Aquihabitans sp. G128	2849779	S	3173	882	4055	0.00109
Iamia sp. SCSIO 61187	2722752	S	3309	717	4026	0.00108
Actinomarinicola tropica	2789776	S	3221	886	4107	0.00111
Ilumatobacter coccineus	467094	S	1740	173	1913	0.00052
Egibacter rhizosphaerae	1670831	S	2033	174	2207	0.00059
Egicoccus halophilus	1670830	S	1644	368	2012	0.00054
Euzebya pacifica	1608957	S	1606	190	1796	0.00048
Priestia megaterium	1404	S	5359	13857	19216	0.00517
Sphaerobacter thermophilus	2057	S	2535	333	2868	0.00077
Tepidiforma bonchosmolovskayae	2601677	S	1527	159	1686	0.00045
Candidatus Promineofilum breve	1806508	S	1292	64	1356	0.00037
Bradyrhizobium sp. 200	2782665	S	19991	6887	26878	0.00724
Bradyrhizobium sp. 170	2782641	S	17758	6817	24575	0.00662
Bradyrhizobium sp. CCBAU 051011	858422	S	9009	2419	11428	0.00308
Bradyrhizobium sp. CCBAU 51753	1325100	S	6647	2229	8876	0.00239
Bradyrhizobium sp. 195	2782662	S	4511	2364	6875	0.00185
Bradyrhizobium sp. CCBAU 53351	1325114	S	4503	3045	7548	0.00203
Bradyrhizobium sp. A19	2898149	S	4395	1272	5667	0.00153
Bradyrhizobium sp. 186	2782654	S	4346	1758	6104	0.00164
Bradyrhizobium sp. SK17	2057741	S	4273	2590	6863	0.00185
Bradyrhizobium sp. BTAi1	288000	S	4051	1258	5309	0.00143
Bradyrhizobium sp. ORS 278	114615	S	3976	1525	5501	0.00148
Bradyrhizobium sp. ORS 285	115808	S	3950	1458	5408	0.00146
Bradyrhizobium sp. CCBAU 53421	1325120	S	3675	1702	5377	0.00145
Bradyrhizobium sp. CCBAU 53340	1325112	S	2864	1476	4340	0.00117
Bradyrhizobium sp. 6(2017)	1197460	S	2862	1827	4689	0.00126
Bradyrhizobium sp. CCBAU 53338	1325111	S	2860	1557	4417	0.00119
Bradyrhizobium sp. 1(2017)	1404888	S	2826	1305	4131	0.00111
Bradyrhizobium sp. S2-11-2	2840472	S	2463	3043	5506	0.00148
Bradyrhizobium sp. 41S5	1404443	S	2102	1884	3986	0.00107
Bradyrhizobium sp. S2-20-1	2840469	S	1981	2609	4590	0.00124
Bradyrhizobium sp. S2-11-4	2840473	S	1930	2806	4736	0.00128
Bradyrhizobium sp. CCGE-LA001	1223566	S	1911	1003	2914	0.00078
Bradyrhizobium sp. I71	2590772	S	1576	2185	3761	0.00101
Bradyrhizobium sp. 191	2782659	S	1505	2330	3835	0.00103
Bradyrhizobium sp. CCBAU 51765	1325102	S	1488	2088	3576	0.00096
Bradyrhizobium sp. C-145	574727	S	1053	1265	2318	0.00062
Bradyrhizobium erythrophlei	1437360	S	19683	2503	22186	0.00597
Bradyrhizobium diazoefficiens	1355477	S	11366	23383	34749	0.00936
Bradyrhizobium paxllaeri	190148	S	7560	1900	9460	0.00255
Bradyrhizobium icense	1274631	S	6971	1400	8371	0.00225
Bradyrhizobium lablabi	722472	S	6537	8341	14878	0.00401
Bradyrhizobium canariense	255045	S	5735	10462	16197	0.00436
Bradyrhizobium japonicum	375	S	5393	9264	14657	0.00395
Bradyrhizobium genosp. L	83637	S	4649	1422	6071	0.00163
Bradyrhizobium arachidis	858423	S	3782	1445	5227	0.00141
Bradyrhizobium oligotrophicum	44255	S	3546	989	4535	0.00122
Bradyrhizobium genosp. B	83627	S	2878	881	3759	0.00101
Bradyrhizobium quebecense	2748629	S	2859	2031	4890	0.00132
Bradyrhizobium cosmicum	1404864	S	2689	1195	3884	0.00105
Bradyrhizobium guangdongense	1325090	S	2614	1343	3957	0.00107
Bradyrhizobium guangzhouense	1325095	S	2524	1243	3767	0.00101
Bradyrhizobium symbiodeficiens	1404367	S	2504	4481	6985	0.00188
Bradyrhizobium vignae	1549949	S	2441	814	3255	0.00088
Bradyrhizobium septentrionale	1404411	S	2363	1770	4133	0.00111
Bradyrhizobium guangxiense	1325115	S	2185	1230	3415	0.00092
Bradyrhizobium amphicarpaeae	1404768	S	1977	1086	3063	0.00082
Bradyrhizobium betae	244734	S	1624	1139	2763	0.00074
Bradyrhizobium daqingense	993502	S	1550	1066	2616	0.00070
Bradyrhizobium elkanii	29448	S	1484	5504	6988	0.00188
Bradyrhizobium zhanjiangense	1325107	S	1036	1227	2263	0.00061
Rhodopseudomonas palustris	1076	S	10430	5544	15974	0.00430
Rhodopseudomonas sp. SK50-23	340268	S	1608	460	2068	0.00056
Rhodopseudomonas boonkerdii	475937	S	1546	525	2071	0.00056
Nitrobacter hamburgensis	912	S	3712	855	4567	0.00123
Nitrobacter winogradskyi	913	S	1466	438	1904	0.00051
Afipia sp. GAS231	1882747	S	2487	1708	4195	0.00113
Afipia carboxidovorans	40137	S	2014	1024	3038	0.00082
Variibacter gotjawalensis	1333996	S	3050	427	3477	0.00094
Rhizobium sp. WYJ-E13	2849093	S	2028	2715	4743	0.00128
Rhizobium leguminosarum	384	S	3830	10492	14322	0.00386
Rhizobium etli	29449	S	1029	2441	3470	0.00093
Agrobacterium tumefaciens	358	S	1743	3907	5650	0.00152
Agrobacterium vitis	373	S	1051	282	1333	0.00036
Neorhizobium galegae	399	S	1885	962	2847	0.00077
Ensifer adhaerens	106592	S	29747	12664	42411	0.01142
Ensifer mexicanus	375549	S	1032	272	1304	0.00035
Sinorhizobium fredii	380	S	2112	4208	6320	0.00170
Sinorhizobium meliloti	382	S	1553	866	2419	0.00065
Shinella sp. HZN7	879274	S	1139	2269	3408	0.00092
Mesorhizobium sp. B2-8-5	2589903	S	2496	2438	4934	0.00133
Mesorhizobium sp. B2-1-1	2589974	S	1951	1489	3440	0.00093
Mesorhizobium sp. 8	2584466	S	1810	878	2688	0.00072
Mesorhizobium sp. J8	2777475	S	1803	1703	3506	0.00094
Mesorhizobium sp. M1B.F.Ca.ET.045.04.1.1	2493673	S	1252	1791	3043	0.00082
Mesorhizobium sp. B1-1-8	2589976	S	1228	893	2121	0.00057
Mesorhizobium sp. DCY119	2108445	S	1213	541	1754	0.00047
Mesorhizobium sp. M1D.F.Ca.ET.043.01.1.1	2493669	S	1158	2635	3793	0.00102
Mesorhizobium sp. M1A.F.Ca.IN.022.06.1.1	2493680	S	1136	1546	2682	0.00072
Mesorhizobium sp. Pch-S	2082387	S	1130	321	1451	0.00039
Mesorhizobium sp. M1E.F.Ca.ET.045.02.1.1	2493672	S	1089	2076	3165	0.00085
Mesorhizobium sp. 131-2-1	2744518	S	1084	2292	3376	0.00091
Mesorhizobium sp. M3A.F.Ca.ET.080.04.2.1	2493676	S	1050	1253	2303	0.00062
Mesorhizobium sp. INR15	2654248	S	1018	446	1464	0.00039
Mesorhizobium terrae	2725666	S	1087	673	1760	0.00047
Mesorhizobium opportunistum	593909	S	1071	3034	4105	0.00111
Aquibium microcysteis	675281	S	1912	986	2898	0.00078
Aquibium oceanicum	1670800	S	1395	641	2036	0.00055
Aminobacter sp. MSH1	374606	S	1073	2449	3522	0.00095
Nitratireductor sp. SY7	2599600	S	1190	444	1634	0.00044
Roseitalea porphyridii	1852022	S	1001	334	1335	0.00036
Methylobacterium sp. 17Sr1-1	2202826	S	1218	1238	2456	0.00066
Methylobacterium sp. WL1	2603276	S	1163	505	1668	0.00045
Methylobacterium nodulans	114616	S	2602	696	3298	0.00089
Methylobacterium aquaticum	270351	S	2497	2325	4822	0.00130
Methylobacterium durans	2202825	S	1787	513	2300	0.00062
Methylobacterium currus	2051553	S	1674	1494	3168	0.00085
Methylobacterium radiodurans	2202828	S	1494	730	2224	0.00060
Methylobacterium tardum	374432	S	1389	1036	2425	0.00065
Methylobacterium mesophilicum	39956	S	1288	563	1851	0.00050
Methylobacterium terrae	2202827	S	1285	1276	2561	0.00069
Methylobacterium organophilum	410	S	1264	1589	2853	0.00077
Methylobacterium brachiatum	269660	S	1228	870	2098	0.00056
Methylobacterium oryzae	334852	S	1068	3262	4330	0.00117
Methylobacterium indicum	1775910	S	1051	1116	2167	0.00058
Microvirga sp. VF16	2807101	S	2050	496	2546	0.00069
Microvirga sp. 17 mud 1-3	2082949	S	1158	408	1566	0.00042
Microvirga ossetica	1882682	S	2271	630	2901	0.00078
Microvirga thermotolerans	2651334	S	1417	698	2115	0.00057
Methylorubrum populi	223967	S	2124	1691	3815	0.00103
Methylorubrum extorquens	408	S	1633	3882	5515	0.00149
Pseudolabrys taiwanensis	331696	S	13050	3784	16834	0.00453
Pseudolabrys sp. FHR47	2562284	S	7815	2437	10252	0.00276
Starkeya sp. ORNL1	2709380	S	2462	870	3332	0.00090
Starkeya novella	921	S	1824	1133	2957	0.00080
Xanthobacter dioxanivorans	2528964	S	1969	2097	4066	0.00109
Ancylobacter polymorphus	223390	S	1470	1157	2627	0.00071
Ancylobacter sp. TS-1	1850374	S	1292	906	2198	0.00059
Ancylobacter pratisalsi	1745854	S	1128	434	1562	0.00042
Labrys sp. KNU-23	2789216	S	1678	333	2011	0.00054
Azorhizobium caulinodans	7	S	1413	557	1970	0.00053
Rhodoplanes sp. Z2-YC6860	674703	S	25421	4215	29636	0.00798
Hyphomicrobium denitrificans	53399	S	2851	453	3304	0.00089
Hyphomicrobium sp. MC1	717785	S	1438	149	1587	0.00043
Hyphomicrobium nitrativorans	1427356	S	1390	231	1621	0.00044
Methyloligella sp. GL2	2742204	S	1376	321	1697	0.00046
Aquabacter sp. L1I39	2820278	S	1208	338	1546	0.00042
Bosea sp. ANAM02	2020412	S	2650	1405	4055	0.00109
Bosea sp. Tri-49	1867715	S	2270	802	3072	0.00083
Bosea sp. F3-2	2599640	S	2182	1007	3189	0.00086
Bosea sp. AS-1	2015316	S	2062	938	3000	0.00081
Bosea sp. RAC05	1842539	S	1771	858	2629	0.00071
Bosea sp. PAMC 26642	1792307	S	1479	471	1950	0.00053
Bosea vaviloviae	1526658	S	1760	635	2395	0.00065
Devosia sp. A16	1736675	S	1828	1187	3015	0.00081
Aureimonas sp. SA4125	2826993	S	1224	505	1729	0.00047
Aureimonas sp. AU20	1349819	S	1108	440	1548	0.00042
Aurantimonas sp. HBX-1	2906072	S	1500	820	2320	0.00062
Pseudorhodoplanes sinuspersici	1235591	S	4244	533	4777	0.00129
Nordella sp. HKS 07	2712222	S	3930	412	4342	0.00117
Methylocystis bryophila	655015	S	1075	519	1594	0.00043
Methylocystis parvus	134	S	1016	823	1839	0.00050
Methylosinus trichosporium	426	S	1336	430	1766	0.00048
Methylosinus sp. C49	2699395	S	1120	358	1478	0.00040
Phreatobacter stygius	1940610	S	2728	709	3437	0.00093
Phreatobacter cathodiphilus	1868589	S	1930	1017	2947	0.00079
Phreatobacter sp. NMCR1094	2570229	S	1650	539	2189	0.00059
Stappia indica	538381	S	1570	759	2329	0.00063
Pannonibacter phragmitetus	121719	S	1130	1690	2820	0.00076
Methylocella silvestris	199596	S	1087	258	1345	0.00036
Blastochloris tepida	2233851	S	1980	1165	3145	0.00085
Blastochloris viridis	1079	S	1777	856	2633	0.00071
Kaustia mangrovi	2593653	S	1817	380	2197	0.00059
Chelatococcus sp. CO-6	1702325	S	1536	1695	3231	0.00087
Kaistia sp. 32K	2795690	S	2248	1037	3285	0.00088
Acuticoccus sp. I52.16.1	2928472	S	1987	471	2458	0.00066
Breoghania sp. L-A4	2304600	S	1263	342	1605	0.00043
Hartmannibacter diazotrophicus	1482074	S	1219	401	1620	0.00044
Sphingomonas sp. S8-45	2938948	S	1686	620	2306	0.00062
Sphingomonas sp. DM2-R-LB4	2899123	S	1676	1919	3595	0.00097
Sphingomonas sp. HDW15A	2714942	S	1354	323	1677	0.00045
Sphingomonas sp. CL5.1	2653203	S	1321	1349	2670	0.00072
Sphingomonas sp. AK-PDB1-5	2872652	S	1299	601	1900	0.00051
Sphingomonas sp. Cra20	1327635	S	1134	465	1599	0.00043
Sphingomonas sp. AAP5	1523415	S	1072	801	1873	0.00050
Sphingomonas sp. AP4-R1	2735134	S	1047	385	1432	0.00039
Sphingomonas sp. MM-1	745310	S	1040	4159	5199	0.00140
Sphingomonas sp. LM7	1938607	S	1025	581	1606	0.00043
Sphingomonas lutea	1045317	S	4932	1954	6886	0.00185
Sphingomonas sediminicola	386874	S	3394	973	4367	0.00118
Sphingomonas daechungensis	1176646	S	3265	952	4217	0.00114
Sphingomonas sabuli	2764186	S	2769	1069	3838	0.00103
Sphingomonas ginsengisoli An et al. 2013	363835	S	2689	1132	3821	0.00103
Sphingomonas sinipercae	2714944	S	2615	1075	3690	0.00099
Sphingomonas rhizophila	2071607	S	1863	1367	3230	0.00087
Sphingomonas piscis	2714943	S	1833	517	2350	0.00063
Sphingomonas alpina	653931	S	1564	392	1956	0.00053
Sphingomonas sanxanigenens	397260	S	1410	2061	3471	0.00093
Sphingomonas profundi	2681549	S	1367	656	2023	0.00054
Sphingomonas xanthus	2594473	S	1224	761	1985	0.00053
Sphingomonas panacis	1560345	S	1112	488	1600	0.00043
Sphingomonas hengshuiensis	1609977	S	1068	414	1482	0.00040
Sphingomonas taxi	1549858	S	1018	923	1941	0.00052
Sphingopyxis macrogoltabida	33050	S	1360	3762	5122	0.00138
Rhizorhabdus wittichii	160791	S	1686	3005	4691	0.00126
Rhizorhabdus dicambivorans	1850238	S	1017	2586	3603	0.00097
Allosphingosinicella indica	941907	S	1242	493	1735	0.00047
Sphingosinicella sp. BN140058	1892855	S	1566	482	2048	0.00055
Azospirillum sp. B510	137722	S	1011	975	1986	0.00053
Azospirillum brasilense	192	S	3253	6322	9575	0.00258
Azospirillum thermophilum	2202148	S	2095	1394	3489	0.00094
Azospirillum thiophilum	528244	S	1285	1076	2361	0.00064
Skermanella mucosa	1789672	S	1144	1200	2344	0.00063
Skermanella sp. TT6	2775420	S	1034	2071	3105	0.00084
Skermanella rosea	1817965	S	1013	1330	2343	0.00063
Nitrospirillum amazonense	28077	S	1493	515	2008	0.00054
Indioceanicola profundi	2220096	S	1039	448	1487	0.00040
Roseomonas sp. OT10	2897332	S	2090	1742	3832	0.00103
Roseomonas sp. S08	1750527	S	1997	461	2458	0.00066
Roseomonas gilardii	257708	S	1601	2804	4405	0.00119
Roseomonas haemaphysalidis	2768162	S	1476	593	2069	0.00056
Roseomonas marmotae	2768161	S	1258	513	1771	0.00048
Rhodovastum atsumiense	504468	S	2876	1048	3924	0.00106
Acidibrevibacterium fodinaquatile	1969806	S	1443	467	1910	0.00051
Roseococcus microcysteis	2771361	S	1256	498	1754	0.00047
Lichenicola cladoniae	1484109	S	1181	219	1400	0.00038
Sediminicoccus rosea	1225128	S	1111	247	1358	0.00037
Hypericibacter adhaerens	2602016	S	3105	1284	4389	0.00118
Hypericibacter terrae	2602015	S	3010	891	3901	0.00105
Rhodospirillum centenum	34018	S	1359	913	2272	0.00061
Tistrella mobilis	171437	S	1565	2208	3773	0.00102
Ferrovibrio terrae	2594003	S	1382	340	1722	0.00046
Stella humosa	94	S	3558	963	4521	0.00122
Elioraea tepida	2843330	S	1612	298	1910	0.00051
Cereibacter sphaeroides	1063	S	1755	3509	5264	0.00142
Polymorphum gilvum	991904	S	1306	1146	2452	0.00066
Paroceanicella profunda	2579971	S	1088	2096	3184	0.00086
Caulobacter sp. S6	2823693	S	1783	469	2252	0.00061
Caulobacter segnis	88688	S	1933	1466	3399	0.00092
Caulobacter mirabilis	69666	S	1450	592	2042	0.00055
Caulobacter flavus	1679497	S	1295	638	1933	0.00052
Caulobacter vibrioides	155892	S	1274	784	2058	0.00055
Caulobacter rhizosphaerae	2010972	S	1142	516	1658	0.00045
Caulobacter soli	2708539	S	1044	516	1560	0.00042
Phenylobacterium zucineum	284016	S	2612	1325	3937	0.00106
Terricaulis silvestris	2686094	S	1333	144	1477	0.00040
Burkholderia multivorans	87883	S	2403	2601	5004	0.00135
Burkholderia ubonensis	101571	S	2313	3499	5812	0.00156
Burkholderia cenocepacia	95486	S	1872	13628	15500	0.00417
Burkholderia cepacia	292	S	1596	3280	4876	0.00131
Burkholderia pyrrocinia	60550	S	1029	1349	2378	0.00064
Burkholderia pseudomallei	28450	S	1070	30657	31727	0.00854
Burkholderia sp. DHOD12	2571746	S	1263	986	2249	0.00061
Burkholderia gladioli	28095	S	2766	2267	5033	0.00136
Paraburkholderia sp. SOS3	1926494	S	1012	423	1435	0.00039
Paraburkholderia edwinii	2861782	S	1414	514	1928	0.00052
Paraburkholderia pallida	2547399	S	1331	637	1968	0.00053
Paraburkholderia caribensis	75105	S	1313	2769	4082	0.00110
Paraburkholderia aromaticivorans	2026199	S	1246	1526	2772	0.00075
Paraburkholderia graminis	60548	S	1202	799	2001	0.00054
Paraburkholderia tropica	92647	S	1026	602	1628	0.00044
Paraburkholderia acidisoli	2571748	S	1022	481	1503	0.00040
Paraburkholderia acidiphila	2571747	S	1013	522	1535	0.00041
Cupriavidus taiwanensis	164546	S	3674	7519	11193	0.00301
Cupriavidus pauculus	82633	S	3200	3542	6742	0.00182
Cupriavidus necator	106590	S	1594	3083	4677	0.00126
Cupriavidus basilensis	68895	S	1577	2278	3855	0.00104
Cupriavidus oxalaticus	96344	S	1539	1725	3264	0.00088
Cupriavidus campinensis	151783	S	1276	1150	2426	0.00065
Cupriavidus metallidurans	119219	S	1012	1783	2795	0.00075
Caballeronia zhejiangensis	871203	S	1106	844	1950	0.00053
Ralstonia solanacearum	305	S	2308	8444	10752	0.00289
Variovorax sp. HW608	1034889	S	2620	1162	3782	0.00102
Variovorax sp. PBS-H4	434008	S	1247	2146	3393	0.00091
Variovorax sp. PBL-H6	434009	S	1111	3224	4335	0.00117
Variovorax sp. RA8	662548	S	1067	2395	3462	0.00093
Variovorax sp. WDL1	207745	S	1062	5043	6105	0.00164
Variovorax paradoxus	34073	S	4632	9546	14178	0.00382
Hydrogenophaga sp. BA0156	2716225	S	1000	2795	3795	0.00102
Acidovorax avenae	80867	S	1384	2112	3496	0.00094
Rhodoferax koreense	1842727	S	1149	1770	2919	0.00079
Ramlibacter tataouinensis	94132	S	4114	3970	8084	0.00218
Schlegelella thermodepolymerans	215580	S	1393	1736	3129	0.00084
Schlegelella brevitalea	413882	S	1380	508	1888	0.00051
Kinneretia sp. DAIF2	2714952	S	1360	1311	2671	0.00072
Alicycliphilus denitrificans	179636	S	1266	5538	6804	0.00183
Massilia sp. WG5	1707785	S	2230	3254	5484	0.00148
Massilia sp. LPB0304	2769491	S	1218	1477	2695	0.00073
Massilia sp. HC52	2852099	S	1018	1095	2113	0.00057
Massilia putida	1141883	S	2009	1723	3732	0.00100
Massilia violaceinigra	2045208	S	1474	1169	2643	0.00071
Massilia flava	871742	S	1413	950	2363	0.00064
Duganella sp. GN2-R2	2728020	S	1309	1239	2548	0.00069
Noviherbaspirillum sp. UKPF54	2601898	S	1129	538	1667	0.00045
Achromobacter xylosoxidans	85698	S	2449	10679	13128	0.00353
Achromobacter spanius	217203	S	1413	1594	3007	0.00081
Achromobacter denitrificans	32002	S	1197	2156	3353	0.00090
Bordetella bronchialis	463025	S	1006	2517	3523	0.00095
Pigmentiphaga sp. H8	2488560	S	1617	572	2189	0.00059
Rhizobacter sp. AJA081-3	2753607	S	1865	1092	2957	0.00080
Rhizobacter gummiphilus	946333	S	1739	827	2566	0.00069
Sphaerotilus natans	34103	S	1180	1114	2294	0.00062
Sphaerotilus sp. FB-5	2914710	S	1172	2121	3293	0.00089
Rubrivivax gelatinosus	28068	S	1850	1411	3261	0.00088
Mitsuaria sp. 7	1658665	S	1455	700	2155	0.00058
Aquincola tertiaricarbonis	391953	S	1349	1205	2554	0.00069
Leptothrix cholodnii	34029	S	1332	995	2327	0.00063
Xylophilus rhododendri	2697032	S	1110	815	1925	0.00052
Thauera sp. MZ1T	85643	S	1237	3753	4990	0.00134
Thauera sp. K11	2005884	S	1116	1804	2920	0.00079
Azoarcus sp. KH32C	748247	S	1407	651	2058	0.00055
Azoarcus olearius	418699	S	1057	994	2051	0.00055
Aromatoleum petrolei	76116	S	1253	1239	2492	0.00067
Azospira restricta	404405	S	1929	3158	5087	0.00137
Ferribacterium limneticum	76259	S	1198	550	1748	0.00047
Usitatibacter rugosus	2732067	S	4405	1207	5612	0.00151
Usitatibacter palustris	2732487	S	3288	947	4235	0.00114
Thiobacillus denitrificans	36861	S	1164	677	1841	0.00050
Lysobacter sp. KIS68-7	2904252	S	5005	2661	7666	0.00206
Lysobacter sp. TY2-98	2290922	S	1500	680	2180	0.00059
Lysobacter sp. S4-A87	2925843	S	1097	910	2007	0.00054
Lysobacter sp. 5GHs7-4	2904253	S	1024	813	1837	0.00049
Lysobacter soli	453783	S	3879	2214	6093	0.00164
Lysobacter enzymogenes	69	S	2917	2647	5564	0.00150
Lysobacter capsici	435897	S	2008	4620	6628	0.00178
Lysobacter solisilvae (ex Woo and Kim 2022)	2865112	S	1360	1090	2450	0.00066
Lysobacter lycopersici	1324796	S	1191	697	1888	0.00051
Lysobacter solisilvae (ex Kim et al. 2021)	2763317	S	1187	663	1850	0.00050
Lysobacter antibioticus	84531	S	1169	640	1809	0.00049
Lysobacter arenosi	2795387	S	1092	893	1985	0.00053
Xanthomonas translucens	343	S	1279	6106	7385	0.00199
Xanthomonas campestris	339	S	1009	4045	5054	0.00136
Stenotrophomonas maltophilia	40324	S	3016	11443	14459	0.00389
Stenotrophomonas rhizophila	216778	S	1250	994	2244	0.00060
Pseudoxanthomonas suwonensis	314722	S	1495	2864	4359	0.00117
Rhodanobacter denitrificans	666685	S	1272	1465	2737	0.00074
Frateuria sp. 5GH9-34	2898793	S	1361	1286	2647	0.00071
Dokdonella koreensis	323415	S	1928	1048	2976	0.00080
Pseudomonas fluorescens	294	S	2369	5175	7544	0.00203
Pseudomonas aeruginosa	287	S	2094	48531	50625	0.01363
Pseudomonas putida	303	S	2842	10058	12900	0.00347
Pseudomonas stutzeri	316	S	2975	5907	8882	0.00239
Pseudomonas chlororaphis	587753	S	1338	3972	5310	0.00143
Spiribacter sp. E85	2182432	S	1106	681	1787	0.00048
Sulfurifustis variabilis	1675686	S	1900	376	2276	0.00061
Solimonas sp. K1W22B-7	2303331	S	1308	449	1757	0.00047
Corallococcus coralloides	184914	S	3408	1548	4956	0.00133
Corallococcus sp. EGB	1521117	S	1680	666	2346	0.00063
Corallococcus macrosporus	35	S	1627	362	1989	0.00054
Myxococcus xanthus	34	S	2724	36127	38851	0.01046
Myxococcus hansupus	1297742	S	1519	186	1705	0.00046
Myxococcus stipitatus	83455	S	1360	171	1531	0.00041
Myxococcus sp. SCHIC003	2813577	S	1136	145	1281	0.00035
Pyxidicoccus sp. SCPEA002	2813578	S	3742	286	4028	0.00108
Anaeromyxobacter sp. Red232	2918170	S	5557	1105	6662	0.00179
Anaeromyxobacter sp. Fw109-5	404589	S	4195	1038	5233	0.00141
Anaeromyxobacter sp. Red630	2918171	S	4134	1140	5274	0.00142
Anaeromyxobacter dehalogenans	161493	S	3050	4773	7823	0.00211
Archangium violaceum	83451	S	6631	1710	8341	0.00225
Archangium gephyra	48	S	3049	873	3922	0.00106
Stigmatella aurantiaca	41	S	3054	336	3390	0.00091
Cystobacter fuscus	43	S	2688	915	3603	0.00097
Melittangium boletus	83453	S	2002	635	2637	0.00071
Vulgatibacter incomptus	1391653	S	2632	445	3077	0.00083
Sorangium cellulosum	56	S	31471	6144	37615	0.01013
Polyangium aurulentum	2567896	S	7973	1064	9037	0.00243
Chondromyces crocatus	52	S	3907	283	4190	0.00113
Sandaracinus amylolyticus	927083	S	11869	1294	13163	0.00354
Labilithrix luteola	1391654	S	6646	470	7116	0.00192
Haliangium ochraceum	80816	S	5798	664	6462	0.00174
Persicimonas caeni	2292766	S	1814	133	1947	0.00052
Gemmata obscuriglobus	114	S	4885	1074	5959	0.00160
Gemmata sp. SH-PL17	1630693	S	2333	1137	3470	0.00093
Gemmata massiliana	1210884	S	2315	1006	3321	0.00089
Urbifossiella limnaea	2528023	S	9093	1163	10256	0.00276
Frigoriglobus tundricola	2774151	S	5997	1212	7209	0.00194
Limnoglobus roseus	2598579	S	4946	308	5254	0.00141
Aquisphaera giovannonii	406548	S	6854	1503	8357	0.00225
Tautonia plasticadhaerens	2527974	S	6047	745	6792	0.00183
Paludisphaera borealis	1387353	S	5269	1282	6551	0.00176
Singulisphaera acidiphila	466153	S	4634	739	5373	0.00145
Lignipirellula cremea	2528010	S	1369	237	1606	0.00043
Anatilimnocola aggregata	2528021	S	1337	213	1550	0.00042
Lacipirellula parvula	2650471	S	1606	242	1848	0.00050
Lacipirellula limnantheis	2528024	S	1495	254	1749	0.00047
Pirellulimonas nuda	2528009	S	1670	272	1942	0.00052
Botrimarina mediterranea	2528022	S	1577	212	1789	0.00048
Planctomyces sp. SH-PL62	1636152	S	4123	1662	5785	0.00156
Planctomyces sp. SH-PL14	1632864	S	2175	209	2384	0.00064
Caulifigura coniformis	2527983	S	1658	155	1813	0.00049
Maioricimonas rarisocia	2528026	S	1356	230	1586	0.00043
Alienimonas californiensis	2527989	S	1324	144	1468	0.00040
Humisphaera borealis	2807512	S	3126	140	3266	0.00088
Phycisphaera mikurensis	547188	S	1204	181	1385	0.00037
Opitutus terrae	107709	S	1893	166	2059	0.00055
Opitutus sp. GAS368	1882749	S	1721	439	2160	0.00058
Lacunisphaera limnophila	1838286	S	1234	308	1542	0.00042
Roseimicrobium sp. ORNL1	2711231	S	1279	141	1420	0.00038
Chryseolinea soli	2321403	S	1293	851	2144	0.00058
Niastella koreensis	354356	S	1037	362	1399	0.00038
Rhodothermus marinus	29549	S	1467	352	1819	0.00049
Rhodocaloribacter litoris	2558931	S	1392	571	1963	0.00053
Gemmatirosa kalamazoonesis	861299	S	21000	4171	25171	0.00678
Gemmatimonas groenlandica	2732249	S	3642	511	4153	0.00112
Gemmatimonas aurantiaca	173480	S	2399	305	2704	0.00073
Gemmatimonas phototrophica	1379270	S	2058	335	2393	0.00064
Granulicella sp. WH15	2602070	S	1591	432	2023	0.00054
Granulicella sp. 5B5	1617967	S	1153	282	1435	0.00039
Granulicella mallensis	940614	S	1356	240	1596	0.00043
Terriglobus roseus	392734	S	1755	542	2297	0.00062
Terriglobus albidus	1592106	S	1368	201	1569	0.00042
Candidatus Koribacter versatilis	658062	S	3791	218	4009	0.00108
Acidobacterium sp. 4Y35	2763107	S	1880	193	2073	0.00056
Acidobacterium capsulatum	33075	S	1737	337	2074	0.00056
Edaphobacter sp. 12200R-103	2703788	S	1134	324	1458	0.00039
Acidisarcina polymorpha	2211140	S	1220	137	1357	0.00037
Paludibaculum fermentans	1473598	S	3911	185	4096	0.00110
Luteitalea sp. TBR-22	2802971	S	9620	2655	12275	0.00331
Luteitalea pratensis	1855912	S	8778	1425	10203	0.00275
Nitrospira moscoviensis	42253	S	1616	320	1936	0.00052
Fusarium acuminatum	5515	S	1546	600	2146	0.00058
Purpureocillium lilacinum	33203	S	1181	393	1574	0.00042
Aspergillus puulaauensis	1220207	S	1462	204	1666	0.00045
Aspergillus chevalieri	182096	S	1261	403	1664	0.00045
