name	taxonomy_id	taxonomy_lvl	kraken_assigned_reads	added_reads	new_est_reads	fraction_total_reads
Streptomyces	1883	G	2095356	424261	2519617	0.15120
Kitasatospora	2063	G	53653	14896	68549	0.00411
Streptacidiphilus	228398	G	23912	5741	29653	0.00178
Yinghuangia	2805681	G	18704	2493	21197	0.00127
Microbacterium	33882	G	153098	22501	175599	0.01054
Agromyces	33877	G	49850	9974	59824	0.00359
Curtobacterium	2034	G	34231	6065	40296	0.00242
Rathayibacter	33886	G	29345	5693	35038	0.00210
Leifsonia	110932	G	25315	6807	32122	0.00193
Clavibacter	1573	G	22544	14616	37160	0.00223
Leucobacter	55968	G	21945	3507	25452	0.00153
Agrococcus	46352	G	20470	4647	25117	0.00151
Protaetiibacter	2680004	G	9916	2430	12346	0.00074
Salinibacterium	235888	G	8128	1085	9213	0.00055
Cryobacterium	69578	G	7788	939	8727	0.00052
Frondihabitans	447237	G	6457	839	7296	0.00044
Microterricola	518733	G	5725	1166	6891	0.00041
Plantibacter	190323	G	5649	621	6270	0.00038
Microcella	337004	G	5063	1444	6507	0.00039
Herbiconiux	881616	G	4106	679	4785	0.00029
Cnuibacter	1759331	G	4106	732	4838	0.00029
Gryllotalpicola	1195526	G	3854	617	4471	0.00027
Frigoribacterium	96492	G	3775	915	4690	0.00028
Mycetocola	76634	G	3704	391	4095	0.00025
Subtercola	120212	G	3405	233	3638	0.00022
Humibacter	427753	G	3016	553	3569	0.00021
Chryseoglobus	1331730	G	2879	483	3362	0.00020
Amnibacterium	1029631	G	2755	547	3302	0.00020
Gulosibacter	256818	G	2260	533	2793	0.00017
Marisediminicola	1230698	G	2255	231	2486	0.00015
Diaminobutyricimonas	1433997	G	1821	282	2103	0.00013
Agreia	110934	G	1675	167	1842	0.00011
Glaciihabitans	1649454	G	1665	109	1774	0.00011
Arthrobacter	1663	G	180517	38427	218944	0.01314
Pseudarthrobacter	1742993	G	28661	8782	37443	0.00225
Kocuria	57493	G	20487	5028	25515	0.00153
Sinomonas	596707	G	12308	2694	15002	0.00090
Micrococcus	1269	G	9899	5781	15680	0.00094
Glutamicibacter	1742989	G	5820	1742	7562	0.00045
Paenarthrobacter	1742992	G	5285	2578	7863	0.00047
Rothia	32207	G	4084	1441	5525	0.00033
Citricoccus	169133	G	3324	718	4042	0.00024
Nesterenkonia	57494	G	1131	60	1191	0.00007
Cellulomonas	1707	G	81498	25018	106516	0.00639
Actinotalea	458839	G	5171	1637	6808	0.00041
Oerskovia	162491	G	4335	1221	5556	0.00033
Pseudactinotalea	1926259	G	3591	454	4045	0.00024
Paraoerskovia	665568	G	2765	632	3397	0.00020
Janibacter	53457	G	20620	5340	25960	0.00156
Phycicoccus	367298	G	19049	4961	24010	0.00144
Intrasporangium	53357	G	17902	4098	22000	0.00132
Pedococcus	2805645	G	16174	4543	20717	0.00124
Tetrasphaera	99479	G	12786	3179	15965	0.00096
Arsenicicoccus	267408	G	6333	2158	8491	0.00051
Cellulosimicrobium	157920	G	23784	8722	32506	0.00195
Xylanimonas	186188	G	12995	3682	16677	0.00100
Isoptericola	254250	G	10011	3965	13976	0.00084
Ornithinimicrobium	125287	G	22357	4167	26524	0.00159
Serinicoccus	265976	G	16662	4090	20752	0.00125
Brachybacterium	43668	G	24897	3572	28469	0.00171
Dermabacter	36739	G	1768	850	2618	0.00016
Brevibacterium	1696	G	25818	4489	30307	0.00182
Dermacoccus	57495	G	7315	2255	9570	0.00057
Luteipulveratus	745364	G	5798	723	6521	0.00039
Allobranchiibius	2040262	G	4732	924	5656	0.00034
Yimella	908935	G	2749	489	3238	0.00019
Georgenia	154116	G	19532	4981	24513	0.00147
Ruania	626119	G	15920	1648	17568	0.00105
Pengzhenrongella	2888818	G	6265	1533	7798	0.00047
Luteimicrobium	754249	G	5455	1473	6928	0.00042
Beutenbergia	84756	G	6550	954	7504	0.00045
Miniimonas	947525	G	4552	2083	6635	0.00040
Sanguibacter	60919	G	7900	2090	9990	0.00060
Gephyromycinifex	2885697	G	1909	210	2119	0.00013
Austwickia	1184606	G	1399	103	1502	0.00009
Kytococcus	57499	G	3399	1567	4966	0.00030
Demequina	577469	G	1204	81	1285	0.00008
Nocardioides	1839	G	724147	136324	860471	0.05164
Aeromicrobium	2040	G	36224	6189	42413	0.00255
Marmoricola	86795	G	11535	3822	15357	0.00092
Pimelobacter	2044	G	9734	3217	12951	0.00078
Friedmanniella	53387	G	8647	1469	10116	0.00061
Mumia	1546255	G	6133	933	7066	0.00042
Micropruina	116071	G	3093	382	3475	0.00021
Microlunatus	29404	G	27580	2613	30193	0.00181
Tessaracoccus	72763	G	20426	7421	27847	0.00167
Brevilactibacter	2717325	G	7853	2564	10417	0.00063
Acidipropionibacterium	1912215	G	6850	2151	9001	0.00054
Propionibacterium	1743	G	6671	1653	8324	0.00050
Auraticoccus	1278221	G	5333	812	6145	0.00037
Raineyella	1911549	G	3316	374	3690	0.00022
Arachnia	2801844	G	3048	188	3236	0.00019
Cutibacterium	1912216	G	2987	6750	9737	0.00058
Kribbella	182639	G	57302	7175	64477	0.00387
Actinopolymorpha	117156	G	12732	1209	13941	0.00084
Mycobacterium	1763	G	191429	48269	239698	0.01438
Mycolicibacterium	1866885	G	186904	32220	219124	0.01315
Mycolicibacter	1073531	G	13556	4537	18093	0.00109
Mycobacteroides	670516	G	10901	2941	13842	0.00083
Mycolicibacillus	2126281	G	2728	646	3374	0.00020
Hoyosella	697025	G	1160	53	1213	0.00007
Nocardia	1817	G	152319	22021	174340	0.01046
Rhodococcus	1827	G	122704	29486	152190	0.00913
Corynebacterium	1716	G	67719	14243	81962	0.00492
Gordonia	2053	G	58449	10877	69326	0.00416
Skermania	59613	G	2890	285	3175	0.00019
Tsukamurella	2060	G	18861	4019	22880	0.00137
Dietzia	37914	G	10853	2201	13054	0.00078
Tomitella	741759	G	6596	1158	7754	0.00047
Segniliparus	286801	G	1512	70	1582	0.00009
Amycolatopsis	1813	G	274731	45162	319893	0.01920
Pseudonocardia	1847	G	181144	28702	209846	0.01259
Saccharopolyspora	1835	G	40814	7715	48529	0.00291
Saccharothrix	2071	G	35355	8708	44063	0.00264
Kutzneria	43356	G	24240	4386	28626	0.00172
Saccharomonospora	1851	G	22379	3572	25951	0.00156
Allokutzneria	1137960	G	14344	2993	17337	0.00104
Actinosynnema	40566	G	13484	3633	17117	0.00103
Actinoalloteichus	65496	G	13412	1111	14523	0.00087
Lentzea	165301	G	11099	2050	13149	0.00079
Kibdelosporangium	2029	G	10553	1112	11665	0.00070
Alloactinosynnema	674734	G	8628	1671	10299	0.00062
Prauserella	142577	G	4549	365	4914	0.00029
Allosaccharopolyspora	2893576	G	3805	725	4530	0.00027
Micromonospora	1873	G	228919	53075	281994	0.01692
Actinoplanes	1865	G	182579	27699	210278	0.01262
Dactylosporangium	35753	G	33520	3238	36758	0.00221
Phytohabitans	907364	G	29553	3428	32981	0.00198
Couchioplanes	56433	G	22485	5080	27565	0.00165
Plantactinospora	673534	G	22450	3653	26103	0.00157
Actinocatenispora	390988	G	20725	2228	22953	0.00138
Catellatospora	53365	G	15881	3044	18925	0.00114
Polymorphospora	338583	G	10380	2032	12412	0.00074
Natronosporangium	2920401	G	5808	342	6150	0.00037
Verrucosispora	84593	G	4509	3222	7731	0.00046
Salinispora	168694	G	3693	556	4249	0.00026
Actinomadura	1988	G	126720	21044	147764	0.00887
Thermomonospora	2019	G	17318	4513	21831	0.00131
Nonomuraea	83681	G	68109	10093	78202	0.00469
Streptosporangium	2000	G	32722	5605	38327	0.00230
Thermobispora	147067	G	7208	1493	8701	0.00052
Nocardiopsis	2013	G	24289	3914	28203	0.00169
Thermobifida	83677	G	9844	1763	11607	0.00070
Streptomonospora	104204	G	5432	940	6372	0.00038
Spiractinospora	2913367	G	3630	208	3838	0.00023
Blastococcus	38501	G	69321	18053	87374	0.00524
Modestobacter	88138	G	51626	14071	65697	0.00394
Geodermatophilus	1860	G	34358	10296	44654	0.00268
Frankia	1854	G	47546	4052	51598	0.00310
Actinomyces	1654	G	31574	3736	35310	0.00212
Schaalia	2529408	G	3971	630	4601	0.00028
Flaviflexus	1522056	G	2276	472	2748	0.00016
Trueperella	1069494	G	2061	543	2604	0.00016
Pauljensenia	2740557	G	1090	317	1407	0.00008
Nanchangia	2888879	G	1005	93	1098	0.00007
Jiangella	281472	G	25813	3795	29608	0.00178
Nakamurella	53460	G	20002	2305	22307	0.00134
Bifidobacterium	1678	G	16563	3548	20111	0.00121
Catenulispora	414878	G	12511	1537	14048	0.00084
Jatrophihabitans	1434010	G	9721	719	10440	0.00063
Stackebrandtia	283810	G	5587	428	6015	0.00036
Kineococcus	33981	G	5913	1377	7290	0.00044
Epidermidibacterium	2078948	G	3691	1483	5174	0.00031
Actinopolyspora	1849	G	2994	259	3253	0.00020
Acidothermus	28048	G	1921	85	2006	0.00012
Conexibacter	191494	G	171727	21769	193496	0.01161
Miltoncostaea	2843200	G	38742	4354	43096	0.00259
Baekduia	2600304	G	70729	10171	80900	0.00485
Rubrobacter	42255	G	28958	1094	30052	0.00180
Aquihabitans	1648491	G	29178	4271	33449	0.00201
Iamia	467975	G	13134	1861	14995	0.00090
Actinomarinicola	2789775	G	13028	2290	15318	0.00092
Ilumatobacter	682522	G	6635	364	6999	0.00042
Acidimicrobium	53634	G	2278	159	2437	0.00015
Eggerthella	84111	G	4171	1176	5347	0.00032
Gordonibacter	644652	G	2262	863	3125	0.00019
Adlercreutzia	447020	G	1909	354	2263	0.00014
Arabiibacter	2005386	G	1713	283	1996	0.00012
Olsenella	133925	G	2941	467	3408	0.00020
Parolsenella	2082587	G	1858	551	2409	0.00014
Parafannyhessea	2847312	G	1047	519	1566	0.00009
Thermophilibacter	2847307	G	1014	298	1312	0.00008
Collinsella	102106	G	2476	626	3102	0.00019
Egibacter	1747770	G	6411	319	6730	0.00040
Egicoccus	1755825	G	5936	769	6705	0.00040
Euzebya	908623	G	5827	401	6228	0.00037
Priestia	2800373	G	25708	19805	45513	0.00273
Bacillus	1386	G	14831	34861	49692	0.00298
Geobacillus	129337	G	2954	876	3830	0.00023
Neobacillus	2675232	G	2520	1034	3554	0.00021
Peribacillus	2675229	G	2468	1015	3483	0.00021
Hydrogenibacillus	1609627	G	2185	308	2493	0.00015
Anoxybacillus	150247	G	1317	332	1649	0.00010
Lysinibacillus	400634	G	1067	307	1374	0.00008
Gottfriedia	2837503	G	1036	311	1347	0.00008
Cytobacillus	2675230	G	1004	382	1386	0.00008
Paenibacillus	44249	G	49057	4556	53613	0.00322
Brevibacillus	55080	G	4311	747	5058	0.00030
Cohnella	329857	G	3603	487	4090	0.00025
Thermobacillus	76632	G	1943	240	2183	0.00013
Saccharibacillus	456492	G	1559	170	1729	0.00010
Alicyclobacillus	29330	G	3165	228	3393	0.00020
Tumebacillus	432330	G	2110	678	2788	0.00017
Planococcus	1372	G	1641	478	2119	0.00013
Exiguobacterium	33986	G	1461	427	1888	0.00011
Streptococcus	1301	G	1225	866	2091	0.00013
Faecalibacterium	216851	G	2341	1751	4092	0.00025
Dysosmobacter	2591381	G	1264	655	1919	0.00012
Flavonifractor	946234	G	1194	350	1544	0.00009
Thermaerobacter	73918	G	7648	629	8277	0.00050
Symbiobacterium	2733	G	3143	291	3434	0.00021
Clostridium	1485	G	2468	647	3115	0.00019
Christensenella	990721	G	1026	452	1478	0.00009
Moorella	44260	G	1291	116	1407	0.00008
Gelria	189326	G	1066	129	1195	0.00007
Selenomonas	970	G	3511	238	3749	0.00022
Limnochorda	1676651	G	3056	101	3157	0.00019
Deinococcus	1298	G	34780	1464	36244	0.00217
Thermus	270	G	5268	421	5689	0.00034
Oceanithermus	208447	G	2911	248	3159	0.00019
Meiothermus	65551	G	2702	142	2844	0.00017
Marinithermus	186191	G	1709	231	1940	0.00012
Truepera	332248	G	2556	112	2668	0.00016
Synechococcus	1129	G	15959	1714	17673	0.00106
Cyanobium	167375	G	3523	724	4247	0.00025
Nostoc	1177	G	2458	1048	3506	0.00021
Calothrix	1186	G	1345	421	1766	0.00011
Gloeobacter	33071	G	4578	108	4686	0.00028
Leptolyngbya	47251	G	2054	192	2246	0.00013
Sphaerobacter	2056	G	7894	414	8308	0.00050
Thermomicrobium	499	G	1907	32	1939	0.00012
Roseiflexus	120961	G	5852	293	6145	0.00037
Chloroflexus	1107	G	1851	69	1920	0.00012
Tepidiforma	2682228	G	4986	178	5164	0.00031
Candidatus Promineofilum	1988031	G	4523	76	4599	0.00028
Ktedonosporobacter	2692417	G	2787	81	2868	0.00017
Caldilinea	233191	G	2143	131	2274	0.00014
Fimbriimonas	1005038	G	2596	12	2608	0.00016
Bradyrhizobium	374	G	829223	86599	915822	0.05496
Rhodopseudomonas	1073	G	38203	9386	47589	0.00286
Nitrobacter	911	G	16663	1762	18425	0.00111
Tardiphaga	1395974	G	14290	1442	15732	0.00094
Afipia	1033	G	11447	4467	15914	0.00096
Variibacter	1649510	G	8171	515	8686	0.00052
Mesorhizobium	68287	G	187076	28577	215653	0.01294
Aquibium	2911176	G	9672	1893	11565	0.00069
Aminobacter	31988	G	7764	4346	12110	0.00073
Nitratireductor	245876	G	6292	765	7057	0.00042
Phyllobacterium	28100	G	4134	341	4475	0.00027
Roseitalea	1915401	G	3016	413	3429	0.00021
Hoeflea	274591	G	2458	188	2646	0.00016
Oricola	1594166	G	2078	231	2309	0.00014
Rhizobium	379	G	90332	32095	122427	0.00735
Agrobacterium	357	G	18355	5349	23704	0.00142
Neorhizobium	1525371	G	8588	1656	10244	0.00061
Pseudorhizobium	1903858	G	2532	402	2934	0.00018
Sinorhizobium	28105	G	20408	7459	27867	0.00167
Ensifer	106591	G	18978	3165	22143	0.00133
Shinella	323620	G	15205	9163	24368	0.00146
Ciceribacter	1648508	G	2027	331	2358	0.00014
Georhizobium	2661800	G	1891	333	2224	0.00013
Methylobacterium	407	G	104345	16098	120443	0.00723
Microvirga	186650	G	31381	3120	34501	0.00207
Methylorubrum	2282523	G	22289	7833	30122	0.00181
Pseudolabrys	556257	G	48884	6043	54927	0.00330
Starkeya	152053	G	13724	3039	16763	0.00101
Xanthobacter	279	G	13055	2620	15675	0.00094
Ancylobacter	99	G	12372	3722	16094	0.00097
Labrys	204476	G	5200	449	5649	0.00034
Azorhizobium	6	G	4274	774	5048	0.00030
Rhodoplanes	29407	G	63874	5140	69014	0.00414
Hyphomicrobium	81	G	14760	807	15567	0.00093
Methyloceanibacter	1484898	G	5311	301	5612	0.00034
Methyloligella	1485594	G	3572	360	3932	0.00024
Aquabacter	45402	G	3539	484	4023	0.00024
Rhodomicrobium	1068	G	2554	146	2700	0.00016
Caenibius	2827482	G	1884	717	2601	0.00016
Filomicrobium	119044	G	1034	24	1058	0.00006
Bosea	85413	G	41014	5331	46345	0.00278
Aureimonas	414371	G	16958	2860	19818	0.00119
Martelella	293088	G	8913	1405	10318	0.00062
Aurantimonas	182269	G	4652	1140	5792	0.00035
Devosia	46913	G	22869	1536	24405	0.00146
Youhaiella	1827478	G	2760	489	3249	0.00019
Paradevosia	1573407	G	2682	823	3505	0.00021
Pelagibacterium	1082930	G	1392	131	1523	0.00009
Nordella	169055	G	14017	654	14671	0.00088
Pseudorhodoplanes	1734920	G	11566	705	12271	0.00074
Terrihabitans	2874214	G	2710	258	2968	0.00018
Methylocystis	133	G	15421	1167	16588	0.00100
Methylosinus	425	G	7775	1005	8780	0.00053
Phreatobacter	1632780	G	19037	2671	21708	0.00130
Stappia	152161	G	6938	1100	8038	0.00048
Roseibium	150830	G	3508	380	3888	0.00023
Pannonibacter	227873	G	3223	1864	5087	0.00031
Labrenzia	478070	G	2893	215	3108	0.00019
Methylocella	120652	G	5621	453	6074	0.00036
Methylovirgula	1156568	G	4600	326	4926	0.00030
Beijerinckia	532	G	1351	96	1447	0.00009
Blastochloris	59282	G	11545	2266	13811	0.00083
Kaustia	2838250	G	5419	446	5865	0.00035
Parvibaculum	256616	G	2511	1519	4030	0.00024
Pyruvatibacter	1742974	G	1702	202	1904	0.00011
Chelatococcus	28209	G	9992	1865	11857	0.00071
Kaistia	166953	G	6834	1407	8241	0.00049
Acuticoccus	1904377	G	6355	585	6940	0.00042
Brucella	234	G	5337	3779	9116	0.00055
Lichenihabitans	2723776	G	3885	157	4042	0.00024
Hartmannibacter	1572860	G	3768	559	4327	0.00026
Breoghania	1406135	G	3733	413	4146	0.00025
Sphingomonas	13687	G	165739	20915	186654	0.01120
Sphingobium	165695	G	36894	15633	52527	0.00315
Sphingopyxis	165697	G	33907	5986	39893	0.00239
Novosphingobium	165696	G	29077	9039	38116	0.00229
Rhizorhabdus	1649486	G	11658	4492	16150	0.00097
Sphingosinithalassobacter	2676233	G	4422	897	5319	0.00032
Allosphingosinicella	2823232	G	3344	344	3688	0.00022
Parasphingopyxis	1234545	G	2769	116	2885	0.00017
Sphingorhabdus	1434046	G	2646	146	2792	0.00017
Blastomonas	150203	G	2442	390	2832	0.00017
Hankyongella	1763827	G	1922	304	2226	0.00013
Tardibacter	2685927	G	1581	958	2539	0.00015
Citromicrobium	72173	G	1461	561	2022	0.00012
Novosphingopyxis	2709686	G	1159	540	1699	0.00010
Erythrobacter	1041	G	15842	3378	19220	0.00115
Porphyrobacter	1111	G	5044	1171	6215	0.00037
Qipengyuania	1855416	G	9944	2258	12202	0.00073
Croceicoccus	1295327	G	6250	3176	9426	0.00057
Tsuneonella	2800686	G	5308	903	6211	0.00037
Altererythrobacter	361177	G	5208	1119	6327	0.00038
Aurantiacibacter	2800681	G	1102	155	1257	0.00008
Pelagerythrobacter	2800685	G	1099	129	1228	0.00007
Sphingosinicella	335405	G	8198	743	8941	0.00054
Polymorphobacter	1508451	G	5351	185	5536	0.00033
Sandaracinobacter	56358	G	2173	128	2301	0.00014
Azospirillum	191	G	60215	6570	66785	0.00401
Skermanella	204447	G	24951	3041	27992	0.00168
Nitrospirillum	1543705	G	4553	432	4985	0.00030
Indioceanicola	2478349	G	3314	369	3683	0.00022
Niveispirillum	1543704	G	1749	157	1906	0.00011
Roseomonas	125216	G	37455	4919	42374	0.00254
Rhodovastum	504465	G	9674	808	10482	0.00063
Komagataeibacter	1434011	G	6098	2361	8459	0.00051
Acidiphilium	522	G	5742	3059	8801	0.00053
Roseococcus	35812	G	4516	345	4861	0.00029
Acidibrevibacterium	2603324	G	3897	292	4189	0.00025
Lichenicola	2804525	G	3773	151	3924	0.00024
Sediminicoccus	1706033	G	3768	159	3927	0.00024
Acetobacter	434	G	3175	830	4005	0.00024
Gluconobacter	441	G	2287	506	2793	0.00017
Gluconacetobacter	89583	G	2283	389	2672	0.00016
Granulibacter	364409	G	1684	124	1808	0.00011
Hypericibacter	2705399	G	16785	858	17643	0.00106
Magnetospirillum	13134	G	10566	187884	198450	0.01191
Rhodospirillum	1081	G	6341	686	7027	0.00042
Tistrella	171436	G	4747	1845	6592	0.00040
Ferrovibrio	1231242	G	3353	181	3534	0.00021
Defluviicoccus	111830	G	2699	205	2904	0.00017
Pararhodospirillum	1612157	G	1510	97	1607	0.00010
Stella	93	G	9834	580	10414	0.00062
Elioraea	457933	G	4894	209	5103	0.00031
Thalassospira	168934	G	1938	161	2099	0.00013
Paracoccus	265	G	33933	5108	39041	0.00234
Cereibacter	1653176	G	9002	1987	10989	0.00066
Rhodobacter	1060	G	8556	2099	10655	0.00064
Rhodovulum	34008	G	5002	948	5950	0.00036
Polymorphum	991903	G	3870	811	4681	0.00028
Paroceanicella	2683599	G	3858	809	4667	0.00028
Thioclava	285107	G	2773	277	3050	0.00018
Pikeienuella	2831955	G	2612	208	2820	0.00017
Pontivivens	1844015	G	2538	157	2695	0.00016
Pelagovum	2795377	G	2151	217	2368	0.00014
Silicimonas	1955420	G	1944	92	2036	0.00012
Frigidibacter	1775705	G	1844	633	2477	0.00015
Pukyongiella	2831925	G	1820	340	2160	0.00013
Brevirhabdus	1855413	G	1449	535	1984	0.00012
Gymnodinialimonas	2937410	G	1352	103	1455	0.00009
Fuscovulum	2818469	G	1224	119	1343	0.00008
Pacificitalea	2846749	G	1181	202	1383	0.00008
Haematobacter	366614	G	1153	376	1529	0.00009
Pseudopuniceibacterium	2613960	G	1147	71	1218	0.00007
Falsirhodobacter	1434002	G	1099	123	1222	0.00007
Gemmobacter	204456	G	1063	181	1244	0.00007
Tabrizicola	1443919	G	1015	70	1085	0.00007
Roseovarius	74030	G	8865	1065	9930	0.00060
Sulfitobacter	60136	G	8771	1299	10070	0.00060
Salipiger	263377	G	6901	1768	8669	0.00052
Roseivivax	93682	G	5261	643	5904	0.00035
Celeribacter	875170	G	3703	1116	4819	0.00029
Phaeobacter	302485	G	3428	539	3967	0.00024
Leisingera	191028	G	3037	317	3354	0.00020
Ruegeria	97050	G	2988	353	3341	0.00020
Pseudosulfitobacter	2854186	G	2556	541	3097	0.00019
Yangia	2919626	G	2311	312	2623	0.00016
Sagittula	58842	G	2281	722	3003	0.00018
Mameliella	1434019	G	1768	254	2022	0.00012
Ponticoccus	983507	G	1666	199	1865	0.00011
Roseobacter	2433	G	1536	34	1570	0.00009
Dinoroseobacter	309512	G	1492	413	1905	0.00011
Ketogulonicigenium	92944	G	1348	124	1472	0.00009
Octadecabacter	53945	G	1299	66	1365	0.00008
Actibacterium	1433986	G	1276	477	1753	0.00011
Roseibacterium	159345	G	1221	84	1305	0.00008
Oceanicola	252301	G	1204	50	1254	0.00008
Caulobacter	75	G	42445	4857	47302	0.00284
Brevundimonas	41275	G	31997	4093	36090	0.00217
Phenylobacterium	20	G	12871	1773	14644	0.00088
Asticcacaulis	76890	G	2722	179	2901	0.00017
Terricaulis	2768684	G	2331	68	2399	0.00014
Marinicauda	1649466	G	2836	421	3257	0.00020
Hyphomonas	85	G	3182	125	3307	0.00020
Candidatus Viadribacter	2892997	G	1305	29	1334	0.00008
Aquisalinus	1795639	G	1211	50	1261	0.00008
Burkholderia	32008	G	159680	103996	263676	0.01582
Paraburkholderia	1822464	G	83272	7697	90969	0.00546
Cupriavidus	106589	G	77696	41165	118861	0.00713
Ralstonia	48736	G	22828	10958	33786	0.00203
Caballeronia	1827195	G	21054	2260	23314	0.00140
Pandoraea	93217	G	20193	2739	22932	0.00138
Polynucleobacter	44013	G	1904	45	1949	0.00012
Lautropia	47670	G	1369	215	1584	0.00010
Chitinimonas	240411	G	1305	90	1395	0.00008
Mycetohabitans	2571159	G	1020	58	1078	0.00006
Variovorax	34072	G	78143	23615	101758	0.00611
Hydrogenophaga	47420	G	29074	11545	40619	0.00244
Acidovorax	12916	G	28017	12600	40617	0.00244
Ramlibacter	174951	G	17597	5950	23547	0.00141
Comamonas	283	G	17473	7047	24520	0.00147
Rhodoferax	28065	G	13909	2896	16805	0.00101
Diaphorobacter	238749	G	9087	8550	17637	0.00106
Schlegelella	215579	G	9082	2378	11460	0.00069
Delftia	80865	G	9081	9846	18927	0.00114
Polaromonas	52972	G	6968	475	7443	0.00045
Kinneretia	683756	G	6490	3596	10086	0.00061
Ottowia	219181	G	4832	732	5564	0.00033
Alicycliphilus	201096	G	4307	6735	11042	0.00066
Melaminivora	1649468	G	3735	3056	6791	0.00041
Serpentinimonas	2490452	G	2546	535	3081	0.00018
Verminephrobacter	364316	G	2275	243	2518	0.00015
Pulveribacter	2678886	G	1739	782	2521	0.00015
Hylemonella	232523	G	1704	212	1916	0.00011
Simplicispira	352450	G	1370	458	1828	0.00011
Massilia	149698	G	77600	12276	89876	0.00539
Duganella	75654	G	7302	2115	9417	0.00057
Janthinobacterium	29580	G	14015	2430	16445	0.00099
Herbaspirillum	963	G	13800	2261	16061	0.00096
Collimonas	202907	G	5838	573	6411	0.00038
Noviherbaspirillum	1344552	G	3322	483	3805	0.00023
Achromobacter	222	G	45900	18159	64059	0.00384
Bordetella	517	G	38250	20724	58974	0.00354
Pigmentiphaga	152267	G	6027	589	6616	0.00040
Orrella	1921582	G	2733	758	3491	0.00021
Castellaniella	359336	G	2624	1615	4239	0.00025
Alcaligenes	507	G	1884	408	2292	0.00014
Pusillimonas (ex Stolz et al. 2005)	305976	G	1238	215	1453	0.00009
Rhizobacter	212743	G	12270	2367	14637	0.00088
Sphaerotilus	34102	G	8386	3790	12176	0.00073
Rubrivivax	28067	G	6535	1817	8352	0.00050
Methylibium	316612	G	6265	1743	8008	0.00048
Thiomonas	32012	G	5439	299	5738	0.00034
Aquincola	391952	G	4934	1529	6463	0.00039
Mitsuaria	65047	G	4728	835	5563	0.00033
Leptothrix	88	G	4396	1233	5629	0.00034
Xylophilus	54066	G	3814	980	4794	0.00029
Ideonella	36862	G	2720	1448	4168	0.00025
Tepidimonas	114248	G	2261	738	2999	0.00018
Aquabacterium	92793	G	2124	497	2621	0.00016
Roseateles	93681	G	2114	359	2473	0.00015
Inhella	644355	G	1474	209	1683	0.00010
Paucibacter	318147	G	1314	198	1512	0.00009
Sutterella	40544	G	1946	156	2102	0.00013
Thauera	33057	G	15709	8900	24609	0.00148
Azoarcus	12960	G	13494	3857	17351	0.00104
Nitrogeniibacter	2891294	G	4295	606	4901	0.00029
Aromatoleum	551759	G	12537	3369	15906	0.00095
Azospira	146937	G	8372	3420	11792	0.00071
Niveibacterium	1769726	G	2219	282	2501	0.00015
Oryzomicrobium	1911577	G	1704	374	2078	0.00012
Dechloromonas	73029	G	3884	605	4489	0.00027
Ferribacterium	88875	G	3253	492	3745	0.00022
Quatrionicoccus	138117	G	1499	393	1892	0.00011
Usitatibacter	2803845	G	22609	1587	24196	0.00145
Denitratisoma	311181	G	3245	1439	4684	0.00028
Sulfuritalea	1054211	G	2462	333	2795	0.00017
Methyloversatilis	378210	G	2336	280	2616	0.00016
Sterolibacterium	157591	G	1620	413	2033	0.00012
Nitrosospira	35798	G	6644	192	6836	0.00041
Nitrosomonas	914	G	1107	146	1253	0.00008
Thiobacillus	919	G	3080	551	3631	0.00022
Sulfuritortus	1938335	G	2105	803	2908	0.00017
Sideroxydans	314343	G	2111	274	2385	0.00014
Ferrigenium	2249462	G	1395	273	1668	0.00010
Sulfuriferula	1778653	G	1722	255	1977	0.00012
Sulfurimicrobium	2772198	G	1604	204	1808	0.00011
Chromobacterium	535	G	13814	2733	16547	0.00099
Jeongeupia	885864	G	3997	641	4638	0.00028
Paludibacterium	400060	G	3220	476	3696	0.00022
Pseudogulbenkiania	568394	G	2211	633	2844	0.00017
Vogesella	57739	G	2089	444	2533	0.00015
Aquitalea	407217	G	1908	316	2224	0.00013
Microvirgula	57479	G	1662	272	1934	0.00012
Laribacter	168470	G	1069	876	1945	0.00012
Neisseria	482	G	4796	1524	6320	0.00038
Crenobacter	1654931	G	2626	732	3358	0.00020
Chitinolyticbacter	1055692	G	1809	190	1999	0.00012
Casimicrobium	2706000	G	1782	756	2538	0.00015
Lysobacter	68	G	88760	14116	102876	0.00617
Stenotrophomonas	40323	G	39919	16263	56182	0.00337
Xanthomonas	338	G	39475	15860	55335	0.00332
Luteimonas	83614	G	23514	4279	27793	0.00167
Pseudoxanthomonas	83618	G	16231	6539	22770	0.00137
Thermomonas	141948	G	10237	2539	12776	0.00077
Arenimonas	490567	G	2424	430	2854	0.00017
Pseudolysobacter	2709666	G	2030	48	2078	0.00012
Frateuria	70411	G	17694	3628	21322	0.00128
Luteibacter	242605	G	14191	1323	15514	0.00093
Rhodanobacter	75309	G	11695	2079	13774	0.00083
Dyella	231454	G	11084	1467	12551	0.00075
Dokdonella	323413	G	5491	823	6314	0.00038
Aerosticca	2707020	G	2453	2806	5259	0.00032
Ahniella	2233801	G	1323	30	1353	0.00008
Pseudomonas	286	G	268488	72250	340738	0.02045
Azotobacter	352	G	6217	5075	11292	0.00068
Halopseudomonas	2901189	G	3107	449	3556	0.00021
Marinobacter	2742	G	6333	437	6770	0.00041
Klebsiella	570	G	8083	46986	55069	0.00330
Raoultella	160674	G	2098	1225	3323	0.00020
Enterobacter	547	G	8530	18389	26919	0.00162
Citrobacter	544	G	3874	3632	7506	0.00045
Cronobacter	413496	G	2438	506	2944	0.00018
Leclercia	83654	G	2194	1169	3363	0.00020
Kosakonia	1330547	G	2179	354	2533	0.00015
Salmonella	590	G	1777	50046	51823	0.00311
Pluralibacter	1330546	G	1507	344	1851	0.00011
Escherichia	561	G	1378	22758	24136	0.00145
Cedecea	158483	G	1304	174	1478	0.00009
Serratia	613	G	13617	3275	16892	0.00101
Rahnella	34037	G	1304	303	1607	0.00010
Yersinia	629	G	1193	824	2017	0.00012
Pantoea	53335	G	8053	1482	9535	0.00057
Erwinia	551	G	3194	537	3731	0.00022
Mixta	2100764	G	1818	479	2297	0.00014
Dickeya	204037	G	3901	4803	8704	0.00052
Pectobacterium	122277	G	2199	357	2556	0.00015
Brenneria	71655	G	1347	230	1577	0.00009
Edwardsiella	635	G	2307	1015	3322	0.00020
Sodalis	84565	G	1650	102	1752	0.00011
Thioalkalivibrio	106633	G	8164	1162	9326	0.00056
Spiribacter	1335745	G	5513	326	5839	0.00035
Acidihalobacter	1765964	G	3584	253	3837	0.00023
Halorhodospira	85108	G	1883	132	2015	0.00012
Aquisalimonas	406099	G	1558	86	1644	0.00010
Alkalilimnicola	133193	G	1509	156	1665	0.00010
Ectothiorhodospira	1051	G	1309	104	1413	0.00008
Thiodictyon	53392	G	3234	146	3380	0.00020
Allochromatium	85072	G	2950	582	3532	0.00021
Marichromatium	85076	G	2782	457	3239	0.00019
Thioflavicoccus	156885	G	2711	213	2924	0.00018
Thiocapsa	1056	G	2128	96	2224	0.00013
Thiocystis	13724	G	1627	119	1746	0.00010
Thermochromatium	85073	G	1027	206	1233	0.00007
Wenzhouxiangella	1676142	G	2954	123	3077	0.00018
Thiohalobacter	1273155	G	2027	201	2228	0.00013
Guyparkeria	2035712	G	1704	353	2057	0.00012
Sulfurivermis	2034504	G	1490	475	1965	0.00012
Halomonas	2745	G	32289	4218	36507	0.00219
Cobetia	204286	G	2118	1233	3351	0.00020
Halotalea	376488	G	1853	311	2164	0.00013
Salinicola	404432	G	1783	175	1958	0.00012
Kushneria	504090	G	1326	59	1385	0.00008
Chromohalobacter	42054	G	1173	110	1283	0.00008
Alcanivorax	59753	G	4059	1668	5727	0.00034
Marinobacterium	48075	G	1239	146	1385	0.00008
Aeromonas	642	G	18876	12006	30882	0.00185
Zobellella	347533	G	1290	263	1553	0.00009
Methylococcus	413	G	6057	403	6460	0.00039
Methylomonas	416	G	3892	120	4012	0.00024
Methylomagnum	1760987	G	1837	75	1912	0.00011
Methylomicrobium	39773	G	1521	325	1846	0.00011
Methylogaea	1295378	G	1515	108	1623	0.00010
Methylocaldum	73778	G	1382	71	1453	0.00009
Shewanella	22	G	5278	794	6072	0.00036
Pseudoalteromonas	53246	G	1554	188	1742	0.00010
Microbulbifer	48073	G	5255	324	5579	0.00033
Sulfurifustis	1692042	G	5475	308	5783	0.00035
Sulfuricaulis	1744881	G	2191	148	2339	0.00014
Acidiferrobacter	986106	G	1986	34	2020	0.00012
Solimonas	413435	G	4366	372	4738	0.00028
Flagellatimonas	2893022	G	1437	74	1511	0.00009
Steroidobacter	469322	G	2619	585	3204	0.00019
Vibrio	662	G	5025	1108	6133	0.00037
Acinetobacter	469	G	2330	925	3255	0.00020
Immundisolibacter	1934947	G	2758	441	3199	0.00019
Legionella	445	G	1308	91	1399	0.00008
Salinisphaera	180541	G	1877	1480	3357	0.00020
Corallococcus	83461	G	51102	4577	55679	0.00334
Myxococcus	32	G	27339	32130	59469	0.00357
Pyxidicoccus	224458	G	14034	602	14636	0.00088
Archangium	47	G	51380	5087	56467	0.00339
Cystobacter	42	G	9604	2203	11807	0.00071
Stigmatella	40	G	8956	659	9615	0.00058
Melittangium	44	G	6863	1438	8301	0.00050
Anaeromyxobacter	161492	G	67878	4573	72451	0.00435
Vulgatibacter	1524214	G	7274	516	7790	0.00047
Sorangium	39643	G	89538	10274	99812	0.00599
Polyangium	55	G	23081	2165	25246	0.00152
Chondromyces	50	G	11418	514	11932	0.00072
Sandaracinus	1055688	G	36479	1857	38336	0.00230
Labilithrix	1524217	G	21453	932	22385	0.00134
Haliangium	162027	G	18405	884	19289	0.00116
Geomonas	2651583	G	10914	1588	12502	0.00075
Geobacter	28231	G	9532	928	10460	0.00063
Citrifermentans	2883512	G	3202	668	3870	0.00023
Geotalea	2910589	G	1469	87	1556	0.00009
Desulfuromonas	890	G	7281	844	8125	0.00049
Pelobacter	18	G	1094	349	1443	0.00009
Syntrophotalea	2812025	G	1473	163	1636	0.00010
Desulfovibrio	872	G	7299	849	8148	0.00049
Pseudodesulfovibrio	2035811	G	7104	1208	8312	0.00050
Solidesulfovibrio	2910984	G	4840	452	5292	0.00032
Oceanidesulfovibrio	2905722	G	1862	100	1962	0.00012
Desulfocurvibacter	2582840	G	1387	89	1476	0.00009
Desulfolutivibrio	2773294	G	1330	314	1644	0.00010
Megalodesulfovibrio	2910978	G	1139	49	1188	0.00007
Desulfomicrobium	898	G	1449	147	1596	0.00010
Desulfosarcina	2299	G	3205	496	3701	0.00022
Desulfobulbus	893	G	1933	339	2272	0.00014
Persicimonas	2766927	G	5575	145	5720	0.00034
Bradymonas	1779136	G	1940	795	2735	0.00016
Syntrophobacter	29526	G	1276	464	1740	0.00010
Desulfarculus	453229	G	2150	1098	3248	0.00019
Campylobacter	194	G	1174	186	1360	0.00008
Acidithiobacillus	119977	G	2360	219	2579	0.00015
Gemmata	113	G	35115	3399	38514	0.00231
Urbifossiella	2807415	G	30129	2459	32588	0.00196
Frigoriglobus	2774146	G	19445	3024	22469	0.00135
Limnoglobus	2731450	G	15520	683	16203	0.00097
Tuwongella	2051044	G	1909	72	1981	0.00012
Telmatocola	1382832	G	1597	14	1611	0.00010
Aquisphaera	1511635	G	25958	3719	29677	0.00178
Tautonia	2680020	G	22881	1708	24589	0.00148
Paludisphaera	1763521	G	18950	3459	22409	0.00134
Singulisphaera	466152	G	15595	1910	17505	0.00105
Isosphaera	127	G	2314	142	2456	0.00015
Lignipirellula	2795775	G	4530	432	4962	0.00030
Stieleria	2795973	G	4416	411	4827	0.00029
Rosistilla	2795779	G	4053	248	4301	0.00026
Anatilimnocola	2807414	G	3870	341	4211	0.00025
Pirellula	123	G	2774	82	2856	0.00017
Bremerella	2714594	G	2567	159	2726	0.00016
Roseimaritima	1579506	G	2459	138	2597	0.00016
Rubripirellula	1579505	G	1105	172	1277	0.00008
Lacipirellula	2691417	G	10130	671	10801	0.00065
Pirellulimonas	2795783	G	5720	603	6323	0.00038
Botrimarina	2795782	G	4817	437	5254	0.00032
Aeoliella	2795781	G	1817	149	1966	0.00012
Adhaeretor	2862451	G	1041	99	1140	0.00007
Planctomyces	118	G	22133	4601	26734	0.00160
Gimesia	1649453	G	6393	305	6698	0.00040
Caulifigura	2795778	G	5390	305	5695	0.00034
Alienimonas	2714737	G	4658	298	4956	0.00030
Maioricimonas	2795777	G	4519	496	5015	0.00030
Symmachiella	2795780	G	2023	104	2127	0.00013
Fuerstiella	1936111	G	1178	18	1196	0.00007
Rubinisphaera	1649490	G	1066	93	1159	0.00007
Crateriforma	2714592	G	1049	171	1220	0.00007
Planctopirus	1649480	G	1035	35	1070	0.00006
Humisphaera	2807511	G	10529	244	10773	0.00065
Phycisphaera	666508	G	4212	306	4518	0.00027
Mucisphaera	2913022	G	1867	90	1957	0.00012
Opitutus	178440	G	9518	715	10233	0.00061
Lacunisphaera	1961799	G	3066	379	3445	0.00021
Oleiharenicola	2100741	G	2540	121	2661	0.00016
Nibricoccus	2576890	G	2148	88	2236	0.00013
Ereboglobus	2028344	G	1638	74	1712	0.00010
Verrucomicrobium	2735	G	4952	379	5331	0.00032
Luteolibacter	518753	G	3530	129	3659	0.00022
Roseimicrobium	1348508	G	3074	102	3176	0.00019
Akkermansia	239934	G	1691	117	1808	0.00011
Methylacidimicrobium	1541670	G	1612	150	1762	0.00011
Kiritimatiella	1921784	G	1123	1144	2267	0.00014
Hymenobacter	89966	G	24046	1068	25114	0.00151
Pontibacter	323449	G	2205	240	2445	0.00015
Spirosoma	107	G	4498	179	4677	0.00028
Fibrella	861914	G	1270	71	1341	0.00008
Dyadobacter	120831	G	1187	66	1253	0.00008
Chryseolinea	1433993	G	1350	29	1379	0.00008
Niastella	354354	G	7690	450	8140	0.00049
Chitinophaga	79328	G	2752	109	2861	0.00017
Flavisolibacter	398041	G	1707	76	1783	0.00011
Alistipes	239759	G	6157	1887	8044	0.00048
Prevotella	838	G	2061	235	2296	0.00014
Bacteroides	816	G	1634	629	2263	0.00014
Rhodothermus	29548	G	4366	224	4590	0.00028
Rhodocaloribacter	2893090	G	4251	398	4649	0.00028
Salinibacter	146918	G	2938	45	2983	0.00018
Flavobacterium	237	G	2427	666	3093	0.00019
Chryseobacterium	59732	G	1757	633	2390	0.00014
Mucilaginibacter	423349	G	2638	171	2809	0.00017
Pedobacter	84567	G	1056	71	1127	0.00007
Chlorobaculum	256319	G	2170	219	2389	0.00014
Gemmatirosa	1706036	G	61856	5099	66955	0.00402
Gemmatimonas	173479	G	20033	486	20519	0.00123
Granulicella	940557	G	12497	1198	13695	0.00082
Terriglobus	392733	G	8852	1021	9873	0.00059
Acidobacterium	33973	G	7683	592	8275	0.00050
Candidatus Koribacter	658061	G	7329	236	7565	0.00045
Edaphobacter	388463	G	5541	660	6201	0.00037
Acidisarcina	2608728	G	2741	189	2930	0.00018
Paludibaculum	1649475	G	9297	244	9541	0.00057
Luteitalea	2004797	G	49067	2664	51731	0.00310
Chloracidobacterium	458032	G	3922	135	4057	0.00024
Sulfidibacter	2915177	G	2468	47	2515	0.00015
Nitrospira	1234	G	10469	147	10616	0.00064
Treponema	157	G	1421	163	1584	0.00010
Spirochaeta	146	G	1066	40	1106	0.00007
Fusarium	5506	G	19149	1292	20441	0.00123
Metarhizium	5529	G	5042	540	5582	0.00033
Pochonia	243023	G	1296	62	1358	0.00008
Ustilaginoidea	124426	G	1237	55	1292	0.00008
Trichoderma	5543	G	7445	285	7730	0.00046
Beauveria	5581	G	4303	150	4453	0.00027
Cordyceps	45234	G	2050	128	2178	0.00013
Purpureocillium	1052105	G	2530	167	2697	0.00016
Drechmeria	98402	G	1811	77	1888	0.00011
Clonostachys	110564	G	1045	70	1115	0.00007
Colletotrichum	5455	G	2628	449	3077	0.00018
Thermothielavioides	2609811	G	3149	168	3317	0.00020
Thermothelomyces	1920207	G	2568	101	2669	0.00016
Pyricularia	48558	G	2982	23	3005	0.00018
Neopestalotiopsis	1562158	G	1422	17	1439	0.00009
Aspergillus	5052	G	5117	289	5406	0.00032
Penicillium	5073	G	2378	123	2501	0.00015
Talaromyces	5094	G	2295	139	2434	0.00015
Pseudozyma	63298	G	3509	73	3582	0.00021
Phlebiopsis	82309	G	1104	16	1120	0.00007
Phytophthora	4783	G	8922	1243	10165	0.00061
