name	taxonomy_id	taxonomy_lvl	kraken_assigned_reads	added_reads	new_est_reads	fraction_total_reads
Streptomyces sp. BH-MK-02	2880933	S	30320	7060	37380	0.00279
Streptomyces sp. CdTB01	1725411	S	23309	7480	30789	0.00230
Streptomyces sp. A2-16	2781734	S	19737	7048	26785	0.00200
Streptomyces sp. 3214.6	1882757	S	12480	4170	16650	0.00124
Streptomyces sp. GQFP	2907545	S	12213	2351	14564	0.00109
Streptomyces sp. SN-593	659352	S	12072	2842	14914	0.00111
Streptomyces sp. P3	2135430	S	11418	3261	14679	0.00109
Streptomyces sp. ZYC-3	2797636	S	11238	2554	13792	0.00103
Streptomyces sp. CB01881	2078691	S	10333	1906	12239	0.00091
Streptomyces sp. So13.3	2136173	S	8888	1703	10591	0.00079
Streptomyces sp. ST1015	1848900	S	8283	1906	10189	0.00076
Streptomyces sp. Z423-1	2730915	S	8155	2680	10835	0.00081
Streptomyces sp. SCSIO 64649	2878388	S	7928	1408	9336	0.00070
Streptomyces sp. LRE541	2931983	S	7605	1986	9591	0.00072
Streptomyces sp. RPA4-2	2721244	S	7605	2570	10175	0.00076
Streptomyces sp. SAT1	1849967	S	7248	2920	10168	0.00076
Streptomyces sp. WAC 01438	2203204	S	7123	2676	9799	0.00073
Streptomyces sp. S1D4-11	2721246	S	7002	7001	14003	0.00104
Streptomyces sp. NA02950	2742137	S	6781	1442	8223	0.00061
Streptomyces sp. NHF165	2175864	S	6693	1183	7876	0.00059
Streptomyces sp. NEAU-sy36	2751189	S	6625	2760	9385	0.00070
Streptomyces sp. DSM 40868	2721173	S	6462	2676	9138	0.00068
Streptomyces sp. Go 40/10	2825844	S	6366	3320	9686	0.00072
Streptomyces sp. MA3_2.13	2867410	S	6225	793	7018	0.00052
Streptomyces sp. MG62	2838015	S	6064	2619	8683	0.00065
Streptomyces sp. AMCC400023	2056258	S	5979	3046	9025	0.00067
Streptomyces sp. HM190	2695266	S	5872	2084	7956	0.00059
Streptomyces sp. BJ20	2930049	S	5804	2609	8413	0.00063
Streptomyces sp. JB150	2714844	S	5790	2168	7958	0.00059
Streptomyces sp. MG28	2865673	S	5741	2531	8272	0.00062
Streptomyces sp. Go-475	2072505	S	5668	3024	8692	0.00065
Streptomyces sp. SCUT-3	2684469	S	5654	2189	7843	0.00058
Streptomyces sp. 3025	2923272	S	5553	1021	6574	0.00049
Streptomyces sp. YIM 121038	2136401	S	5442	1777	7219	0.00054
Streptomyces sp. MBT27	1488356	S	5387	1677	7064	0.00053
Streptomyces sp. RTd22	1841249	S	5307	3347	8654	0.00065
Streptomyces sp. 891-h	2720714	S	5282	1007	6289	0.00047
Streptomyces sp. GMY02	1333528	S	5268	980	6248	0.00047
Streptomyces sp. NA04227	2742136	S	5172	1235	6407	0.00048
Streptomyces sp. GS7	2692234	S	5016	1472	6488	0.00048
Streptomyces sp. W1SF4	2305220	S	4855	1874	6729	0.00050
Streptomyces sp. CMB-StM0423	2059884	S	4817	3520	8337	0.00062
Streptomyces sp. SYP-A7193	2662065	S	4754	3701	8455	0.00063
Streptomyces sp. MST-110588	2833628	S	4719	1201	5920	0.00044
Streptomyces sp. C8S0	2585716	S	4594	1358	5952	0.00044
Streptomyces sp. QHH-9511	2684468	S	4562	1342	5904	0.00044
Streptomyces sp. CB09001	2083284	S	4553	3637	8190	0.00061
Streptomyces sp. Rer75	2750011	S	4542	3167	7709	0.00057
Streptomyces sp. jing01	2726118	S	4467	2850	7317	0.00055
Streptomyces sp. HP-A2021	2927875	S	4408	2852	7260	0.00054
Streptomyces sp. S4.7	2705439	S	4385	1614	5999	0.00045
Streptomyces sp. SM18	1736046	S	4174	1311	5485	0.00041
Streptomyces sp. BHT-5-2	2866715	S	4138	1437	5575	0.00042
Streptomyces sp. 135	2838850	S	4066	1511	5577	0.00042
Streptomyces sp. SirexAA-E	862751	S	4015	1362	5377	0.00040
Streptomyces sp. HSG2	2797167	S	3946	895	4841	0.00036
Streptomyces sp. WAC 01529	2203205	S	3731	1491	5222	0.00039
Streptomyces sp. Tu 2975	2676871	S	3470	1189	4659	0.00035
Streptomyces sp. fd1-xmd	1812480	S	3430	1885	5315	0.00040
Streptomyces sp. SUK 48	2582831	S	3335	2547	5882	0.00044
Streptomyces sp. AgN23	1188315	S	3324	3418	6742	0.00050
Streptomyces sp. INR7	2607753	S	3314	2214	5528	0.00041
Streptomyces sp. WY228	2855836	S	3083	1889	4972	0.00037
Streptomyces sp. CCM_MD2014	1561022	S	2982	3843	6825	0.00051
Streptomyces sp. TN58	234612	S	2925	1710	4635	0.00035
Streptomyces sp. HF10	2692233	S	2813	2429	5242	0.00039
Streptomyces sp. WAC 06738	2203210	S	2785	4704	7489	0.00056
Streptomyces sp. 2323.1	1938841	S	2589	1763	4352	0.00032
Streptomyces sp. MOE7	1961713	S	2556	3456	6012	0.00045
Streptomyces sp. CNQ-509	444103	S	2477	4083	6560	0.00049
Streptomyces sp. RLB1-33	2721243	S	2415	9089	11504	0.00086
Streptomyces sp. ADI95-16	1522758	S	2394	3342	5736	0.00043
Streptomyces sp. M2	646637	S	2288	24124	26412	0.00197
Streptomyces sp. Mg1	465541	S	2285	3393	5678	0.00042
Streptomyces sp. CRSS-Y-16	2906474	S	2216	24717	26933	0.00201
Streptomyces sp. YPW6	2840373	S	2166	1284	3450	0.00026
Streptomyces sp. RPA4-5	2721245	S	2157	1581	3738	0.00028
Streptomyces sp. 769	1262452	S	2123	1887	4010	0.00030
Streptomyces sp. EAS-AB2608	2779671	S	1940	5145	7085	0.00053
Streptomyces sp. PBH53	1577075	S	1748	4487	6235	0.00046
Streptomyces sp. 2114.2	1881022	S	1621	11886	13507	0.00101
Streptomyces sp. NEAU-S7GS2	2202000	S	1558	1621	3179	0.00024
Streptomyces sp. ID38640	1265399	S	1554	1457	3011	0.00022
Streptomyces sp. S063	2005885	S	1543	1254	2797	0.00021
Streptomyces sp. 11-1-2	1851167	S	1518	3361	4879	0.00036
Streptomyces sp. S8	1837283	S	1480	1511	2991	0.00022
Streptomyces sp. 3211	1964449	S	1454	3123	4577	0.00034
Streptomyces sp. NA02536	2742133	S	1362	4132	5494	0.00041
Streptomyces sp. XC 2026	2782004	S	1359	1318	2677	0.00020
Streptomyces sp. WA6-1-16	2879427	S	1268	1580	2848	0.00021
Streptomyces sp. Sge12	1972846	S	1250	3307	4557	0.00034
Streptomyces sp. M56	1495638	S	1140	3590	4730	0.00035
Streptomyces sp. PAMC 26508	1265601	S	1097	7713	8810	0.00066
Streptomyces sp. HNA39	2850561	S	1043	1449	2492	0.00019
Streptomyces sp. Tue 6075	1661694	S	1023	1426	2449	0.00018
Streptomyces rapamycinicus	1226757	S	109776	25362	135138	0.01008
Streptomyces hygroscopicus	1912	S	10677	16054	26731	0.00199
Streptomyces violaceusniger	68280	S	3374	2274	5648	0.00042
Streptomyces yatensis	155177	S	3046	2282	5328	0.00040
Streptomyces venezuelae	54571	S	26740	10007	36747	0.00274
Streptomyces cadmiisoli	2184053	S	6996	1687	8683	0.00065
Streptomyces aurantiacus	47760	S	6474	1522	7996	0.00060
Streptomyces qaidamensis	1783515	S	4251	1819	6070	0.00045
Streptomyces alboniger	132473	S	3142	1175	4317	0.00032
Streptomyces koyangensis	188770	S	2130	2244	4374	0.00033
Streptomyces aquilus	2548456	S	20394	5924	26318	0.00196
Streptomyces griseorubiginosus	67304	S	17218	5599	22817	0.00170
Streptomyces asoensis	249586	S	16542	4804	21346	0.00159
Streptomyces chartreusis	1969	S	14426	6074	20500	0.00153
Streptomyces lydicus	47763	S	14289	10224	24513	0.00183
Streptomyces bathyalis	2710756	S	14060	2107	16167	0.00121
Streptomyces griseus	1911	S	4310	3681	7991	0.00060
Streptomyces anulatus	1892	S	3147	3518	6665	0.00050
Streptomyces microflavus	1919	S	1616	7826	9442	0.00070
Streptomyces globisporus	1908	S	1233	10017	11250	0.00084
Streptomyces armeniacus	83291	S	10423	1318	11741	0.00088
Streptomyces lincolnensis	1915	S	10185	2888	13073	0.00097
Streptomyces albus	1888	S	10183	5210	15393	0.00115
Streptomyces bingchenggensis	379067	S	10176	1780	11956	0.00089
Streptomyces avermitilis	33903	S	10151	2821	12972	0.00097
Streptomyces nodosus	40318	S	10049	2430	12479	0.00093
Streptomyces griseochromogenes	68214	S	9651	2620	12271	0.00091
Streptomyces collinus	42684	S	9628	5851	15479	0.00115
Streptomyces niveus	193462	S	9597	4217	13814	0.00103
Streptomyces dengpaensis	2049881	S	9494	2554	12048	0.00090
Streptomyces seoulensis	73044	S	9020	3253	12273	0.00092
Streptomyces formicae	1616117	S	9003	2814	11817	0.00088
Streptomyces cyaneochromogenes	2496836	S	8450	2449	10899	0.00081
Streptomyces griseoviridis	45398	S	8080	2492	10572	0.00079
Streptomyces davaonensis	348043	S	7973	2179	10152	0.00076
Streptomyces actuosus	1885	S	7895	3212	11107	0.00083
Streptomyces ferrugineus	1413221	S	7823	2464	10287	0.00077
Streptomyces buecherae	2763006	S	7554	1742	9296	0.00069
Streptomyces durmitorensis	319947	S	7488	1553	9041	0.00067
Streptomyces capitiformicae	2014920	S	7488	1159	8647	0.00064
Streptomyces tsukubensis	83656	S	7484	1863	9347	0.00070
Streptomyces antibioticus	1890	S	7316	2514	9830	0.00073
Streptomyces spectabilis	68270	S	7277	2342	9619	0.00072
Streptomyces xanthii	2768069	S	7102	2007	9109	0.00068
Streptomyces roseirectus	2768066	S	7050	1643	8693	0.00065
Streptomyces cattleya	29303	S	6995	1819	8814	0.00066
Streptomyces broussonetiae	2686304	S	6869	2025	8894	0.00066
Streptomyces galilaeus	33899	S	6606	2150	8756	0.00065
Streptomyces phaeolivaceus	2653200	S	6492	1808	8300	0.00062
Streptomyces fodineus	1904616	S	6469	2266	8735	0.00065
Streptomyces calvus	67282	S	6461	2427	8888	0.00066
Streptomyces incarnatus	665007	S	6319	1832	8151	0.00061
Streptomyces roseochromogenus	285450	S	6020	1867	7887	0.00059
Streptomyces vietnamensis	362257	S	6005	1937	7942	0.00059
Streptomyces lunaelactis	1535768	S	5762	1128	6890	0.00051
Streptomyces rimosus	1927	S	5760	6928	12688	0.00095
Streptomyces nigra	1827580	S	5741	2161	7902	0.00059
Streptomyces dangxiongensis	1442032	S	5616	1885	7501	0.00056
Streptomyces ambofaciens	1889	S	5536	3135	8671	0.00065
Streptomyces alboflavus	67267	S	5315	1421	6736	0.00050
Streptomyces paludis	2282738	S	5286	1074	6360	0.00047
Streptomyces fagopyri	2662397	S	5241	1798	7039	0.00052
Streptomyces vinaceus	1960	S	5223	1797	7020	0.00052
Streptomyces aureoverticillatus	66871	S	5155	1343	6498	0.00048
Streptomyces glaucescens	1907	S	5146	2134	7280	0.00054
Streptomyces xinghaiensis	1038928	S	5144	1414	6558	0.00049
Streptomyces prasinus	67345	S	5142	1585	6727	0.00050
Streptomyces pactum	68249	S	5138	2044	7182	0.00054
Streptomyces cyanogenus	80860	S	5095	2246	7341	0.00055
Streptomyces viridosporus	67581	S	5076	1967	7043	0.00053
Streptomyces genisteinicus	2768068	S	5017	1458	6475	0.00048
Streptomyces chromofuscus	42881	S	5008	1869	6877	0.00051
Streptomyces atratus	1893	S	5007	952	5959	0.00044
Streptomyces liangshanensis	2717324	S	4989	1172	6161	0.00046
Streptomyces albulus	68570	S	4967	1438	6405	0.00048
Streptomyces deccanensis	424188	S	4964	2142	7106	0.00053
Streptomyces parvulus	146923	S	4873	2104	6977	0.00052
Streptomyces pluripotens	1355015	S	4851	1066	5917	0.00044
Streptomyces olivoreticuli	68246	S	4843	1268	6111	0.00046
Streptomyces globosus	68209	S	4665	1586	6251	0.00047
Streptomyces griseocarneus	51201	S	4653	1505	6158	0.00046
Streptomyces pratensis	1169025	S	4612	1083	5695	0.00042
Streptomyces rectiverticillatus	173860	S	4567	1354	5921	0.00044
Streptomyces luteoverticillatus	66425	S	4560	1397	5957	0.00044
Streptomyces clavuligerus	1901	S	4541	1025	5566	0.00041
Streptomyces katrae	68223	S	4494	1598	6092	0.00045
Streptomyces tendae	1932	S	4492	1802	6294	0.00047
Streptomyces lavendulae	1914	S	4461	1482	5943	0.00044
Streptomyces hundungensis	1077946	S	4443	1322	5765	0.00043
Streptomyces coeruleorubidus	116188	S	4379	2158	6537	0.00049
Streptomyces ficellus	1977088	S	4359	1456	5815	0.00043
Streptomyces peucetius	1950	S	4337	1115	5452	0.00041
Streptomyces exfoliatus	1905	S	4223	1376	5599	0.00042
Streptomyces gilvosporeus	553510	S	4085	1240	5325	0.00040
Streptomyces harbinensis	1176198	S	4079	1002	5081	0.00038
Streptomyces inhibens	2293571	S	4051	1196	5247	0.00039
Streptomyces hawaiiensis	67305	S	4041	1801	5842	0.00044
Streptomyces subrutilus	36818	S	4026	1420	5446	0.00041
Streptomyces kanamyceticus	1967	S	3910	1347	5257	0.00039
Streptomyces tuirus	68278	S	3839	1944	5783	0.00043
Streptomyces pristinaespiralis	38300	S	3836	1452	5288	0.00039
Streptomyces angustmyceticus	285578	S	3758	1489	5247	0.00039
Streptomyces finlayi	67296	S	3721	801	4522	0.00034
Streptomyces nitrosporeus	28894	S	3557	945	4502	0.00034
Streptomyces gardneri	66892	S	3479	1426	4905	0.00037
Streptomyces spongiicola	1690221	S	3431	1386	4817	0.00036
Streptomyces tirandamycinicus	2174846	S	3380	1073	4453	0.00033
Streptomyces qinzhouensis	2599401	S	3345	772	4117	0.00031
Streptomyces mobaraensis	35621	S	3306	146077	149383	0.01114
Streptomyces huasconensis	1854574	S	3176	1235	4411	0.00033
Streptomyces nojiriensis	66374	S	3091	1337	4428	0.00033
Streptomyces gobiensis	2875706	S	2970	513	3483	0.00026
Streptomyces rutgersensis	53451	S	2912	1383	4295	0.00032
Streptomyces coelicolor	1902	S	2054	29002	31056	0.00232
Streptomyces leeuwenhoekii	1437453	S	2629	1897	4526	0.00034
Streptomyces antimycoticus	68175	S	2470	2814	5284	0.00039
Streptomyces cyaneogriseus	68192	S	2347	1878	4225	0.00032
Streptomyces platensis	58346	S	2212	1774	3986	0.00030
Streptomyces auratus	114687	S	2008	1404	3412	0.00025
Streptomyces decoyicus	249567	S	1894	1104	2998	0.00022
Streptomyces lydicamycinicus	1546107	S	1778	1122	2900	0.00022
Streptomyces lividans	1916	S	1517	10477	11994	0.00089
Streptomyces olivaceus	47716	S	1412	5837	7249	0.00054
Streptomyces xiamenensis	408015	S	1331	1225	2556	0.00019
Streptomyces fungicidicus	68203	S	1185	3835	5020	0.00037
Streptomyces mirabilis	68239	S	1011	7039	8050	0.00060
Kitasatospora sp. MMS16-BH015	2018025	S	9583	2883	12466	0.00093
Kitasatospora sp. NA04385	2742135	S	7599	3801	11400	0.00085
Kitasatospora setae	2066	S	7295	3502	10797	0.00081
Kitasatospora aureofaciens	1894	S	5631	2097	7728	0.00058
Kitasatospora albolonga	68173	S	1690	1207	2897	0.00022
Yinghuangia sp. ASG 101	2896848	S	19777	2887	22664	0.00169
Streptacidiphilus sp. P02-A3a	2704468	S	5824	1596	7420	0.00055
Streptacidiphilus sp. PB12-B1b	2705012	S	5283	1863	7146	0.00053
Streptacidiphilus bronchialis	2126346	S	4712	1369	6081	0.00045
Microbacterium sp. No. 7	1714373	S	3841	1605	5446	0.00041
Microbacterium sp. 4R-513	2567934	S	3336	651	3987	0.00030
Microbacterium sp. 10M-3C3	2483401	S	2817	1712	4529	0.00034
Microbacterium sp. JZ31	1906274	S	2688	750	3438	0.00026
Microbacterium sp. SSW1-51	2851650	S	2401	989	3390	0.00025
Microbacterium sp. YJN-G	2763257	S	2238	926	3164	0.00024
Microbacterium sp. BH-3-3-3	1906742	S	2174	547	2721	0.00020
Microbacterium sp. SSW1-36	2851648	S	2117	675	2792	0.00021
Microbacterium sp. XT11	367477	S	1979	503	2482	0.00019
Microbacterium sp. ABRD_28	2268461	S	1960	279	2239	0.00017
Microbacterium sp. Y-01	2048898	S	1874	1273	3147	0.00023
Microbacterium sp. H1-D42	2925844	S	1844	370	2214	0.00017
Microbacterium sp. cx-55	2875948	S	1783	269	2052	0.00015
Microbacterium sp. PM5	2014534	S	1774	356	2130	0.00016
Microbacterium sp. LKL04	912630	S	1729	434	2163	0.00016
Microbacterium sp. NIBRBAC000506063	2734618	S	1639	637	2276	0.00017
Microbacterium sp. A18JL241	2782166	S	1621	485	2106	0.00016
Microbacterium sp. CBA3102	2603598	S	1595	752	2347	0.00018
Microbacterium sp. TPU 3598	1938334	S	1481	793	2274	0.00017
Microbacterium sp. 1S1	2606451	S	1394	1430	2824	0.00021
Microbacterium sp. Nx66	2766784	S	1191	1813	3004	0.00022
Microbacterium foliorum	104336	S	5116	1070	6186	0.00046
Microbacterium hominis	162426	S	3728	13523	17251	0.00129
Microbacterium oleivorans	273677	S	3595	636	4231	0.00032
Microbacterium cremeum	2782169	S	3343	631	3974	0.00030
Microbacterium atlanticum	2782168	S	3023	595	3618	0.00027
Microbacterium resistens	156977	S	2639	432	3071	0.00023
Microbacterium lemovicicum	1072463	S	2627	527	3154	0.00024
Microbacterium sediminis	904291	S	2491	1004	3495	0.00026
Microbacterium oryzae	743009	S	2296	598	2894	0.00022
Microbacterium testaceum	2033	S	2293	376	2669	0.00020
Microbacterium pygmaeum	370764	S	2230	245	2475	0.00018
Microbacterium aurum	36805	S	2046	584	2630	0.00020
Microbacterium caowuchunii	2614638	S	1921	321	2242	0.00017
Microbacterium wangchenii	2541726	S	1917	424	2341	0.00017
Microbacterium oxydans	82380	S	1898	1772	3670	0.00027
Microbacterium luteum	2782167	S	1892	703	2595	0.00019
Microbacterium protaetiae	2509458	S	1861	356	2217	0.00017
Microbacterium lushaniae	2614639	S	1822	413	2235	0.00017
Microbacterium hydrocarbonoxydans	273678	S	1794	322	2116	0.00016
Microbacterium esteraromaticum	57043	S	1753	368	2121	0.00016
Microbacterium chocolatum	84292	S	1711	339	2050	0.00015
Microbacterium schleiferi	69362	S	1234	377	1611	0.00012
Agromyces sp. H17E-10	2932244	S	4276	1224	5500	0.00041
Agromyces sp. LHK192	2498704	S	3522	891	4413	0.00033
Agromyces sp. CFWR-12	2929802	S	2654	1355	4009	0.00030
Agromyces flavus	589382	S	3705	1025	4730	0.00035
Agromyces soli	659012	S	3597	1146	4743	0.00035
Agromyces aureus	453304	S	3467	865	4332	0.00032
Agromyces protaetiae	2509455	S	2865	726	3591	0.00027
Agromyces marinus	1389020	S	2676	858	3534	0.00026
Agromyces archimandritae	2781962	S	2576	655	3231	0.00024
Agromyces intestinalis	2592652	S	2441	1188	3629	0.00027
Agromyces badenianii	2080742	S	2228	644	2872	0.00021
Agromyces laixinhei	2585717	S	2122	430	2552	0.00019
Curtobacterium sp. BH-2-1-1	1905847	S	2817	1051	3868	0.00029
Curtobacterium sp. L6-1	2841594	S	2182	721	2903	0.00022
Curtobacterium sp. MR_MD2014	1561023	S	1729	1097	2826	0.00021
Curtobacterium sp. YC1	2795488	S	1723	858	2581	0.00019
Curtobacterium sp. 24E2	2804758	S	1597	1312	2909	0.00022
Curtobacterium sp. TC1	2862880	S	1576	1219	2795	0.00021
Curtobacterium sp. SGAir0471	2070337	S	1189	1812	3001	0.00022
Curtobacterium sp. TXMA1	2876939	S	1146	1816	2962	0.00022
Curtobacterium flaccumfaciens	2035	S	3744	1605	5349	0.00040
Curtobacterium luteum	33881	S	2430	786	3216	0.00024
Leifsonia sp. 21MFCrub1.1	1798223	S	4586	5153	9739	0.00073
Leifsonia sp. ZF2019	2781978	S	3977	994	4971	0.00037
Leifsonia sp. PS1209	2724914	S	3685	918	4603	0.00034
Leifsonia shinshuensis	150026	S	6471	1643	8114	0.00061
Leifsonia xyli	1575	S	2377	295	2672	0.00020
Rathayibacter sp. VKM Ac-2759	2609252	S	2893	993	3886	0.00029
Rathayibacter sp. VKM Ac-2760	2609253	S	2598	1474	4072	0.00030
Rathayibacter sp. VKM Ac-2804	2609257	S	1843	1493	3336	0.00025
Rathayibacter sp. VKM Ac-2801	2609255	S	1159	2044	3203	0.00024
Rathayibacter festucae	110937	S	2895	2891	5786	0.00043
Rathayibacter tanaceti	1671680	S	1753	414	2167	0.00016
Rathayibacter tritici	33888	S	1114	327	1441	0.00011
Clavibacter michiganensis	28447	S	12535	16299	28834	0.00215
Clavibacter zhangzhiyongii	2768071	S	1617	701	2318	0.00017
Leucobacter sp. H25R-14	2932245	S	1948	1618	3566	0.00027
Leucobacter sp. NB 10	2873270	S	1841	941	2782	0.00021
Leucobacter sp. Psy1	2875729	S	1480	417	1897	0.00014
Leucobacter sp. CX169	2813744	S	1272	493	1765	0.00013
Leucobacter muris	1935379	S	2166	763	2929	0.00022
Leucobacter triazinivorans	1784719	S	1955	1133	3088	0.00023
Agrococcus sp. SGAir0287	2070347	S	3162	872	4034	0.00030
Agrococcus sp. SCSIO52902	2933290	S	2765	1237	4002	0.00030
Agrococcus sp. Marseille-Q4369	2810513	S	2660	855	3515	0.00026
Agrococcus jejuensis	399736	S	3467	995	4462	0.00033
Agrococcus carbonis	684552	S	3004	1248	4252	0.00032
Protaetiibacter sp. SSC-01	2759943	S	4016	1346	5362	0.00040
Protaetiibacter intestinalis	2419774	S	3604	1176	4780	0.00036
Protaetiibacter larvae	2592654	S	2420	701	3121	0.00023
Salinibacterium sp. ZJ450	2708338	S	1987	293	2280	0.00017
Salinibacterium sp. ZJ70	2708084	S	1862	445	2307	0.00017
Salinibacterium sp. dk2585	2603292	S	1304	230	1534	0.00011
Cryobacterium sp. LW097	1978566	S	1546	349	1895	0.00014
Cryobacterium soli	2220095	S	1257	760	2017	0.00015
Cryobacterium arcticum	670052	S	1096	983	2079	0.00016
Frondihabitans sp. PAMC 28766	1795630	S	2800	346	3146	0.00023
Frondihabitans sp. 762G35	1446794	S	2426	472	2898	0.00022
Microterricola viridarii	412690	S	4453	1007	5460	0.00041
Microcella flavibacter	1804990	S	2565	1101	3666	0.00027
Microcella alkaliphila	279828	S	1625	254	1879	0.00014
Herbiconiux sp. SALV-R1	2735133	S	3263	597	3860	0.00029
Cnuibacter physcomitrellae	1619308	S	3262	643	3905	0.00029
Frigoribacterium sp. NBH87	2596916	S	3153	845	3998	0.00030
Gryllotalpicola protaetiae	2419771	S	3043	540	3583	0.00027
Subtercola sp. AK-R2A1-2	2895559	S	1713	152	1865	0.00014
Humibacter sp. WJ7-1	2599293	S	2561	511	3072	0.00023
Amnibacterium sp. L3-i23	2905871	S	2276	498	2774	0.00021
Gulosibacter sediminis	1729695	S	1873	481	2354	0.00018
Marisediminicola antarctica	674079	S	1735	198	1933	0.00014
Diaminobutyricimonas sp. LJ205	2683590	S	1517	260	1777	0.00013
Agreia sp. COWG	2773266	S	1358	153	1511	0.00011
Glaciihabitans sp. INWT7	2596912	S	1357	99	1456	0.00011
Arthrobacter sp. NicSoilC5	2831000	S	39719	15896	55615	0.00415
Arthrobacter sp. FW305-BF8	2879617	S	16689	4036	20725	0.00155
Arthrobacter sp. QXT-31	1357915	S	12765	3198	15963	0.00119
Arthrobacter sp. NicSoilB11	2830999	S	3763	9868	13631	0.00102
Arthrobacter sp. PM3	2017685	S	3740	446	4186	0.00031
Arthrobacter sp. NicSoilB8	2830998	S	3583	810	4393	0.00033
Arthrobacter sp. StoSoilB19	2830994	S	3569	10738	14307	0.00107
Arthrobacter sp. KBS0702	2578107	S	3514	1213	4727	0.00035
Arthrobacter sp. UKPF54-2	2600159	S	3500	1274	4774	0.00036
Arthrobacter sp. 24S4-2	2575374	S	3092	602	3694	0.00028
Arthrobacter sp. PAMC25564	2565366	S	2975	717	3692	0.00028
Arthrobacter sp. FB24	290399	S	2931	714	3645	0.00027
Arthrobacter sp. PGP41	2079227	S	2919	741	3660	0.00027
Arthrobacter sp. FW306-06-A	2879621	S	2854	6650	9504	0.00071
Arthrobacter sp. U41	1849032	S	2805	679	3484	0.00026
Arthrobacter sp. NtRootA1	2830983	S	2797	665	3462	0.00026
Arthrobacter sp. NicSoilB4	2830997	S	2786	763	3549	0.00026
Arthrobacter sp. FW306-2-2C-D06B	2879618	S	2425	434	2859	0.00021
Arthrobacter sp. QL17	2895818	S	2216	478	2694	0.00020
Arthrobacter sp. PAMC25284	2861279	S	1986	472	2458	0.00018
Arthrobacter sp. FW306-07-I	2879622	S	1824	6742	8566	0.00064
Arthrobacter sp. ERGS1:01	1704044	S	1744	322	2066	0.00015
Arthrobacter sp. FW306-05-C	2879620	S	1645	5710	7355	0.00055
Arthrobacter sp. Helios	2828862	S	1258	197	1455	0.00011
Arthrobacter sp. StoSoilB5	2830992	S	1208	285	1493	0.00011
Arthrobacter sp. StoSoilB20	2830995	S	1068	234	1302	0.00010
Arthrobacter agilis	37921	S	3276	429	3705	0.00028
Arthrobacter crystallopoietes	37928	S	2571	434	3005	0.00022
Arthrobacter woluwensis	156980	S	1662	346	2008	0.00015
Arthrobacter sulfonylureivorans	2486855	S	1632	238	1870	0.00014
Arthrobacter dokdonellae	2211210	S	1507	245	1752	0.00013
Arthrobacter jiangjiafuii	2817475	S	1079	283	1362	0.00010
Arthrobacter alpinus	656366	S	1052	1558	2610	0.00019
Pseudarthrobacter sp. NIBRBAC000502771	2590774	S	2959	8462	11421	0.00085
Pseudarthrobacter sp. NIBRBAC000502770	2590785	S	2944	7328	10272	0.00077
Pseudarthrobacter sp. L1SW	2851598	S	2153	764	2917	0.00022
Pseudarthrobacter sp. BIM B-2242	2772401	S	2113	482	2595	0.00019
Pseudarthrobacter sp. NBSH8	2596911	S	1055	509	1564	0.00012
Pseudarthrobacter chlorophenolicus	85085	S	2548	1108	3656	0.00027
Pseudarthrobacter phenanthrenivorans	361575	S	2400	990	3390	0.00025
Pseudarthrobacter equi	728066	S	2378	1131	3509	0.00026
Pseudarthrobacter psychrotolerans	2697569	S	1293	721	2014	0.00015
Kocuria rosea	1275	S	3106	924	4030	0.00030
Kocuria flava	446860	S	2561	1120	3681	0.00027
Kocuria turfanensis	388357	S	2507	830	3337	0.00025
Kocuria palustris	71999	S	1646	556	2202	0.00016
Kocuria rhizophila	72000	S	1328	2328	3656	0.00027
Kocuria varians	1272	S	1095	705	1800	0.00013
Sinomonas atrocyanea	37927	S	9558	2610	12168	0.00091
Sinomonas sp. R1AF57	2020377	S	3480	655	4135	0.00031
Micrococcus luteus	1270	S	3651	6187	9838	0.00073
Micrococcus sp. KD337-16	2856555	S	1427	730	2157	0.00016
Paenarthrobacter ureafaciens	37931	S	1666	3229	4895	0.00036
Glutamicibacter protophormiae	37930	S	1060	1395	2455	0.00018
Glutamicibacter creatinolyticus	162496	S	1060	371	1431	0.00011
Rothia kristinae	37923	S	1739	903	2642	0.00020
Citricoccus sp. SGAir0253	2567881	S	2559	588	3147	0.00023
Cellulomonas sp. Y8	2591145	S	5351	2187	7538	0.00056
Cellulomonas sp. H30R-01	2704467	S	5055	1881	6936	0.00052
Cellulomonas sp. JZ18	2654191	S	4008	1630	5638	0.00042
Cellulomonas sp. C5510	2871170	S	3994	1520	5514	0.00041
Cellulomonas sp. zg-ZUI188	2819978	S	3940	1038	4978	0.00037
Cellulomonas sp. zg-ZUI222	2816956	S	3513	1267	4780	0.00036
Cellulomonas sp. zg-ZUI157	2819979	S	3505	1158	4663	0.00035
Cellulomonas sp. EW123	2608402	S	3180	1833	5013	0.00037
Cellulomonas sp. PSBB021	2003551	S	2821	2158	4979	0.00037
Cellulomonas fimi	1708	S	4412	3501	7913	0.00059
Cellulomonas iranensis	76862	S	3975	1756	5731	0.00043
Cellulomonas shaoxiangyii	2566013	S	3871	1519	5390	0.00040
Cellulomonas flavigena	1711	S	3531	1265	4796	0.00036
Cellulomonas gilvus	11	S	3177	1305	4482	0.00033
Cellulomonas taurus	2729175	S	2519	761	3280	0.00024
Actinotalea sp. JY-7876	2758442	S	4063	1362	5425	0.00040
Oerskovia sp. KBS0722	1179673	S	3364	1007	4371	0.00033
Pseudactinotalea sp. HY158	2654547	S	2833	386	3219	0.00024
Paraoerskovia marina	545619	S	2107	514	2621	0.00020
Janibacter melonis	262209	S	5601	1822	7423	0.00055
Janibacter limosus	53458	S	3670	933	4603	0.00034
Janibacter indicus	857417	S	1966	3010	4976	0.00037
Janibacter sp. YB324	2761047	S	1033	2173	3206	0.00024
Phycicoccus sp. HDW14	2714941	S	8288	2675	10963	0.00082
Phycicoccus endophyticus	1690220	S	5746	1654	7400	0.00055
Intrasporangium calvum	53358	S	14152	3446	17598	0.00131
Pedococcus dokdonensis	443156	S	11598	3399	14997	0.00112
Tetrasphaera sp. HKS02	1813880	S	8855	2303	11158	0.00083
Arsenicicoccus sp. oral taxon 190	1658671	S	4896	1760	6656	0.00050
Cellulosimicrobium cellulans	1710	S	7603	9843	17446	0.00130
Cellulosimicrobium sp. BI34T	2587808	S	3083	1800	4883	0.00036
Xylanimonas protaetiae	2509457	S	3585	1502	5087	0.00038
Xylanimonas cellulosilytica	186189	S	3116	1055	4171	0.00031
Xylanimonas allomyrinae	2509459	S	2972	892	3864	0.00029
Isoptericola variabilis	139208	S	3975	1959	5934	0.00044
Isoptericola dokdonensis	372663	S	3651	1335	4986	0.00037
Ornithinimicrobium avium	2283195	S	4336	1071	5407	0.00040
Ornithinimicrobium sp. HY006	2508882	S	3099	994	4093	0.00031
Ornithinimicrobium flavum	1288636	S	3359	1020	4379	0.00033
Ornithinimicrobium ciconiae	2594265	S	2624	382	3006	0.00022
Ornithinimicrobium pratense	2593973	S	2172	590	2762	0.00021
Serinicoccus chungangensis	767452	S	3195	1005	4200	0.00031
Serinicoccus hydrothermalis	1758689	S	3132	1317	4449	0.00033
Serinicoccus profundi	1078471	S	2774	919	3693	0.00028
Serinicoccus marinus	247333	S	2522	1109	3631	0.00027
Brachybacterium sp. CBA3105	2887346	S	2930	617	3547	0.00026
Brachybacterium sp. SGAir0954	2571029	S	2727	693	3420	0.00026
Brachybacterium sp. P6-10-X1	1903186	S	2176	349	2525	0.00019
Brachybacterium ginsengisoli	1331682	S	2458	659	3117	0.00023
Brachybacterium saurashtrense	556288	S	2321	605	2926	0.00022
Brachybacterium faecium	43669	S	2236	623	2859	0.00021
Brachybacterium vulturis	2017484	S	1708	574	2282	0.00017
Brachybacterium avium	2017485	S	1432	479	1911	0.00014
Brevibacterium sp. CS2	2575923	S	2513	954	3467	0.00026
Brevibacterium sp. SMBL_HHYL_HB1	2777556	S	1157	368	1525	0.00011
Brevibacterium casei	33889	S	2882	3488	6370	0.00047
Brevibacterium linens	1703	S	1439	1779	3218	0.00024
Brevibacterium luteolum	199591	S	1375	524	1899	0.00014
Dermacoccus nishinomiyaensis	1274	S	3317	1335	4652	0.00035
Dermacoccus sp. PAMC28757	2762331	S	2256	781	3037	0.00023
Luteipulveratus mongoliensis	571913	S	4505	588	5093	0.00038
Allobranchiibius sp. GilTou73	2904523	S	3528	723	4251	0.00032
Yimella sp. cx-51	2770551	S	2012	380	2392	0.00018
Georgenia yuyongxinii	2589797	S	3958	908	4866	0.00036
Georgenia sp. TF02-10	2917725	S	3894	1312	5206	0.00039
Georgenia wutianyii	2585135	S	3572	1153	4725	0.00035
Georgenia faecalis	2483799	S	3282	838	4120	0.00031
Haloactinobacterium kanbiaonis	2675754	S	4285	578	4863	0.00036
Ruania sp. LR1S40	2897774	S	2181	429	2610	0.00019
Ruania sp. M4N3S171	2897773	S	1391	188	1579	0.00012
Ruania zhangjianzhongii	2603206	S	2425	227	2652	0.00020
Ruania alkalisoli	2779775	S	1782	288	2070	0.00015
Pengzhenrongella sicca	2819238	S	4740	1237	5977	0.00045
Luteimicrobium xylanilyticum	1133546	S	4340	1239	5579	0.00042
Beutenbergia cavernae	84757	S	5072	779	5851	0.00044
Miniimonas sp. S16	2171623	S	3477	1656	5133	0.00038
Sanguibacter keddieii	60920	S	3271	906	4177	0.00031
Sanguibacter sp. HDW7	2714931	S	2923	850	3773	0.00028
Gephyromycinifex aptenodytis	2716227	S	1387	154	1541	0.00011
Austwickia chelonae	100225	S	1014	75	1089	0.00008
Kytococcus sedentarius	1276	S	2619	1398	4017	0.00030
Nocardioides sp. G188	2849501	S	92136	27104	119240	0.00889
Nocardioides sp. LMS-CY	2840457	S	15911	5082	20993	0.00157
Nocardioides sp. JS614	196162	S	14961	4359	19320	0.00144
Nocardioides sp. HDW12B	2714939	S	11098	3477	14575	0.00109
Nocardioides sp. W7	2931390	S	10639	3552	14191	0.00106
Nocardioides sp. TF02-7	2917724	S	10062	3145	13207	0.00098
Nocardioides sp. zg-579	2663857	S	9954	4947	14901	0.00111
Nocardioides sp. cx-173	2898796	S	9450	3180	12630	0.00094
Nocardioides sp. S-1144	2582905	S	9415	3536	12951	0.00097
Nocardioides sp. S5	2017486	S	8592	4279	12871	0.00096
Nocardioides sp. InS609-2	2760705	S	8534	1921	10455	0.00078
Nocardioides sp. zg-1228	2763008	S	8326	3600	11926	0.00089
Nocardioides sp. 603	2483798	S	8204	3719	11923	0.00089
Nocardioides sp. SCSIO 67246	2872154	S	7714	1981	9695	0.00072
Nocardioides sp. CF8	110319	S	6929	2835	9764	0.00073
Nocardioides sp. MC1495	2736757	S	6918	2398	9316	0.00069
Nocardioides sp. JQ2195	2592334	S	6469	1311	7780	0.00058
Nocardioides sp. zg-536	2803858	S	5942	2513	8455	0.00063
Nocardioides sp. Kera G14	2884264	S	5556	1131	6687	0.00050
Nocardioides sp. dk884	2662361	S	5503	6071	11574	0.00086
Nocardioides sp. ZJ1313	2685869	S	5280	5878	11158	0.00083
Nocardioides sp. WS12	2486272	S	5162	890	6052	0.00045
Nocardioides ungokensis	1643322	S	44568	15093	59661	0.00445
Nocardioides mesophilus	433659	S	23864	6889	30753	0.00229
Nocardioides cynanchi	2558918	S	15531	3565	19096	0.00142
Nocardioides anomalus	2712223	S	13772	4026	17798	0.00133
Nocardioides okcheonensis	2894081	S	9427	4233	13660	0.00102
Nocardioides dongkuii	2760089	S	9202	4455	13657	0.00102
Nocardioides humi	449461	S	9068	2921	11989	0.00089
Nocardioides euryhalodurans	2518370	S	9050	2675	11725	0.00087
Nocardioides aromaticivorans	200618	S	8420	3102	11522	0.00086
Nocardioides aquaticus	160826	S	7654	2274	9928	0.00074
Nocardioides rotundus	1774216	S	7423	2714	10137	0.00076
Nocardioides marinisabuli	419476	S	7305	3982	11287	0.00084
Nocardioides dokdonensis	450734	S	6605	3036	9641	0.00072
Nocardioides sambongensis	2589074	S	6087	1682	7769	0.00058
Nocardioides seonyuensis	2518371	S	5274	1381	6655	0.00050
Nocardioides panacisoli	627624	S	5160	1226	6386	0.00048
Nocardioides houyundeii	2045452	S	4994	1482	6476	0.00048
Nocardioides piscis	2714938	S	4939	1855	6794	0.00051
Nocardioides daphniae	402297	S	4162	1842	6004	0.00045
Nocardioides jishulii	2575440	S	3268	1161	4429	0.00033
Nocardioides baekrokdamisoli	1804624	S	2526	310	2836	0.00021
Nocardioides yefusunii	2500546	S	2365	670	3035	0.00023
Aeromicrobium sp. Leaf245	1736306	S	3497	992	4489	0.00033
Aeromicrobium sp. zg-629	2663859	S	2915	881	3796	0.00028
Aeromicrobium sp. A1-2	2107713	S	2560	336	2896	0.00022
Aeromicrobium erythreum	2041	S	4029	1108	5137	0.00038
Aeromicrobium chenweiae	2079793	S	3871	1194	5065	0.00038
Aeromicrobium choanae	1736691	S	3605	998	4603	0.00034
Aeromicrobium yanjiei	2662028	S	3424	982	4406	0.00033
Aeromicrobium marinum	219314	S	2853	573	3426	0.00026
Marmoricola scoriae	642780	S	9035	3188	12223	0.00091
Pimelobacter simplex	2045	S	7628	2670	10298	0.00077
Friedmanniella luteola	546871	S	6595	1201	7796	0.00058
Mumia sp. ZJ1417	2708082	S	4655	764	5419	0.00040
Micropruina glycogenica	75385	S	2367	316	2683	0.00020
Microlunatus sagamiharensis	546874	S	6220	1288	7508	0.00056
Microlunatus soli	630515	S	4341	384	4725	0.00035
Microlunatus elymi	2596828	S	3513	345	3858	0.00029
Microlunatus phosphovorus	29405	S	3425	366	3791	0.00028
Microlunatus sp. Gsoil 973	2672569	S	2995	210	3205	0.00024
Tessaracoccus sp. J1M15	2829499	S	2264	614	2878	0.00021
Tessaracoccus sp. MC1865	2760310	S	1653	392	2045	0.00015
Tessaracoccus defluvii	1285901	S	2281	1298	3579	0.00027
Tessaracoccus aquimaris	1332264	S	2174	901	3075	0.00023
Tessaracoccus flavescens	399497	S	1944	1326	3270	0.00024
Tessaracoccus flavus	1610493	S	1595	1051	2646	0.00020
Tessaracoccus timonensis	2161816	S	1038	435	1473	0.00011
Brevilactibacter coleopterorum	2714937	S	3125	1252	4377	0.00033
Brevilactibacter sp. MC1595	2819349	S	2833	1012	3845	0.00029
Acidipropionibacterium acidipropionici	1748	S	1910	1058	2968	0.00022
Acidipropionibacterium jensenii	1749	S	1797	973	2770	0.00021
Acidipropionibacterium virtanenii	2057246	S	1243	212	1455	0.00011
Propionibacterium acidifaciens	556499	S	1930	400	2330	0.00017
Propionibacterium freudenreichii	1744	S	1489	1058	2547	0.00019
Propionibacterium australiense	119981	S	1444	220	1664	0.00012
Auraticoccus monumenti	675864	S	3986	662	4648	0.00035
Raineyella fluvialis	2662261	S	2375	299	2674	0.00020
Cutibacterium avidum	33010	S	1068	375	1443	0.00011
Arachnia propionica	1750	S	1442	202	1644	0.00012
Kribbella flavida	182640	S	22530	4757	27287	0.00203
Kribbella qitaiheensis	1544730	S	17988	2612	20600	0.00154
Actinopolymorpha singaporensis	117157	S	10151	1039	11190	0.00083
Mycolicibacterium litorale	758802	S	5449	1580	7029	0.00052
Mycolicibacterium fluoranthenivorans	258505	S	5334	682	6016	0.00045
Mycolicibacterium sp. YH-1	2908837	S	2873	2374	5247	0.00039
Mycolicibacterium phocaicum	319706	S	4548	2602	7150	0.00053
Mycolicibacterium smegmatis	1772	S	4233	3617	7850	0.00059
Mycolicibacterium madagascariense	212765	S	3688	531	4219	0.00031
Mycolicibacterium sediminis	1286180	S	3678	650	4328	0.00032
Mycolicibacterium rutilum	370526	S	3490	1100	4590	0.00034
Mycolicibacterium fortuitum	1766	S	3483	1441	4924	0.00037
Mycolicibacterium mageritense	53462	S	3436	628	4064	0.00030
Mycolicibacterium septicum	98668	S	3434	2683	6117	0.00046
Mycolicibacterium arabiense	1286181	S	3422	503	3925	0.00029
Mycolicibacterium phlei	1771	S	3285	1116	4401	0.00033
Mycolicibacterium neoaurum	1795	S	3245	766	4011	0.00030
Mycolicibacterium chubuense	1800	S	3183	771	3954	0.00029
Mycolicibacterium rhodesiae	36814	S	3057	538	3595	0.00027
Mycolicibacterium psychrotolerans	216929	S	3034	709	3743	0.00028
Mycolicibacterium hassiacum	46351	S	3028	826	3854	0.00029
Mycolicibacterium vaccae	1810	S	2998	594	3592	0.00027
Mycolicibacterium parafortuitum	39692	S	2907	567	3474	0.00026
Mycolicibacterium chitae	1792	S	2879	679	3558	0.00027
Mycolicibacterium mucogenicum	56689	S	2844	1231	4075	0.00030
Mycolicibacterium aichiense	1799	S	2797	509	3306	0.00025
Mycolicibacterium boenickei	146017	S	2768	4298	7066	0.00053
Mycolicibacterium helvum	1534349	S	2738	335	3073	0.00023
Mycolicibacterium moriokaense	39691	S	2735	335	3070	0.00023
Mycolicibacterium duvalii	39688	S	2653	515	3168	0.00024
Mycolicibacterium thermoresistibile	1797	S	2595	566	3161	0.00024
Mycolicibacterium pulveris	36813	S	2562	437	2999	0.00022
Mycolicibacterium gilvum	1804	S	2539	1076	3615	0.00027
Mycolicibacterium monacense	85693	S	2532	905	3437	0.00026
Mycolicibacterium tokaiense	39695	S	2526	402	2928	0.00022
Mycolicibacterium gadium	1794	S	2523	366	2889	0.00022
Mycolicibacterium aurum	1791	S	2510	320	2830	0.00021
Mycolicibacterium poriferae	39694	S	2503	558	3061	0.00023
Mycolicibacterium fallax	1793	S	2427	990	3417	0.00025
Mycolicibacterium baixiangningiae	2761578	S	2406	387	2793	0.00021
Mycolicibacterium confluentis	28047	S	2299	338	2637	0.00020
Mycolicibacterium celeriflavum	1249101	S	2255	479	2734	0.00020
Mycolicibacterium insubricum	444597	S	2202	651	2853	0.00021
Mycolicibacterium anyangense	1431246	S	2057	337	2394	0.00018
Mycolicibacterium austroafricanum	39687	S	2005	9089	11094	0.00083
Mycolicibacterium mengxianglii	2736649	S	1992	208	2200	0.00016
Mycolicibacterium sarraceniae	1534348	S	1989	264	2253	0.00017
Mycolicibacterium alvei	67081	S	1736	547	2283	0.00017
Mycobacterium doricum	126673	S	1515	359	1874	0.00014
Mycobacterium sp. JS623	212767	S	8739	1174	9913	0.00074
Mycobacterium sp. EPa45	1545728	S	3634	1362	4996	0.00037
Mycobacterium sp. IDR2000157661	2867005	S	2478	790	3268	0.00024
Mycobacterium sp. DL592	2675524	S	2272	643	2915	0.00022
Mycobacterium sp. MS1601	1936029	S	2156	402	2558	0.00019
Mycobacterium sp. DL440	2675523	S	2152	726	2878	0.00021
Mycobacterium sp. YC-RL4	1682113	S	2101	984	3085	0.00023
Mycobacterium sp. TY59	2775496	S	1520	693	2213	0.00016
Mycobacterium saskatchewanense	220927	S	2555	479	3034	0.00023
Mycobacterium parmense	185642	S	2458	536	2994	0.00022
Mycobacterium kubicae	120959	S	2179	461	2640	0.00020
Mycobacterium shigaense	722731	S	1948	271	2219	0.00017
Mycobacterium simiae	1784	S	1856	155	2011	0.00015
Mycobacterium florentinum	292462	S	1856	385	2241	0.00017
Mycobacterium lentiflavum	141349	S	1706	397	2103	0.00016
Mycobacterium stomatepiae	470076	S	1705	317	2022	0.00015
Mycobacterium heidelbergense	53376	S	1661	445	2106	0.00016
Mycobacterium avium	1764	S	3904	3649	7553	0.00056
Mycobacterium intracellulare	1767	S	1993	20280	22273	0.00166
Mycobacterium colombiense	339268	S	1905	370	2275	0.00017
Mycobacterium marseillense	701042	S	1839	524	2363	0.00018
Mycobacterium mantenii	560555	S	1772	242	2014	0.00015
Mycobacterium rufum	318424	S	4404	1427	5831	0.00043
Mycobacterium grossiae	1552759	S	3802	1180	4982	0.00037
Mycobacterium conspicuum	44010	S	3168	429	3597	0.00027
Mycobacterium crocinum	388459	S	3103	2493	5596	0.00042
Mycobacterium dioxanotrophicus	482462	S	3005	821	3826	0.00029
Mycobacterium holsaticum	152142	S	2586	427	3013	0.00022
Mycobacterium frederiksbergense	117567	S	2430	873	3303	0.00025
Mycobacterium goodii	134601	S	2427	1065	3492	0.00026
Mycobacterium diernhoferi	1801	S	2383	486	2869	0.00021
Mycobacterium paragordonae	1389713	S	2356	334	2690	0.00020
Mycobacterium branderi	43348	S	2335	306	2641	0.00020
Mycobacterium gordonae	1778	S	2030	191	2221	0.00017
Mycobacterium cookii	1775	S	1978	195	2173	0.00016
Mycobacterium paraterrae	577492	S	1965	233	2198	0.00016
Mycobacterium koreense	1069220	S	1734	549	2283	0.00017
Mycobacterium vicinigordonae	1719132	S	1648	90	1738	0.00013
Mycobacterium paraseoulense	590652	S	1625	425	2050	0.00015
Mycobacterium kansasii	1768	S	1604	202	1806	0.00013
Mycobacterium riyadhense	486698	S	1600	70	1670	0.00012
Mycobacterium noviomagense	459858	S	1586	126	1712	0.00013
Mycobacterium lacus	169765	S	1542	118	1660	0.00012
Mycobacterium malmoense	1780	S	1539	280	1819	0.00014
Mycobacterium heckeshornense	110505	S	1532	135	1667	0.00012
Mycobacterium shinjukuense	398694	S	1495	161	1656	0.00012
Mycobacterium seoulense	386911	S	1490	447	1937	0.00014
Mycobacterium virginiense	1795032	S	1393	438	1831	0.00014
Mycobacterium ostraviense	2738409	S	1371	184	1555	0.00012
Mycobacterium xenopi	1789	S	1330	191	1521	0.00011
Mycobacterium basiliense	2094119	S	1247	45	1292	0.00010
Mycobacterium spongiae	886343	S	1178	32	1210	0.00009
Mycolicibacter sp. MYC340	2855503	S	1384	1240	2624	0.00020
Mycolicibacter sp. MYC098	2872309	S	1186	1167	2353	0.00018
Mycolicibacter terrae	1788	S	1565	555	2120	0.00016
Mycolicibacter hiberniae	29314	S	1507	335	1842	0.00014
Mycolicibacter minnesotensis	1118379	S	1074	196	1270	0.00009
Mycobacteroides abscessus	36809	S	2649	2607	5256	0.00039
Mycobacteroides chelonae	1774	S	1722	1085	2807	0.00021
Mycobacteroides saopaulense	1578165	S	1040	135	1175	0.00009
Mycobacteroides immunogenum	83262	S	1024	235	1259	0.00009
Mycolicibacillus parakoreensis	1069221	S	2009	662	2671	0.00020
Nocardia asteroides	1824	S	18449	5987	24436	0.00182
Nocardia brasiliensis	37326	S	11481	3001	14482	0.00108
Nocardia nova	37330	S	10291	1366	11657	0.00087
Nocardia cyriacigeorgica	135487	S	8064	3345	11409	0.00085
Nocardia terpenica	455432	S	7404	1240	8644	0.00064
Nocardia farcinica	37329	S	5789	3333	9122	0.00068
Nocardia arthritidis	228602	S	4995	595	5590	0.00042
Nocardia tengchongensis	2055889	S	4881	1180	6061	0.00045
Nocardia wallacei	480035	S	4878	1354	6232	0.00046
Nocardia gipuzkoensis	2749991	S	4406	1603	6009	0.00045
Nocardia yamanashiensis	209247	S	4389	840	5229	0.00039
Nocardia sp. CS682	1047172	S	4243	989	5232	0.00039
Nocardia huaxiensis	2755382	S	3950	745	4695	0.00035
Nocardia iowensis	204891	S	3891	822	4713	0.00035
Nocardia otitidiscaviarum	1823	S	3761	704	4465	0.00033
Nocardia yunnanensis	2382165	S	3679	879	4558	0.00034
Nocardia seriolae	37332	S	3620	948	4568	0.00034
Nocardia mangyaensis	2213200	S	3225	816	4041	0.00030
Rhodococcus sp. X156	2499145	S	3681	1136	4817	0.00036
Rhodococcus sp. MTM3W5.2	1805827	S	3287	762	4049	0.00030
Rhodococcus sp. W8901	2742603	S	2873	810	3683	0.00027
Rhodococcus sp. SGAir0479	2567884	S	2872	876	3748	0.00028
Rhodococcus sp. PBTS 1	1653478	S	2613	630	3243	0.00024
Rhodococcus sp. R79	2811421	S	1831	3152	4983	0.00037
Rhodococcus sp. ABRD24	2507582	S	1795	337	2132	0.00016
Rhodococcus sp. USK10	2789739	S	1542	2765	4307	0.00032
Rhodococcus sp. B7740	1564114	S	1301	194	1495	0.00011
Rhodococcus sp. P1Y	1302308	S	1158	108	1266	0.00009
Rhodococcus sp. WMMA185	679318	S	1104	138	1242	0.00009
Rhodococcus opacus	37919	S	8844	14699	23543	0.00176
Rhodococcus equi	43767	S	4520	1633	6153	0.00046
Rhodococcus fascians	1828	S	3685	823	4508	0.00034
Rhodococcus rhodochrous	1829	S	2564	2039	4603	0.00034
Rhodococcus koreensis	99653	S	2242	989	3231	0.00024
Rhodococcus triatomae	300028	S	2124	586	2710	0.00020
Rhodococcus coprophilus	38310	S	1710	282	1992	0.00015
Rhodococcus jostii	132919	S	1596	1011	2607	0.00019
Rhodococcus pyridinivorans	103816	S	1307	7534	8841	0.00066
Rhodococcus ruber	1830	S	1200	5995	7195	0.00054
Rhodococcus globerulus	33008	S	1085	131	1216	0.00009
Corynebacterium cyclohexanicum	322009	S	3591	1153	4744	0.00035
Corynebacterium frankenforstense	1230998	S	1904	859	2763	0.00021
Corynebacterium xerosis	1725	S	1879	1993	3872	0.00029
Corynebacterium sphenisci	191493	S	1769	650	2419	0.00018
Corynebacterium bovis	36808	S	1712	553	2265	0.00017
Corynebacterium halotolerans	225326	S	1456	686	2142	0.00016
Corynebacterium freneyi	134034	S	1390	1460	2850	0.00021
Corynebacterium nuruki	1032851	S	1246	494	1740	0.00013
Corynebacterium vitaeruminis	38305	S	1148	577	1725	0.00013
Corynebacterium humireducens	1223514	S	1112	701	1813	0.00014
Corynebacterium doosanense	1121358	S	1032	776	1808	0.00013
Corynebacterium maris	575200	S	1022	300	1322	0.00010
Gordonia sp. PP30	2935861	S	2615	785	3400	0.00025
Gordonia sp. YC-JH1	2059875	S	1906	1387	3293	0.00025
Gordonia sp. KTR9	337191	S	1820	825	2645	0.00020
Gordonia sp. PDNC005	2811424	S	1427	222	1649	0.00012
Gordonia polyisoprenivorans	84595	S	4163	1086	5249	0.00039
Gordonia terrae	2055	S	2758	4692	7450	0.00056
Gordonia insulae	2420509	S	2621	587	3208	0.00024
Gordonia phthalatica	1136941	S	2297	976	3273	0.00024
Gordonia bronchialis	2054	S	2227	776	3003	0.00022
Gordonia amarae	36821	S	2171	472	2643	0.00020
Gordonia jinghuaiqii	2758710	S	2099	498	2597	0.00019
Gordonia iterans	1004901	S	2043	695	2738	0.00020
Gordonia rubripertincta	36822	S	1851	2568	4419	0.00033
Gordonia pseudoamarae	2831662	S	1752	408	2160	0.00016
Gordonia otitidis	249058	S	1679	397	2076	0.00015
Gordonia zhaorongruii	2597659	S	1198	213	1411	0.00011
Skermania piniformis	39122	S	2275	254	2529	0.00019
Tsukamurella paurometabola	2061	S	4365	1999	6364	0.00047
Tsukamurella tyrosinosolvens	57704	S	3669	1507	5176	0.00039
Tsukamurella sp. PLM1	2929795	S	2565	772	3337	0.00025
Tsukamurella pulmonis	47312	S	2416	795	3211	0.00024
Dietzia sp. oral taxon 368	712270	S	1387	2406	3793	0.00028
Dietzia psychralcaliphila	139021	S	1556	414	1970	0.00015
Dietzia lutea	546160	S	1534	821	2355	0.00018
Dietzia timorensis	499555	S	1246	645	1891	0.00014
Tomitella gaofuii	2760083	S	2481	692	3173	0.00024
Tomitella fengzijianii	2597660	S	2356	708	3064	0.00023
Segniliparus rotundus	286802	S	1218	63	1281	0.00010
Amycolatopsis sp. Hca4	2742131	S	17627	5561	23188	0.00173
Amycolatopsis sp. WQ 127309	2932773	S	17480	4296	21776	0.00162
Amycolatopsis sp. DSM 110486	2865832	S	13346	2442	15788	0.00118
Amycolatopsis sp. FDAARGOS 1241	2778070	S	8937	1796	10733	0.00080
Amycolatopsis sp. CA-230715	2745196	S	7802	1074	8876	0.00066
Amycolatopsis sp. YIM 10	2653857	S	6904	1753	8657	0.00065
Amycolatopsis sp. FU40	2914159	S	5505	2282	7787	0.00058
Amycolatopsis sp. AA4	1896961	S	4891	2358	7249	0.00054
Amycolatopsis sp. BJA-103	1911175	S	3938	1364	5302	0.00040
Amycolatopsis sp. TNS106	2861750	S	3166	1603	4769	0.00036
Amycolatopsis sp. EV170708-02-1	2919322	S	2582	2123	4705	0.00035
Amycolatopsis pretoriensis	218821	S	28279	7739	36018	0.00269
Amycolatopsis mediterranei	33910	S	20594	16241	36835	0.00275
Amycolatopsis acidiphila	715473	S	9857	1876	11733	0.00087
Amycolatopsis methanolica	1814	S	6882	2354	9236	0.00069
Amycolatopsis keratiniphila	129921	S	3840	2686	6526	0.00049
Amycolatopsis japonica	208439	S	2041	1645	3686	0.00027
Amycolatopsis thermalba	944492	S	6380	2302	8682	0.00065
Amycolatopsis albispora	1804986	S	6064	3037	9101	0.00068
Amycolatopsis aidingensis	2842453	S	4994	530	5524	0.00041
Amycolatopsis orientalis	31958	S	4196	1189	5385	0.00040
Pseudonocardia sp. DSM 110487	2865833	S	31192	4098	35290	0.00263
Pseudonocardia sp. CGMCC 4.1532	2761535	S	11070	6389	17459	0.00130
Pseudonocardia sp. HH130630-07	1690815	S	7574	5734	13308	0.00099
Pseudonocardia sp. AL041005-10	445576	S	6586	4800	11386	0.00085
Pseudonocardia sp. HH130629-09	1641402	S	5393	6855	12248	0.00091
Pseudonocardia broussonetiae	2736640	S	15615	4960	20575	0.00153
Pseudonocardia dioxanivorans	240495	S	15499	3782	19281	0.00144
Pseudonocardia autotrophica	2074	S	8591	2183	10774	0.00080
Pseudonocardia abyssalis	2792008	S	8591	4383	12974	0.00097
Saccharopolyspora erythraea	1836	S	11542	2797	14339	0.00107
Saccharopolyspora gregorii	33914	S	8170	1521	9691	0.00072
Saccharopolyspora spinosa	60894	S	3055	1778	4833	0.00036
Saccharopolyspora pogona	333966	S	2613	2763	5376	0.00040
Saccharopolyspora sp. ASAGF58	2719023	S	1776	2086	3862	0.00029
Saccharothrix syringae	103733	S	9718	3079	12797	0.00095
Saccharothrix sp. 6-C	2781735	S	8107	2526	10633	0.00079
Saccharothrix espanaensis	103731	S	7415	1999	9414	0.00070
Kutzneria sp. CA-103260	2802641	S	11350	2239	13589	0.00101
Kutzneria albida	43357	S	7131	1497	8628	0.00064
Saccharomonospora marina	632569	S	4102	887	4989	0.00037
Saccharomonospora azurea	40988	S	3042	875	3917	0.00029
Saccharomonospora cyanea	40989	S	2610	912	3522	0.00026
Saccharomonospora xinjiangensis	75294	S	2257	359	2616	0.00020
Saccharomonospora glauca	40990	S	2084	722	2806	0.00021
Saccharomonospora viridis	1852	S	1789	263	2052	0.00015
Actinoalloteichus hoggarensis	1470176	S	3453	3433	6886	0.00051
Actinoalloteichus hymeniacidonis	340345	S	2575	858	3433	0.00026
Actinosynnema pretiosum	42197	S	3271	8472	11743	0.00088
Lentzea guizhouensis	1586287	S	8872	1706	10578	0.00079
Allokutzneria albata	211114	S	8215	1790	10005	0.00075
Kibdelosporangium phytohabitans	860235	S	7568	827	8395	0.00063
Alloactinosynnema sp. L-07	1653480	S	6007	1210	7217	0.00054
Prauserella marina	530584	S	3626	303	3929	0.00029
Allosaccharopolyspora coralli	2665642	S	2845	563	3408	0.00025
Micromonospora sp. WMMC415	2675222	S	5389	1854	7243	0.00054
Micromonospora sp. WMMA2032	2039870	S	4426	2696	7122	0.00053
Micromonospora sp. HM134	2583243	S	4383	1839	6222	0.00046
Micromonospora sp. B006	2201999	S	3545	2610	6155	0.00046
Micromonospora terminaliae	1914461	S	7385	3469	10854	0.00081
Micromonospora carbonacea	47853	S	6354	2601	8955	0.00067
Micromonospora krabiensis	307121	S	6198	1956	8154	0.00061
Micromonospora echinofusca	47858	S	5808	2425	8233	0.00061
Micromonospora echinaurantiaca	47857	S	5760	2571	8331	0.00062
Micromonospora inositola	47865	S	5737	2626	8363	0.00062
Micromonospora auratinigra	261654	S	5070	2488	7558	0.00056
Micromonospora viridifaciens	1881	S	5036	2044	7080	0.00053
Micromonospora ferruginea	2749844	S	4957	2677	7634	0.00057
Micromonospora purpureochromogenes	47872	S	4952	2438	7390	0.00055
Micromonospora coxensis	356852	S	4809	2471	7280	0.00054
Micromonospora coriariae	285665	S	4786	1586	6372	0.00048
Micromonospora siamensis	299152	S	4779	2122	6901	0.00051
Micromonospora echinospora	1877	S	4729	1532	6261	0.00047
Micromonospora narathiwatensis	299146	S	4269	1879	6148	0.00046
Micromonospora zamorensis	709883	S	4216	1260	5476	0.00041
Micromonospora chokoriensis	356851	S	4101	1237	5338	0.00040
Micromonospora maris	1003110	S	4093	1148	5241	0.00039
Micromonospora sagamiensis	47875	S	4073	1451	5524	0.00041
Micromonospora rifamycinica	291594	S	3953	1667	5620	0.00042
Micromonospora endophytica (Xie et al. 2001) Li et al. 2019	515350	S	3934	1111	5045	0.00038
Micromonospora craniellae	2294034	S	3141	1861	5002	0.00037
Micromonospora tulbaghiae	479978	S	2563	2694	5257	0.00039
Micromonospora aurantiaca	47850	S	1955	13407	15362	0.00115
Actinoplanes sp. L3-i22	2836373	S	19129	12648	31777	0.00237
Actinoplanes sp. N902-109	649831	S	13349	3716	17065	0.00127
Actinoplanes sp. OR16	946334	S	11593	5125	16718	0.00125
Actinoplanes ianthinogenes	122358	S	13672	5131	18803	0.00140
Actinoplanes friuliensis	196914	S	13226	2000	15226	0.00114
Actinoplanes teichomyceticus	1867	S	10411	4107	14518	0.00108
Actinoplanes missouriensis	1866	S	10397	3189	13586	0.00101
Actinoplanes derwentensis	113562	S	8941	1283	10224	0.00076
Dactylosporangium vinaceum	53362	S	28387	2942	31329	0.00234
Phytohabitans suffuscus	624315	S	11000	2623	13623	0.00102
Phytohabitans flavus	1076124	S	9027	1671	10698	0.00080
Couchioplanes caeruleus	56438	S	17997	4299	22296	0.00166
Plantactinospora sp. KBS50	2024580	S	6685	1559	8244	0.00061
Plantactinospora sp. BB1	2071627	S	1382	3938	5320	0.00040
Plantactinospora sp. BC1	2108470	S	1343	3868	5211	0.00039
Actinocatenispora thailandica	227318	S	6820	1727	8547	0.00064
Actinocatenispora sera	390989	S	6762	1801	8563	0.00064
Catellatospora sp. IY07-71	2728827	S	11358	2340	13698	0.00102
Polymorphospora rubra	338584	S	7787	1620	9407	0.00070
Natronosporangium hydrolyticum	2811111	S	4293	275	4568	0.00034
Verrucosispora sp. NA02020	2742132	S	3384	2503	5887	0.00044
Salinispora tropica	168695	S	2594	416	3010	0.00022
Actinomadura sp. WMMA1423	2591108	S	18264	4928	23192	0.00173
Actinomadura sp. NAK00032	2742128	S	18008	5778	23786	0.00177
Actinomadura sp. WMMB 499	1219491	S	12310	2685	14995	0.00112
Actinomadura verrucosospora	46165	S	25681	7095	32776	0.00244
Actinomadura madurae	1993	S	19954	5469	25423	0.00190
Actinomadura graeca	2750812	S	9644	2053	11697	0.00087
Thermomonospora amylolytica	1411117	S	7228	2463	9691	0.00072
Thermomonospora curvata	2020	S	4731	1301	6032	0.00045
Nonomuraea coxensis	404386	S	13980	3883	17863	0.00133
Nonomuraea nitratireducens	2656914	S	13507	2820	16327	0.00122
Nonomuraea sp. ATCC 55076	1909395	S	13304	4266	17570	0.00131
Nonomuraea gerenzanensis	93944	S	12106	4074	16180	0.00121
Streptosporangium roseum	2001	S	13602	3416	17018	0.00127
Streptosporangium sp. 'caverna'	2202249	S	11583	2298	13881	0.00103
Thermobispora bispora	2006	S	5484	1180	6664	0.00050
Nocardiopsis sp. MT53	2865672	S	4842	1072	5914	0.00044
Nocardiopsis sp. HDS12	2831968	S	1580	1373	2953	0.00022
Nocardiopsis gilva	280236	S	3730	698	4428	0.00033
Nocardiopsis dassonvillei	2014	S	2758	2479	5237	0.00039
Nocardiopsis alba	53437	S	2737	463	3200	0.00024
Thermobifida halotolerans	483545	S	2734	797	3531	0.00026
Thermobifida alba	53522	S	2663	948	3611	0.00027
Thermobifida fusca	2021	S	1423	221	1644	0.00012
Streptomonospora litoralis	2498135	S	4123	750	4873	0.00036
Spiractinospora alimapuensis	2820884	S	2849	173	3022	0.00023
Blastococcus sp. PRF04-17	2933797	S	25038	8213	33251	0.00248
Blastococcus saxobsidens	138336	S	19036	5611	24647	0.00184
Modestobacter marinus	477641	S	19716	6607	26323	0.00196
Modestobacter sp. L9-4	2851567	S	11417	4216	15633	0.00117
Geodermatophilus obscurus	1861	S	21202	6814	28016	0.00209
Frankia inefficax	298654	S	11654	1292	12946	0.00097
Frankia sp. QA3	710111	S	4255	1597	5852	0.00044
Frankia sp. ArI3	1858	S	3306	1953	5259	0.00039
Candidatus Frankia datiscae	2716812	S	3844	577	4421	0.00033
Frankia alni	1859	S	3589	2217	5806	0.00043
Frankia casuarinae	106370	S	3517	346	3863	0.00029
Actinomyces sp. oral taxon 414	712122	S	1537	1470	3007	0.00022
Actinomyces sp. MAS-1	2755559	S	1023	864	1887	0.00014
Actinomyces radicidentis	111015	S	1992	1469	3461	0.00026
Actinomyces howellii	52771	S	1468	627	2095	0.00016
Actinomyces respiraculi	2744574	S	1127	1369	2496	0.00019
Actinomyces slackii	52774	S	1021	611	1632	0.00012
Schaalia odontolytica	1660	S	1015	329	1344	0.00010
Flaviflexus salsibiostraticola	1282737	S	1047	275	1322	0.00010
Jiangella sp. DSM 45060	1798224	S	9452	2560	12012	0.00090
Jiangella alkaliphila	419479	S	8297	2160	10457	0.00078
Nakamurella multipartita	53461	S	8752	1485	10237	0.00076
Nakamurella panacisegetis	1090615	S	3331	395	3726	0.00028
Nakamurella sp. PAMC28650	2762325	S	3216	292	3508	0.00026
Bifidobacterium pseudolongum	1694	S	1223	515	1738	0.00013
Bifidobacterium choerinum	35760	S	1135	516	1651	0.00012
Bifidobacterium longum	216816	S	1110	2989	4099	0.00031
Bifidobacterium scardovii	158787	S	1089	120	1209	0.00009
Catenulispora acidiphila	304895	S	11865	1576	13441	0.00100
Jatrophihabitans telluris	2038343	S	3829	327	4156	0.00031
Jatrophihabitans sp. GAS493	1907575	S	3743	346	4089	0.00030
Stackebrandtia nassauensis	283811	S	4256	350	4606	0.00034
Kineococcus radiotolerans	131568	S	4799	1214	6013	0.00045
Epidermidibacterium keratini	1891644	S	2828	1199	4027	0.00030
Actinopolyspora erythraea	414996	S	2251	211	2462	0.00018
Acidothermus cellulolyticus	28049	S	1566	79	1645	0.00012
Conexibacter sp. SYSU D00693	2812560	S	50671	11881	62552	0.00466
Conexibacter sp. S30A1	2937800	S	12905	1344	14249	0.00106
Conexibacter sp. DBS9H8	2937801	S	12484	1161	13645	0.00102
Conexibacter woesei	191495	S	55306	9729	65035	0.00485
Miltoncostaea oceani	2843216	S	14238	2093	16331	0.00122
Miltoncostaea marina	2843215	S	13863	3431	17294	0.00129
Baekduia soli	496014	S	58571	9073	67644	0.00504
Rubrobacter xylanophilus	49319	S	7724	962	8686	0.00065
Rubrobacter marinus	2653852	S	5167	418	5585	0.00042
Rubrobacter tropicus	2653851	S	4370	300	4670	0.00035
Rubrobacter radiotolerans	42256	S	2419	288	2707	0.00020
Rubrobacter indicoceani	2051957	S	1312	95	1407	0.00010
Aquihabitans sp. Kera 3	2884263	S	12179	1857	14036	0.00105
Aquihabitans sp. G128	2849779	S	10398	1991	12389	0.00092
Actinomarinicola tropica	2789776	S	10222	1913	12135	0.00090
Iamia sp. SCSIO 61187	2722752	S	10062	1516	11578	0.00086
Ilumatobacter coccineus	467094	S	5263	314	5577	0.00042
Acidimicrobium ferrooxidans	53635	S	1801	139	1940	0.00014
Eggerthella lenta	84112	S	1354	1234	2588	0.00019
Eggerthella guodeyinii	2690837	S	1230	647	1877	0.00014
Arabiibacter massiliensis	1870985	S	1406	436	1842	0.00014
Olsenella timonensis	1805478	S	1227	548	1775	0.00013
Collinsella aerofaciens	74426	S	1148	821	1969	0.00015
Egibacter rhizosphaerae	1670831	S	4951	264	5215	0.00039
Egicoccus halophilus	1670830	S	4446	621	5067	0.00038
Euzebya pacifica	1608957	S	4368	323	4691	0.00035
Priestia megaterium	1404	S	29103	34328	63431	0.00473
[Brevibacterium] frigoritolerans	450367	S	1766	4055	5821	0.00043
Peribacillus simplex	1478	S	1295	770	2065	0.00015
Neobacillus drentensis	220684	S	1548	838	2386	0.00018
Hydrogenibacillus sp. N12	2866627	S	1769	375	2144	0.00016
Paenibacillus sp. B01	2660554	S	2173	3573	5746	0.00043
Paenibacillus sp. HWE-109	1306526	S	1321	471	1792	0.00013
Paenibacillus sp. RUD330	2023772	S	1161	459	1620	0.00012
Paenibacillus sp. 32O-W	1695218	S	1012	217	1229	0.00009
Paenibacillus mucilaginosus	61624	S	1917	301	2218	0.00017
Paenibacillus albicereus	2726185	S	1769	2511	4280	0.00032
Paenibacillus lycopersici	2704462	S	1591	493	2084	0.00016
Cohnella candidum	2674991	S	1034	269	1303	0.00010
Thermobacillus composti	377615	S	1630	399	2029	0.00015
Saccharibacillus brassicae	2583377	S	1273	233	1506	0.00011
Alicyclobacillus acidocaldarius	405212	S	1907	193	2100	0.00016
Tumebacillus avium	1903704	S	1211	641	1852	0.00014
Faecalibacterium prausnitzii	853	S	1578	2905	4483	0.00033
Thermaerobacter sp. FW80	2546351	S	2112	532	2644	0.00020
Thermaerobacter sp. PB12/4term	2293838	S	1439	410	1849	0.00014
Thermaerobacter marianensis	73919	S	1764	474	2238	0.00017
Symbiobacterium thermophilum	2734	S	2414	334	2748	0.00020
Limnochorda pilosa	1555112	S	2386	107	2493	0.00019
Deinococcus sp. NW-56	2080419	S	1431	218	1649	0.00012
Deinococcus sp. TS-293	2737050	S	1369	151	1520	0.00011
Deinococcus sp. KNUC1210	2917691	S	1109	49	1158	0.00009
Deinococcus gobiensis	502394	S	1972	279	2251	0.00017
Deinococcus maricopensis	309887	S	1959	182	2141	0.00016
Deinococcus actinosclerus	1768108	S	1866	1239	3105	0.00023
Deinococcus metallilatus	1211322	S	1857	226	2083	0.00016
Deinococcus ficus	317577	S	1781	176	1957	0.00015
Deinococcus irradiatisoli	2202254	S	1370	132	1502	0.00011
Deinococcus wulumuqiensis	980427	S	1179	500	1679	0.00013
Deinococcus peraridilitoris	432329	S	1169	60	1229	0.00009
Deinococcus radiopugnans	57497	S	1039	137	1176	0.00009
Deinococcus radiodurans	1299	S	1019	1401	2420	0.00018
Oceanithermus profundus	187137	S	2263	257	2520	0.00019
Marinithermus hydrothermalis	186192	S	1448	314	1762	0.00013
Truepera radiovictrix	332249	S	2032	112	2144	0.00016
Synechococcus sp. CBW1004	1353136	S	1001	3386	4387	0.00033
Cyanobium gracile	59930	S	1075	876	1951	0.00015
Leptolyngbya sp. 7M	2812896	S	1170	329	1499	0.00011
Gloeobacter kilaueensis	1416614	S	1298	791	2089	0.00016
Sphaerobacter thermophilus	2057	S	5768	324	6092	0.00045
Thermomicrobium roseum	500	S	1466	26	1492	0.00011
Roseiflexus castenholzii	120962	S	1855	261	2116	0.00016
Roseiflexus sp. RS-1	357808	S	1835	239	2074	0.00015
Tepidiforma bonchosmolovskayae	2601677	S	3912	169	4081	0.00030
Candidatus Promineofilum breve	1806508	S	3415	70	3485	0.00026
Ktedonosporobacter rubrisoli	2509675	S	2045	59	2104	0.00016
Caldilinea aerophila	133453	S	1599	99	1698	0.00013
Fimbriimonas ginsengisoli	1005039	S	2364	14	2378	0.00018
Bradyrhizobium sp. 200	2782665	S	29816	7195	37011	0.00276
Bradyrhizobium sp. 170	2782641	S	24104	6666	30770	0.00229
Bradyrhizobium sp. CCBAU 51753	1325100	S	14537	3025	17562	0.00131
Bradyrhizobium sp. CCBAU 051011	858422	S	14436	2664	17100	0.00127
Bradyrhizobium sp. 195	2782662	S	12316	4552	16868	0.00126
Bradyrhizobium sp. CCBAU 53338	1325111	S	10675	4120	14795	0.00110
Bradyrhizobium sp. CCBAU 53351	1325114	S	10087	4863	14950	0.00111
Bradyrhizobium sp. SK17	2057741	S	9783	3079	12862	0.00096
Bradyrhizobium sp. 186	2782654	S	9103	2606	11709	0.00087
Bradyrhizobium sp. A19	2898149	S	8852	1482	10334	0.00077
Bradyrhizobium sp. CCBAU 53421	1325120	S	8802	2728	11530	0.00086
Bradyrhizobium sp. CCBAU 53340	1325112	S	8679	3183	11862	0.00088
Bradyrhizobium sp. BTAi1	288000	S	8570	1514	10084	0.00075
Bradyrhizobium sp. ORS 278	114615	S	8487	1917	10404	0.00078
Bradyrhizobium sp. ORS 285	115808	S	8100	1817	9917	0.00074
Bradyrhizobium sp. 1(2017)	1404888	S	6577	2030	8607	0.00064
Bradyrhizobium sp. 6(2017)	1197460	S	6369	2968	9337	0.00070
Bradyrhizobium sp. S2-11-2	2840472	S	4853	4448	9301	0.00069
Bradyrhizobium sp. 41S5	1404443	S	4727	3107	7834	0.00058
Bradyrhizobium sp. CCGE-LA001	1223566	S	4650	1691	6341	0.00047
Bradyrhizobium sp. S2-20-1	2840469	S	4066	4014	8080	0.00060
Bradyrhizobium sp. S2-11-4	2840473	S	3890	4238	8128	0.00061
Bradyrhizobium sp. I71	2590772	S	3867	3989	7856	0.00059
Bradyrhizobium sp. 191	2782659	S	3674	4266	7940	0.00059
Bradyrhizobium sp. CCBAU 51765	1325102	S	3597	3790	7387	0.00055
Bradyrhizobium sp. C-145	574727	S	2358	2197	4555	0.00034
Bradyrhizobium sp.	376	S	1995	6211	8206	0.00061
Bradyrhizobium sp. 144S4	2823807	S	1761	4377	6138	0.00046
Bradyrhizobium sp. 323S2	1404649	S	1649	4147	5796	0.00043
Bradyrhizobium sp. 40	2782674	S	1584	4315	5899	0.00044
Bradyrhizobium sp. 192	2782660	S	1512	3608	5120	0.00038
Bradyrhizobium sp. 4	2782678	S	1466	4514	5980	0.00045
Bradyrhizobium erythrophlei	1437360	S	43261	3169	46430	0.00346
Bradyrhizobium diazoefficiens	1355477	S	30445	45505	75950	0.00566
Bradyrhizobium paxllaeri	190148	S	12806	2145	14951	0.00111
Bradyrhizobium lablabi	722472	S	12343	12938	25281	0.00188
Bradyrhizobium icense	1274631	S	12297	1551	13848	0.00103
Bradyrhizobium canariense	255045	S	11815	17093	28908	0.00216
Bradyrhizobium japonicum	375	S	11692	15962	27654	0.00206
Bradyrhizobium guangzhouense	1325095	S	11377	3945	15322	0.00114
Bradyrhizobium genosp. L	83637	S	9974	1817	11791	0.00088
Bradyrhizobium arachidis	858423	S	9226	2401	11627	0.00087
Bradyrhizobium guangdongense	1325090	S	8059	2770	10829	0.00081
Bradyrhizobium oligotrophicum	44255	S	7574	1195	8769	0.00065
Bradyrhizobium genosp. B	83627	S	7148	1381	8529	0.00064
Bradyrhizobium quebecense	2748629	S	6830	3520	10350	0.00077
Bradyrhizobium cosmicum	1404864	S	6416	1898	8314	0.00062
Bradyrhizobium symbiodeficiens	1404367	S	6039	8305	14344	0.00107
Bradyrhizobium vignae	1549949	S	5661	1207	6868	0.00051
Bradyrhizobium septentrionale	1404411	S	5582	3098	8680	0.00065
Bradyrhizobium guangxiense	1325115	S	5222	2072	7294	0.00054
Bradyrhizobium amphicarpaeae	1404768	S	4530	1712	6242	0.00047
Bradyrhizobium elkanii	29448	S	4484	12837	17321	0.00129
Bradyrhizobium betae	244734	S	4073	2038	6111	0.00046
Bradyrhizobium daqingense	993502	S	3821	1883	5704	0.00043
Bradyrhizobium zhanjiangense	1325107	S	2211	2026	4237	0.00032
Bradyrhizobium ottawaense	931866	S	1257	7134	8391	0.00063
Rhodopseudomonas palustris	1076	S	25289	7794	33083	0.00247
Rhodopseudomonas sp. SK50-23	340268	S	4103	779	4882	0.00036
Rhodopseudomonas boonkerdii	475937	S	3771	903	4674	0.00035
Nitrobacter hamburgensis	912	S	13662	2026	15688	0.00117
Nitrobacter winogradskyi	913	S	4611	691	5302	0.00040
Afipia carboxidovorans	40137	S	9482	1569	11051	0.00082
Afipia sp. GAS231	1882747	S	5082	3111	8193	0.00061
Tardiphaga sp. 37S4	1404741	S	2343	7416	9759	0.00073
Tardiphaga robiniae	943830	S	2413	1575	3988	0.00030
Variibacter gotjawalensis	1333996	S	6351	451	6802	0.00051
Mesorhizobium sp. B2-8-5	2589903	S	15341	4357	19698	0.00147
Mesorhizobium sp. J8	2777475	S	10202	2819	13021	0.00097
Mesorhizobium sp. B2-1-1	2589974	S	9649	1916	11565	0.00086
Mesorhizobium sp. 8	2584466	S	5021	1045	6066	0.00045
Mesorhizobium sp. M1B.F.Ca.ET.045.04.1.1	2493673	S	4839	1592	6431	0.00048
Mesorhizobium sp. M2A.F.Ca.ET.043.05.1.1	2493671	S	4766	3436	8202	0.00061
Mesorhizobium sp. M1E.F.Ca.ET.045.02.1.1	2493672	S	4369	1863	6232	0.00046
Mesorhizobium sp. B1-1-8	2589976	S	4052	875	4927	0.00037
Mesorhizobium sp. M1D.F.Ca.ET.043.01.1.1	2493669	S	4043	2066	6109	0.00046
Mesorhizobium sp. M1A.F.Ca.IN.022.06.1.1	2493680	S	3807	1048	4855	0.00036
Mesorhizobium sp. M3A.F.Ca.ET.080.04.2.1	2493676	S	3587	944	4531	0.00034
Mesorhizobium sp. 131-2-1	2744518	S	3308	1508	4816	0.00036
Mesorhizobium sp. NZP2298	2483403	S	3223	1698	4921	0.00037
Mesorhizobium sp. M4B.F.Ca.ET.058.02.1.1	2493675	S	3134	1140	4274	0.00032
Mesorhizobium sp. Pch-S	2082387	S	2914	349	3263	0.00024
Mesorhizobium sp. DCY119	2108445	S	2810	559	3369	0.00025
Mesorhizobium sp. INR15	2654248	S	2778	348	3126	0.00023
Mesorhizobium sp. PAMC28654	2880934	S	2771	452	3223	0.00024
Mesorhizobium sp. M2A.F.Ca.ET.043.02.1.1	2493670	S	2368	5058	7426	0.00055
Mesorhizobium sp. M2A.F.Ca.ET.046.03.2.1	2493674	S	2280	5118	7398	0.00055
Mesorhizobium sp. B4-1-4	2589888	S	2212	467	2679	0.00020
Mesorhizobium sp. B2-1-8	2589967	S	2146	572	2718	0.00020
Mesorhizobium sp. 113-3-3	2744516	S	2110	1025	3135	0.00023
Mesorhizobium sp. M9A.F.Ca.ET.002.03.1.2	2493668	S	2077	820	2897	0.00022
Mesorhizobium sp. M7D.F.Ca.US.005.01.1.1	2493678	S	1992	608	2600	0.00019
Mesorhizobium sp. L-2-11	2744521	S	1973	661	2634	0.00020
Mesorhizobium sp. M8A.F.Ca.ET.057.01.1.1	2493679	S	1929	635	2564	0.00019
Mesorhizobium sp. M6A.T.Cr.TU.016.01.1.1	2493677	S	1915	558	2473	0.00018
Mesorhizobium sp. NZP2077	2483404	S	1784	522	2306	0.00017
Mesorhizobium sp. 113-1-2	2744515	S	1685	740	2425	0.00018
Mesorhizobium sp. 113-3-9	2744517	S	1602	1053	2655	0.00020
Mesorhizobium sp. M7A.F.Ce.TU.012.03.2.1	2493681	S	1549	510	2059	0.00015
Mesorhizobium sp. L-8-3	2744522	S	1141	3109	4250	0.00032
Mesorhizobium sp. L-8-10	2744523	S	1067	2830	3897	0.00029
Mesorhizobium sp. NBSH29	2654249	S	1032	62	1094	0.00008
Mesorhizobium opportunistum	593909	S	3135	1196	4331	0.00032
Mesorhizobium terrae	2725666	S	3022	856	3878	0.00029
Mesorhizobium amorphae	71433	S	2511	533	3044	0.00023
Mesorhizobium loti	381	S	2371	18791	21162	0.00158
Mesorhizobium ciceri	39645	S	1947	4954	6901	0.00051
Mesorhizobium huakuii	28104	S	1683	1294	2977	0.00022
Mesorhizobium australicum	536018	S	1623	466	2089	0.00016
Mesorhizobium erdmanii	1777866	S	1616	419	2035	0.00015
Mesorhizobium japonicum	2066070	S	1572	1123	2695	0.00020
Aquibium microcysteis	675281	S	4625	1137	5762	0.00043
Aquibium oceanicum	1670800	S	3413	695	4108	0.00031
Aminobacter sp. MSH1	374606	S	2634	4403	7037	0.00052
Nitratireductor sp. SY7	2599600	S	2918	471	3389	0.00025
Nitratireductor sp. OM-1	1756988	S	1502	266	1768	0.00013
Phyllobacterium sp. T1018	555316	S	1176	179	1355	0.00010
Phyllobacterium zundukense	1867719	S	1270	159	1429	0.00011
Roseitalea porphyridii	1852022	S	2582	390	2972	0.00022
Hoeflea sp. IMCC20628	1620421	S	1148	102	1250	0.00009
Oricola thermophila	2742145	S	1885	232	2117	0.00016
Rhizobium sp. WYJ-E13	2849093	S	4890	828	5718	0.00043
Rhizobium sp. BG4	2613770	S	3661	858	4519	0.00034
Rhizobium sp. NXC24	2048897	S	1804	384	2188	0.00016
Rhizobium sp. ACO-34A	1571470	S	1425	319	1744	0.00013
Rhizobium sp. C104	2917727	S	1413	1672	3085	0.00023
Rhizobium sp. NZLR1	2731096	S	1309	858	2167	0.00016
Rhizobium sp. SL42	2806346	S	1298	261	1559	0.00012
Rhizobium sp. AB2/73	2795216	S	1280	2082	3362	0.00025
Rhizobium sp. 11515TR	2028343	S	1263	1387	2650	0.00020
Rhizobium sp. WL3	2603277	S	1232	283	1515	0.00011
Rhizobium sp. CIAT894	2020312	S	1179	1089	2268	0.00017
Rhizobium sp. NXC14	1981173	S	1020	1083	2103	0.00016
Rhizobium leguminosarum	384	S	11409	24234	35643	0.00266
Rhizobium etli	29449	S	2576	2920	5496	0.00041
Rhizobium jaguaris	1312183	S	2096	260	2356	0.00018
Rhizobium phaseoli	396	S	1651	3222	4873	0.00036
Rhizobium pseudoryzae	379684	S	1618	344	1962	0.00015
Rhizobium gallicum	56730	S	1468	1760	3228	0.00024
Rhizobium bangladeshense	1138189	S	1363	311	1674	0.00012
Rhizobium tropici	398	S	1315	333	1648	0.00012
Rhizobium lentis	1138194	S	1239	366	1605	0.00012
Rhizobium binae	1138190	S	1056	374	1430	0.00011
Rhizobium acidisoli	1538158	S	1012	783	1795	0.00013
Agrobacterium tumefaciens	358	S	4712	8811	13523	0.00101
Agrobacterium vitis	373	S	2780	390	3170	0.00024
Agrobacterium vaccinii	2735528	S	1339	257	1596	0.00012
Neorhizobium galegae	399	S	4871	1393	6264	0.00047
Neorhizobium sp. NCHU2750	1825976	S	1456	423	1879	0.00014
Neorhizobium sp. SOG26	2060726	S	1325	268	1593	0.00012
Sinorhizobium fredii	380	S	5191	7087	12278	0.00092
Sinorhizobium meliloti	382	S	3706	1366	5072	0.00038
Sinorhizobium americanum	194963	S	1947	710	2657	0.00020
Sinorhizobium sp. BG8	2613773	S	1632	266	1898	0.00014
Sinorhizobium medicae	110321	S	1614	220	1834	0.00014
Ensifer adhaerens	106592	S	5675	3779	9454	0.00070
Ensifer mexicanus	375549	S	2385	356	2741	0.00020
Ensifer sp. PDNC004	2811423	S	1569	712	2281	0.00017
Ensifer alkalisoli	1752398	S	1703	338	2041	0.00015
Ensifer sojae	716925	S	1540	612	2152	0.00016
Shinella sp. HZN7	879274	S	3457	2920	6377	0.00048
Shinella sp. PSBB067	2715959	S	2601	1971	4572	0.00034
Shinella sp. XGS7	2877941	S	2022	1934	3956	0.00030
Shinella sp. H4-D48	2925841	S	1062	403	1465	0.00011
Shinella zoogloeoides	352475	S	2819	3795	6614	0.00049
Shinella oryzae	2871820	S	1545	654	2199	0.00016
Ciceribacter thiooxidans	1969821	S	1805	356	2161	0.00016
Georhizobium profundi	2341112	S	1585	316	1901	0.00014
Methylobacterium sp. WL1	2603276	S	3456	733	4189	0.00031
Methylobacterium sp. 17Sr1-1	2202826	S	3302	1689	4991	0.00037
Methylobacterium aquaticum	270351	S	6859	3236	10095	0.00075
Methylobacterium nodulans	114616	S	6726	853	7579	0.00057
Methylobacterium durans	2202825	S	4709	663	5372	0.00040
Methylobacterium tardum	374432	S	4480	1699	6179	0.00046
Methylobacterium currus	2051553	S	4467	1979	6446	0.00048
Methylobacterium radiodurans	2202828	S	4259	1028	5287	0.00039
Methylobacterium mesophilicum	39956	S	3768	834	4602	0.00034
Methylobacterium organophilum	410	S	3654	3211	6865	0.00051
Methylobacterium brachiatum	269660	S	3650	1312	4962	0.00037
Methylobacterium terrae	2202827	S	3518	1743	5261	0.00039
Methylobacterium oryzae	334852	S	3271	5467	8738	0.00065
Methylobacterium indicum	1775910	S	3092	1667	4759	0.00035
Methylobacterium radiotolerans	31998	S	1426	9027	10453	0.00078
Microvirga sp. VF16	2807101	S	9316	1391	10707	0.00080
Microvirga sp. 17 mud 1-3	2082949	S	4118	827	4945	0.00037
Microvirga ossetica	1882682	S	9776	1666	11442	0.00085
Microvirga thermotolerans	2651334	S	4758	1262	6020	0.00045
Methylorubrum populi	223967	S	6033	2571	8604	0.00064
Methylorubrum extorquens	408	S	4804	7682	12486	0.00093
Methylorubrum sp. B1-46	2897334	S	2154	812	2966	0.00022
Pseudolabrys taiwanensis	331696	S	27886	4555	32441	0.00242
Pseudolabrys sp. FHR47	2562284	S	17990	3127	21117	0.00157
Starkeya sp. ORNL1	2709380	S	7065	1344	8409	0.00063
Starkeya novella	921	S	4665	1648	6313	0.00047
Xanthobacter dioxanivorans	2528964	S	4865	1622	6487	0.00048
Xanthobacter sp. YC-JY1	2419844	S	1592	1628	3220	0.00024
Xanthobacter autotrophicus	280	S	1511	1677	3188	0.00024
Ancylobacter polymorphus	223390	S	3657	1731	5388	0.00040
Ancylobacter sp. TS-1	1850374	S	3495	1381	4876	0.00036
Ancylobacter pratisalsi	1745854	S	2942	628	3570	0.00027
Labrys sp. KNU-23	2789216	S	6719	651	7370	0.00055
Azorhizobium caulinodans	7	S	3520	702	4222	0.00031
Rhodoplanes sp. Z2-YC6860	674703	S	52128	4635	56763	0.00423
Hyphomicrobium denitrificans	53399	S	10829	936	11765	0.00088
Hyphomicrobium sp. MC1	717785	S	6877	384	7261	0.00054
Hyphomicrobium nitrativorans	1427356	S	2941	223	3164	0.00024
Methyloceanibacter sp. wino2	2170729	S	2049	470	2519	0.00019
Methyloceanibacter caenitepidi	1384459	S	1977	423	2400	0.00018
Methyloligella sp. GL2	2742204	S	3094	338	3432	0.00026
Aquabacter sp. L1I39	2820278	S	3065	466	3531	0.00026
Rhodomicrobium vannielii	1069	S	2183	137	2320	0.00017
Caenibius sp. WL	2872646	S	1150	237	1387	0.00010
Bosea sp. AS-1	2015316	S	13019	3283	16302	0.00122
Bosea sp. ANAM02	2020412	S	6627	1944	8571	0.00064
Bosea sp. F3-2	2599640	S	5266	1352	6618	0.00049
Bosea sp. Tri-49	1867715	S	4937	951	5888	0.00044
Bosea sp. RAC05	1842539	S	4468	1200	5668	0.00042
Bosea sp. PAMC 26642	1792307	S	3402	600	4002	0.00030
Bosea vaviloviae	1526658	S	4104	860	4964	0.00037
Devosia sp. A16	1736675	S	8289	957	9246	0.00069
Devosia sp. SL43	2806348	S	1900	345	2245	0.00017
Devosia sp. JXJ CY 41	2917991	S	1889	340	2229	0.00017
Devosia sp. 1566	2499144	S	1606	171	1777	0.00013
Devosia sp. I507	2083786	S	1272	381	1653	0.00012
Devosia ginsengisoli	400770	S	2079	369	2448	0.00018
Devosia beringensis	2657486	S	2044	294	2338	0.00017
Devosia salina	2860336	S	1788	588	2376	0.00018
Devosia oryziradicis	2801335	S	1702	307	2009	0.00015
Devosia rhizoryzae	2774137	S	1606	164	1770	0.00013
Paradevosia shaoguanensis	1335043	S	2992	1085	4077	0.00030
Youhaiella tibetensis	1447062	S	2912	635	3547	0.00026
Pelagibacterium halotolerans	531813	S	1303	140	1443	0.00011
Aureimonas sp. SA4125	2826993	S	3145	537	3682	0.00027
Aureimonas sp. AU20	1349819	S	2967	391	3358	0.00025
Aureimonas sp. OT7	2816454	S	1482	1142	2624	0.00020
Aureimonas populi	1701758	S	2352	425	2777	0.00021
Aureimonas mangrovi	2758041	S	2191	430	2621	0.00020
Aureimonas altamirensis	370622	S	1394	446	1840	0.00014
Martelella mediterranea	293089	S	1755	1303	3058	0.00023
Martelella endophytica	1486262	S	1439	435	1874	0.00014
Aurantimonas sp. HBX-1	2906072	S	3755	1027	4782	0.00036
Nordella sp. HKS 07	2712222	S	11790	610	12400	0.00092
Pseudorhodoplanes sinuspersici	1235591	S	8929	604	9533	0.00071
Terrihabitans soli	708113	S	2409	253	2662	0.00020
Methylocystis parvus	134	S	2505	284	2789	0.00021
Methylocystis bryophila	655015	S	2414	232	2646	0.00020
Methylocystis sp. SC2	187303	S	1516	521	2037	0.00015
Methylocystis heyeri	391905	S	2174	233	2407	0.00018
Methylocystis rosea	173366	S	1695	1828	3523	0.00026
Methylosinus trichosporium	426	S	3319	618	3937	0.00029
Methylosinus sp. C49	2699395	S	2749	501	3250	0.00024
Phreatobacter stygius	1940610	S	6252	872	7124	0.00053
Phreatobacter cathodiphilus	1868589	S	4669	1290	5959	0.00044
Phreatobacter sp. NMCR1094	2570229	S	3678	648	4326	0.00032
Stappia indica	538381	S	3620	820	4440	0.00033
Stappia sp. ES.058	1881061	S	2036	247	2283	0.00017
Roseibium aggregatum	187304	S	2402	336	2738	0.00020
Pannonibacter phragmitetus	121719	S	2747	1778	4525	0.00034
Labrenzia sp. VG12	2021862	S	1273	157	1430	0.00011
Methylocella silvestris	199596	S	2486	265	2751	0.00021
Methylocella tundrae	227605	S	2235	203	2438	0.00018
Methylovirgula ligni	569860	S	2180	242	2422	0.00018
Methylovirgula sp. HY1	2822761	S	1711	97	1808	0.00013
Beijerinckia indica	533	S	1155	87	1242	0.00009
Kaustia mangrovi	2593653	S	4684	430	5114	0.00038
Parvibaculum lavamentivorans	256618	S	2374	1655	4029	0.00030
Pyruvatibacter mobilis	1712261	S	1554	194	1748	0.00013
Blastochloris tepida	2233851	S	4717	1496	6213	0.00046
Blastochloris viridis	1079	S	4079	1052	5131	0.00038
Chelatococcus sp. CO-6	1702325	S	3923	2210	6133	0.00046
Chelatococcus daeguensis	444444	S	2260	1276	3536	0.00026
Kaistia sp. 32K	2795690	S	5521	1273	6794	0.00051
Acuticoccus sp. I52.16.1	2928472	S	5117	534	5651	0.00042
Lichenihabitans psoromatis	2528642	S	1138	1284	2422	0.00018
Hartmannibacter diazotrophicus	1482074	S	3161	523	3684	0.00027
Breoghania sp. L-A4	2304600	S	3102	384	3486	0.00026
Sphingomonas sp. DM2-R-LB4	2899123	S	5304	1669	6973	0.00052
Sphingomonas sp. S8-45	2938948	S	4573	515	5088	0.00038
Sphingomonas sp. Cra20	1327635	S	4527	631	5158	0.00038
Sphingomonas sp. CL5.1	2653203	S	4061	1270	5331	0.00040
Sphingomonas sp. LM7	1938607	S	4025	775	4800	0.00036
Sphingomonas sp. AK-PDB1-5	2872652	S	3937	581	4518	0.00034
Sphingomonas sp. HDW15A	2714942	S	3799	291	4090	0.00031
Sphingomonas sp. AP4-R1	2735134	S	3359	397	3756	0.00028
Sphingomonas sp. MM-1	745310	S	3343	4150	7493	0.00056
Sphingomonas sp. AAP5	1523415	S	2909	684	3593	0.00027
Sphingomonas sp. S2-65	2903960	S	2869	528	3397	0.00025
Sphingomonas sp. NBWT7	2596913	S	2791	871	3662	0.00027
Sphingomonas sp. FARSPH	2219696	S	2738	2015	4753	0.00035
Sphingomonas sp. PAMC26645	2565555	S	2365	673	3038	0.00023
Sphingomonas sp. HMP9	1517554	S	2182	830	3012	0.00022
Sphingomonas sp. KC8	1030157	S	1914	229	2143	0.00016
Sphingomonas sp. HMP6	1517551	S	1833	315	2148	0.00016
Sphingomonas sp. LK11	1390395	S	1391	1171	2562	0.00019
Sphingomonas sp. NIC1	1961362	S	1223	3115	4338	0.00032
Sphingomonas lutea	1045317	S	12536	1522	14058	0.00105
Sphingomonas sediminicola	386874	S	9500	839	10339	0.00077
Sphingomonas daechungensis	1176646	S	9274	824	10098	0.00075
Sphingomonas ginsengisoli An et al. 2013	363835	S	7582	964	8546	0.00064
Sphingomonas sabuli	2764186	S	7360	855	8215	0.00061
Sphingomonas sinipercae	2714944	S	6879	869	7748	0.00058
Sphingomonas alpina	653931	S	5096	384	5480	0.00041
Sphingomonas piscis	2714943	S	5038	440	5478	0.00041
Sphingomonas rhizophila	2071607	S	4864	1064	5928	0.00044
Sphingomonas sanxanigenens	397260	S	4420	1924	6344	0.00047
Sphingomonas profundi	2681549	S	4388	645	5033	0.00038
Sphingomonas hengshuiensis	1609977	S	3581	417	3998	0.00030
Sphingomonas panacis	1560345	S	3375	453	3828	0.00029
Sphingomonas xanthus	2594473	S	3300	623	3923	0.00029
Sphingomonas taxi	1549858	S	3198	879	4077	0.00030
Sphingomonas koreensis	93064	S	3020	1967	4987	0.00037
Sphingomonas panacisoli	1813879	S	2813	345	3158	0.00024
Sphingomonas changnyeongensis	2698679	S	2619	483	3102	0.00023
Sphingomonas suaedae	2599297	S	2351	273	2624	0.00020
Sphingomonas radiodurans	2890321	S	2345	284	2629	0.00020
Sphingomonas aliaeris	2759526	S	2152	249	2401	0.00018
Sphingomonas insulae	424800	S	2059	517	2576	0.00019
Sphingomonas paucimobilis	13689	S	1961	1089	3050	0.00023
Sphingomonas sanguinis	33051	S	1586	1164	2750	0.00021
Sphingomonas melonis	152682	S	1436	4771	6207	0.00046
Sphingobium sp. TKS	1315974	S	9404	13784	23188	0.00173
Sphingobium sp. SYK-6	627192	S	2507	649	3156	0.00024
Sphingobium sp. YG1	2082188	S	1955	801	2756	0.00021
Sphingobium sp. CAP-1	2676077	S	1768	1073	2841	0.00021
Sphingobium sp. EP60837	1855519	S	1743	522	2265	0.00017
Sphingobium sp. RAC03	1843368	S	1432	273	1705	0.00013
Sphingobium sp. Cam5-1	2789327	S	1426	586	2012	0.00015
Sphingobium sp. KCTC 72723	2733867	S	1402	254	1656	0.00012
Sphingobium sp. SCG-1	2072936	S	1250	97	1347	0.00010
Sphingobium sp. MI1205	407020	S	1107	1625	2732	0.00020
Sphingobium yanoikuyae	13690	S	3340	6241	9581	0.00071
Sphingobium chlorophenolicum	46429	S	3006	1306	4312	0.00032
Sphingobium indicum	332055	S	2925	2365	5290	0.00039
Sphingobium amiense	135719	S	1864	2188	4052	0.00030
Sphingobium phenoxybenzoativorans	1592790	S	1652	638	2290	0.00017
Sphingobium cloacae	120107	S	1614	2247	3861	0.00029
Sphingobium xenophagum	121428	S	1576	986	2562	0.00019
Sphingobium fuliginis	336203	S	1360	5176	6536	0.00049
Sphingobium baderi	1332080	S	1173	1149	2322	0.00017
Sphingobium herbicidovorans	76947	S	1087	938	2025	0.00015
Sphingopyxis sp. OPL5	2486273	S	2522	455	2977	0.00022
Sphingopyxis sp. QXT-31	1357916	S	2396	625	3021	0.00023
Sphingopyxis sp. YF1	2482763	S	2382	525	2907	0.00022
Sphingopyxis sp. BSN-002	2911495	S	2264	390	2654	0.00020
Sphingopyxis sp. PAMC25046	2565556	S	1936	857	2793	0.00021
Sphingopyxis sp. 113P3	292913	S	1903	690	2593	0.00019
Sphingopyxis sp. FD7	1914525	S	1585	638	2223	0.00017
Sphingopyxis sp. EG6	1874061	S	1569	772	2341	0.00017
Sphingopyxis macrogoltabida	33050	S	4265	2066	6331	0.00047
Sphingopyxis terrae	33052	S	2341	1343	3684	0.00027
Sphingopyxis lindanitolerans	2054227	S	2186	1050	3236	0.00024
Sphingopyxis fribergensis	1515612	S	1881	729	2610	0.00019
Sphingopyxis granuli	267128	S	1676	4714	6390	0.00048
Sphingopyxis alaskensis	117207	S	1454	335	1789	0.00013
Novosphingobium sp. ES2-1	2780074	S	3672	1668	5340	0.00040
Novosphingobium sp. Sx8-5	2896849	S	3655	481	4136	0.00031
Novosphingobium sp. EMRT-2	2571749	S	3086	1730	4816	0.00036
Novosphingobium sp. Gsoil 351	2675225	S	2961	252	3213	0.00024
Novosphingobium sp. P6W	1609758	S	2602	427	3029	0.00023
Novosphingobium sp. THN1	1016987	S	2190	676	2866	0.00021
Novosphingobium sp. PP1Y	702113	S	1124	1219	2343	0.00017
Novosphingobium resinovorum	158500	S	3956	1842	5798	0.00043
Novosphingobium aromaticivorans	48935	S	2488	1084	3572	0.00027
Novosphingobium decolorationis	2698673	S	2308	1205	3513	0.00026
Novosphingobium ginsenosidimutans	1176536	S	1872	190	2062	0.00015
Novosphingobium pentaromativorans	205844	S	1102	1779	2881	0.00021
Rhizorhabdus wittichii	160791	S	5411	3071	8482	0.00063
Rhizorhabdus dicambivorans	1850238	S	3183	2432	5615	0.00042
Rhizorhabdus phycosphaerae	2711156	S	2502	303	2805	0.00021
Sphingosinithalassobacter sp. CS137	2762748	S	2689	524	3213	0.00024
Sphingosinithalassobacter tenebrarum	2711215	S	2077	602	2679	0.00020
Allosphingosinicella indica	941907	S	3603	435	4038	0.00030
Parasphingopyxis algicola	2026624	S	2081	145	2226	0.00017
Hankyongella ginsenosidimutans	1763828	S	1794	330	2124	0.00016
Tardibacter chloracetimidivorans	1921510	S	1730	1284	3014	0.00022
Citromicrobium sp. JL477	1634516	S	1414	611	2025	0.00015
Novosphingopyxis iocasae	2762729	S	1185	622	1807	0.00013
Erythrobacter sp. HL-111	1798193	S	1842	671	2513	0.00019
Erythrobacter sp. HKB08	2502843	S	1398	533	1931	0.00014
Erythrobacter sp. JK5	2829500	S	1349	692	2041	0.00015
Erythrobacter sp. SDW2	2907154	S	1248	516	1764	0.00013
Erythrobacter litoralis	39960	S	2525	1082	3607	0.00027
Erythrobacter neustonensis	1112	S	1233	292	1525	0.00011
Erythrobacter mangrovi	2739433	S	1006	372	1378	0.00010
Porphyrobacter sp. CACIAM 03H1	2003315	S	2055	583	2638	0.00020
Porphyrobacter sp. LM 6	1896196	S	1176	399	1575	0.00012
Porphyrobacter sp. HT-58-2	2023229	S	1104	254	1358	0.00010
Qipengyuania flava	192812	S	2754	1933	4687	0.00035
Qipengyuania sediminis	1532023	S	1506	250	1756	0.00013
Qipengyuania soli	2782568	S	1024	310	1334	0.00010
Qipengyuania aurantiaca	2867233	S	1016	769	1785	0.00013
Croceicoccus sp. YJ47	2798724	S	1380	1294	2674	0.00020
Croceicoccus marinus	450378	S	2439	1439	3878	0.00029
Croceicoccus naphthovorans	1348774	S	1060	1246	2306	0.00017
Altererythrobacter sp. B11	2060312	S	2069	1065	3134	0.00023
Altererythrobacter sp. TH136	2067415	S	1576	307	1883	0.00014
Tsuneonella amylolytica	2338327	S	1963	587	2550	0.00019
Tsuneonella dongtanensis	692370	S	1911	399	2310	0.00017
Tsuneonella mangrovi	1982042	S	1408	227	1635	0.00012
Pelagerythrobacter marensis	543877	S	1161	174	1335	0.00010
Croceibacterium atlanticum	1267766	S	1094	534	1628	0.00012
Paraurantiacibacter namhicola	645517	S	1024	141	1165	0.00009
Sphingosinicella sp. BN140058	1892855	S	4573	405	4978	0.00037
Sphingosinicella microcystinivorans	335406	S	2103	254	2357	0.00018
Sphingosinicella flava	2771430	S	1867	256	2123	0.00016
Polymorphobacter sp. PAMC 29362	2835787	S	1534	1016	2550	0.00019
Polymorphobacter sp. PAMC 29334	2862331	S	1369	936	2305	0.00017
Sandaracinobacter sp. M6	2759707	S	1970	132	2102	0.00016
Azospirillum sp. B510	137722	S	2727	890	3617	0.00027
Azospirillum sp. TSH100	652764	S	2325	933	3258	0.00024
Azospirillum sp. TSA2s	709810	S	2230	1459	3689	0.00028
Azospirillum sp. TSH58	664962	S	1683	1914	3597	0.00027
Azospirillum brasilense	192	S	8558	6439	14997	0.00112
Azospirillum thermophilum	2202148	S	5453	1149	6602	0.00049
Azospirillum thiophilum	528244	S	3436	995	4431	0.00033
Azospirillum ramasamyi	682998	S	2021	1019	3040	0.00023
Azospirillum humicireducens	1226968	S	1815	913	2728	0.00020
Azospirillum oryzae	286727	S	1727	1282	3009	0.00022
Azospirillum lipoferum	193	S	1701	1084	2785	0.00021
Azospirillum baldaniorum	1064539	S	1040	1791	2831	0.00021
Skermanella mucosa	1789672	S	3297	2097	5394	0.00040
Skermanella sp. TT6	2775420	S	3109	2930	6039	0.00045
Skermanella rosea	1817965	S	2799	2336	5135	0.00038
Skermanella pratensis	2233999	S	2596	1317	3913	0.00029
Nitrospirillum amazonense	28077	S	4000	433	4433	0.00033
Indioceanicola profundi	2220096	S	2684	341	3025	0.00023
Niveispirillum cyanobacteriorum	1612173	S	1558	158	1716	0.00013
Roseomonas sp. OT10	2897332	S	5862	1561	7423	0.00055
Roseomonas sp. S08	1750527	S	5796	378	6174	0.00046
Roseomonas gilardii	257708	S	4843	5353	10196	0.00076
Roseomonas haemaphysalidis	2768162	S	4088	547	4635	0.00035
Roseomonas marmotae	2768161	S	3571	495	4066	0.00030
Rhodovastum atsumiense	504468	S	7547	792	8339	0.00062
Komagataeibacter xylinus	28448	S	1492	3458	4950	0.00037
Acidiphilium multivorum	62140	S	1003	4812	5815	0.00043
Roseococcus microcysteis	2771361	S	3793	369	4162	0.00031
Acidibrevibacterium fodinaquatile	1969806	S	3175	282	3457	0.00026
Lichenicola cladoniae	1484109	S	3141	157	3298	0.00025
Sediminicoccus rosea	1225128	S	3028	163	3191	0.00024
Acetobacter aceti	435	S	1176	1000	2176	0.00016
Gluconacetobacter diazotrophicus	33996	S	2026	498	2524	0.00019
Granulibacter bethesdensis	364410	S	1460	136	1596	0.00012
Hypericibacter adhaerens	2602016	S	7511	1237	8748	0.00065
Hypericibacter terrae	2602015	S	7021	910	7931	0.00059
Magnetospirillum sp. XM-1	1663591	S	1791	562	2353	0.00018
Magnetospirillum sp. ME-1	1639348	S	1576	536	2112	0.00016
Magnetospirillum gryphiswaldense	55518	S	2101	170652	172753	0.01288
Magnetospirillum magneticum	84159	S	1781	186	1967	0.00015
Rhodospirillum centenum	34018	S	3446	468	3914	0.00029
Rhodospirillum rubrum	1085	S	1983	146	2129	0.00016
Tistrella mobilis	171437	S	3882	1772	5654	0.00042
Ferrovibrio terrae	2594003	S	2967	182	3149	0.00023
Defluviicoccus vanus	111831	S	2092	181	2273	0.00017
Pararhodospirillum photometricum	1084	S	1205	91	1296	0.00010
Stella humosa	94	S	8042	543	8585	0.00064
Elioraea tepida	2843330	S	3989	198	4187	0.00031
Paracoccus sp. MC1862	2760307	S	1384	165	1549	0.00012
Paracoccus sp. MA	2895796	S	1249	818	2067	0.00015
Paracoccus sanguinis	1545044	S	2107	575	2682	0.00020
Paracoccus yeei	147645	S	1721	3168	4889	0.00036
Paracoccus liaowanqingii	2560053	S	1560	187	1747	0.00013
Paracoccus denitrificans	266	S	1527	812	2339	0.00017
Paracoccus aminovorans	34004	S	1479	447	1926	0.00014
Paracoccus pantotrophus	82367	S	1408	924	2332	0.00017
Paracoccus zhejiangensis	1077935	S	1392	347	1739	0.00013
Paracoccus jeotgali	2065379	S	1266	245	1511	0.00011
Paracoccus suum	2259340	S	1245	227	1472	0.00011
Paracoccus contaminans	1945662	S	1190	286	1476	0.00011
Paracoccus aminophilus	34003	S	1144	111	1255	0.00009
Rhodobacter sp. CZR27	2033869	S	1985	571	2556	0.00019
Rhodobacter sp. LPB0142	1850250	S	1626	1139	2765	0.00021
Rhodobacter sp. N10	2807096	S	1567	175	1742	0.00013
Rhodobacter capsulatus	1061	S	2169	417	2586	0.00019
Cereibacter sphaeroides	1063	S	4790	3508	8298	0.00062
Rhodovulum sp. P5	1564506	S	1109	127	1236	0.00009
Rhodovulum sulfidophilum	35806	S	1653	1137	2790	0.00021
Polymorphum gilvum	991904	S	3233	764	3997	0.00030
Paroceanicella profunda	2579971	S	3016	826	3842	0.00029
Thioclava electrotropha	1549850	S	1036	404	1440	0.00011
Pikeienuella piscinae	2748098	S	2216	203	2419	0.00018
Pontivivens ytuae	2789856	S	1988	151	2139	0.00016
Pelagovum pacificum	2588711	S	1806	225	2031	0.00015
Silicimonas algicola	1826607	S	1743	103	1846	0.00014
Frigidibacter mobilis	1335048	S	1557	654	2211	0.00016
Pukyongiella litopenaei	2605946	S	1487	375	1862	0.00014
Brevirhabdus pacifica	1267768	S	1280	650	1930	0.00014
Gymnodinialimonas ceratoperidinii	2856823	S	1054	103	1157	0.00009
Fuscovulum blasticum	1075	S	1031	125	1156	0.00009
Sulfitobacter alexandrii	1917485	S	1268	1460	2728	0.00020
Roseovarius sp. SCSIO 43702	2823043	S	1518	1122	2640	0.00020
Roseovarius indicus	540747	S	1925	1104	3029	0.00023
Salipiger profundus	1229727	S	2192	1035	3227	0.00024
Salipiger abyssi	1250539	S	1758	733	2491	0.00019
Salipiger sp. CCB-MM3	1792508	S	1506	224	1730	0.00013
Roseivivax sp. THAF30	2587852	S	1078	1183	2261	0.00017
Roseivivax marinus	1379903	S	2152	370	2522	0.00019
Celeribacter indicus	1208324	S	1869	983	2852	0.00021
Ruegeria pomeroyi	89184	S	1153	240	1393	0.00010
Sulfitobacter pseudonitzschiae	1402135	S	1506	596	2102	0.00016
Yangia pacifica	311180	S	1948	351	2299	0.00017
Sagittula sp. P11	2009329	S	1851	832	2683	0.00020
Mameliella alba	561184	S	1426	288	1714	0.00013
Ponticoccus alexandrii	1943633	S	1363	218	1581	0.00012
Dinoroseobacter shibae	215813	S	1233	494	1727	0.00013
Actibacterium sp. EMB200-NS6	1609966	S	1054	559	1613	0.00012
Roseibacterium elongatum	159346	S	1038	93	1131	0.00008
Caulobacter sp. S6	2823693	S	6174	631	6805	0.00051
Caulobacter sp. FWC26	69665	S	2086	801	2887	0.00022
Caulobacter segnis	88688	S	6669	2175	8844	0.00066
Caulobacter mirabilis	69666	S	4956	858	5814	0.00043
Caulobacter flavus	1679497	S	4403	1105	5508	0.00041
Caulobacter vibrioides	155892	S	4135	2621	6756	0.00050
Caulobacter rhizosphaerae	2010972	S	4127	1055	5182	0.00039
Caulobacter soli	2708539	S	3790	1058	4848	0.00036
Caulobacter henricii	69395	S	1667	254	1921	0.00014
Brevundimonas sp. LM2	1938605	S	1572	616	2188	0.00016
Brevundimonas sp. M20	2591463	S	1480	364	1844	0.00014
Brevundimonas sp. PAMC22021	2861285	S	1456	901	2357	0.00018
Brevundimonas sp. MF30-B	2561924	S	1370	434	1804	0.00013
Brevundimonas sp. AJA228-03	2752515	S	1085	351	1436	0.00011
Brevundimonas naejangsanensis	588932	S	2694	1180	3874	0.00029
Brevundimonas goettingensis	2774190	S	1883	332	2215	0.00017
Brevundimonas albigilva	1312364	S	1849	1162	3011	0.00022
Brevundimonas subvibrioides	74313	S	1563	329	1892	0.00014
Brevundimonas diminuta	293	S	1178	3348	4526	0.00034
Brevundimonas vitisensis	2800818	S	1134	153	1287	0.00010
Brevundimonas pondensis	2774189	S	1079	401	1480	0.00011
Brevundimonas mediterranea	74329	S	1029	541	1570	0.00012
Phenylobacterium zucineum	284016	S	10953	2119	13072	0.00097
Phenylobacterium parvum	2201350	S	3037	321	3358	0.00025
Asticcacaulis excentricus	78587	S	1383	200	1583	0.00012
Asticcacaulis sp. AND118	2840468	S	1165	162	1327	0.00010
Terricaulis silvestris	2686094	S	2098	69	2167	0.00016
Marinicauda algicola	2029849	S	2480	396	2876	0.00021
Candidatus Viadribacter manganicus	1759059	S	1271	39	1310	0.00010
Aquisalinus flavus	1526572	S	1096	48	1144	0.00009
Burkholderia multivorans	87883	S	6869	2677	9546	0.00071
Burkholderia ubonensis	101571	S	6760	3652	10412	0.00078
Burkholderia cenocepacia	95486	S	6176	18995	25171	0.00188
Burkholderia cepacia	292	S	4952	9028	13980	0.00104
Burkholderia anthina	179879	S	4143	3294	7437	0.00055
Burkholderia pyrrocinia	60550	S	3175	1412	4587	0.00034
Burkholderia ambifaria	152480	S	2763	3459	6222	0.00046
Burkholderia contaminans	488447	S	2647	1441	4088	0.00030
Burkholderia stabilis	95485	S	2320	1456	3776	0.00028
Burkholderia stagnalis	1503054	S	2237	691	2928	0.00022
Burkholderia lata	482957	S	2086	1606	3692	0.00028
Burkholderia dolosa	152500	S	1876	6868	8744	0.00065
Burkholderia territorii	1503055	S	1721	692	2413	0.00018
Burkholderia seminalis	488731	S	1419	551	1970	0.00015
Burkholderia vietnamiensis	60552	S	1301	46500	47801	0.00356
Burkholderia metallica	488729	S	1176	475	1651	0.00012
Burkholderia pseudomallei	28450	S	3070	16489	19559	0.00146
Burkholderia mayonis	1385591	S	2163	470	2633	0.00020
Burkholderia thailandensis	57975	S	2107	1499	3606	0.00027
Burkholderia oklahomensis	342113	S	1437	863	2300	0.00017
Burkholderia sp. DHOD12	2571746	S	3474	1347	4821	0.00036
Burkholderia sp. Bp7605	1740163	S	1761	1182	2943	0.00022
Burkholderia gladioli	28095	S	7880	2491	10371	0.00077
Burkholderia glumae	337	S	2781	999	3780	0.00028
Burkholderia plantarii	41899	S	2267	722	2989	0.00022
Burkholderia perseverans	2615214	S	1893	644	2537	0.00019
Paraburkholderia graminis	60548	S	18257	3826	22083	0.00165
Paraburkholderia sp. SOS3	1926494	S	2601	334	2935	0.00022
Paraburkholderia sp. PGU16	2735433	S	1809	803	2612	0.00019
Paraburkholderia sp. PGU19	2735434	S	1366	925	2291	0.00017
Paraburkholderia caribensis	75105	S	4184	2424	6608	0.00049
Paraburkholderia phymatum	148447	S	3739	797	4536	0.00034
Paraburkholderia aromaticivorans	2026199	S	3567	1339	4906	0.00037
Paraburkholderia pallida	2547399	S	3528	577	4105	0.00031
Paraburkholderia tropica	92647	S	3113	626	3739	0.00028
Paraburkholderia acidisoli	2571748	S	3102	505	3607	0.00027
Paraburkholderia edwinii	2861782	S	2947	353	3300	0.00025
Paraburkholderia acidiphila	2571747	S	2787	496	3283	0.00024
Paraburkholderia caledonica	134536	S	2751	434	3185	0.00024
Paraburkholderia phytofirmans	261302	S	2614	939	3553	0.00026
Paraburkholderia terricola	169427	S	2468	644	3112	0.00023
Paraburkholderia atlantica	2654982	S	2399	507	2906	0.00022
Paraburkholderia sprentiae	948107	S	2296	437	2733	0.00020
Paraburkholderia phenoliruptrix	252970	S	2173	522	2695	0.00020
Paraburkholderia terrae	311230	S	2098	1872	3970	0.00030
Paraburkholderia megapolitana	420953	S	2074	184	2258	0.00017
Paraburkholderia fungorum	134537	S	2058	410	2468	0.00018
Paraburkholderia hospita	169430	S	1961	1762	3723	0.00028
Paraburkholderia ginsengisoli	311231	S	1900	499	2399	0.00018
Paraburkholderia xenovorans	36873	S	1638	1914	3552	0.00026
Paraburkholderia caffeinilytica	1761016	S	1516	332	1848	0.00014
Paraburkholderia dokdonella	2211211	S	1306	309	1615	0.00012
Paraburkholderia dioscoreae	2604047	S	1057	561	1618	0.00012
Cupriavidus taiwanensis	164546	S	11281	13938	25219	0.00188
Cupriavidus pauculus	82633	S	9272	4430	13702	0.00102
Cupriavidus campinensis	151783	S	7975	3432	11407	0.00085
Cupriavidus basilensis	68895	S	5511	3063	8574	0.00064
Cupriavidus necator	106590	S	4958	6986	11944	0.00089
Cupriavidus sp. EM10	2839983	S	2253	1816	4069	0.00030
Cupriavidus oxalaticus	96344	S	4537	2436	6973	0.00052
Cupriavidus pinatubonensis	248026	S	3858	734	4592	0.00034
Cupriavidus metallidurans	119219	S	3006	2075	5081	0.00038
Pandoraea sp. XY-2	2518599	S	15733	7837	23570	0.00176
Pandoraea pnomenusa	93220	S	2660	1160	3820	0.00028
Pandoraea thiooxydans	445709	S	2007	160	2167	0.00016
Pandoraea pulmonicola	93221	S	1935	353	2288	0.00017
Pandoraea norimbergensis	93219	S	1531	203	1734	0.00013
Pandoraea faecigallinarum	656179	S	1412	291	1703	0.00013
Pandoraea vervacti	656178	S	1368	308	1676	0.00012
Pandoraea apista	93218	S	1349	667	2016	0.00015
Pandoraea fibrosis	1891094	S	1311	324	1635	0.00012
Pandoraea oxalativorans	573737	S	1134	381	1515	0.00011
Pandoraea sputorum	93222	S	1015	320	1335	0.00010
Caballeronia sp. Lep1P3	2878150	S	2459	593	3052	0.00023
Caballeronia sp. TF1N1	2878153	S	2136	245	2381	0.00018
Caballeronia sp. SL2Y3	2878151	S	1192	1575	2767	0.00021
Caballeronia sp. Sq4a	2878152	S	1162	2188	3350	0.00025
Caballeronia zhejiangensis	871203	S	7916	1522	9438	0.00070
Caballeronia grimmiae	1071679	S	6229	2951	9180	0.00068
Caballeronia insecticola	758793	S	3235	560	3795	0.00028
Ralstonia solanacearum	305	S	6831	31565	38396	0.00286
Ralstonia sp. 56D2	2842456	S	5754	855	6609	0.00049
Ralstonia pickettii	329	S	2378	998	3376	0.00025
Ralstonia insidiosa	190721	S	2145	1601	3746	0.00028
Ralstonia mannitolilytica	105219	S	1945	2168	4113	0.00031
Lautropia mirabilis	47671	S	1258	237	1495	0.00011
Chitinimonas arctica	2594795	S	1174	98	1272	0.00009
Mycetohabitans rhizoxinica	412963	S	1017	71	1088	0.00008
Variovorax sp. HW608	1034889	S	6374	1114	7488	0.00056
Variovorax sp. PBS-H4	434008	S	3393	2290	5683	0.00042
Variovorax sp. RA8	662548	S	3263	2747	6010	0.00045
Variovorax sp. WDL1	207745	S	3123	5244	8367	0.00062
Variovorax sp. PBL-H6	434009	S	3111	3248	6359	0.00047
Variovorax sp. RKNM96	2681552	S	2824	1110	3934	0.00029
Variovorax sp. PAMC 28711	1795631	S	2629	463	3092	0.00023
Variovorax sp. SRS16	282217	S	2360	5957	8317	0.00062
Variovorax sp. PAMC26660	2762322	S	2355	613	2968	0.00022
Variovorax sp. PAMC28562	2762323	S	2062	185	2247	0.00017
Variovorax sp. PBL-E5	434014	S	1640	4796	6436	0.00048
Variovorax sp. 38R	2774875	S	1631	2119	3750	0.00028
Variovorax paradoxus	34073	S	13488	12269	25757	0.00192
Variovorax boronicumulans	436515	S	2158	1609	3767	0.00028
Hydrogenophaga sp. BA0156	2716225	S	2993	2334	5327	0.00040
Hydrogenophaga sp. YM1	2806262	S	2754	1553	4307	0.00032
Hydrogenophaga sp. BPS33	2651974	S	2725	2361	5086	0.00038
Hydrogenophaga sp. PBC	795665	S	2515	3190	5705	0.00043
Hydrogenophaga sp. SL48	2806347	S	2131	1079	3210	0.00024
Hydrogenophaga sp. RAC07	1842537	S	1568	626	2194	0.00016
Hydrogenophaga sp. PBL-H3	434010	S	1520	1539	3059	0.00023
Hydrogenophaga taeniospiralis	65656	S	1843	1461	3304	0.00025
Acidovorax sp. YS12	2738413	S	1865	1714	3579	0.00027
Acidovorax sp. RAC01	1842533	S	1190	1060	2250	0.00017
Acidovorax sp. KKS102	358220	S	1170	912	2082	0.00016
Acidovorax sp. HDW3	2714923	S	1115	860	1975	0.00015
Acidovorax sp. JMULE5	2518343	S	1114	335	1449	0.00011
Acidovorax avenae	80867	S	4185	2874	7059	0.00053
Acidovorax monticola	1926868	S	2291	953	3244	0.00024
Acidovorax antarcticus	2743470	S	2197	1790	3987	0.00030
Acidovorax carolinensis	553814	S	1327	1152	2479	0.00018
Acidovorax citrulli	80869	S	1249	1249	2498	0.00019
Acidovorax cattleyae	80868	S	1100	833	1933	0.00014
Comamonas sp. NLF-7-7	2597701	S	1422	1204	2626	0.00020
Comamonas sp. NLF-1-9	2853163	S	1211	790	2001	0.00015
Comamonas serinivorans	1082851	S	2007	604	2611	0.00019
Comamonas aquatica	225991	S	1875	2052	3927	0.00029
Comamonas testosteroni	285	S	1284	2789	4073	0.00030
Comamonas koreensis	160825	S	1091	852	1943	0.00014
Ramlibacter tataouinensis	94132	S	14336	5788	20124	0.00150
Rhodoferax koreense	1842727	S	3903	2195	6098	0.00045
Rhodoferax sp. BAB1	2741720	S	1976	569	2545	0.00019
Rhodoferax sediminis	2509614	S	2415	388	2803	0.00021
Rhodoferax ferrireducens	192843	S	1047	75	1122	0.00008
Schlegelella thermodepolymerans	215580	S	4016	1990	6006	0.00045
Schlegelella brevitalea	413882	S	3893	572	4465	0.00033
Diaphorobacter sp. HDW4A	2714924	S	1411	1824	3235	0.00024
Diaphorobacter sp. HDW4B	2714925	S	1225	540	1765	0.00013
Diaphorobacter ruginosibacter	1715720	S	1587	723	2310	0.00017
Diaphorobacter aerolatus	1288495	S	1267	2576	3843	0.00029
Delftia tsuruhatensis	180282	S	1715	5611	7326	0.00055
Delftia acidovorans	80866	S	1507	3403	4910	0.00037
Kinneretia sp. DAIF2	2714952	S	3988	1482	5470	0.00041
Kinneretia sp. XES5	2877940	S	1819	2456	4275	0.00032
Polaromonas sp. JS666	296591	S	1944	1993	3937	0.00029
Polaromonas naphthalenivorans	216465	S	1609	264	1873	0.00014
Ottowia sp. 27C	2816950	S	1849	384	2233	0.00017
Ottowia oryzae	2109914	S	1524	348	1872	0.00014
Alicycliphilus denitrificans	179636	S	3755	6484	10239	0.00076
Melaminivora sp. SC2-9	2109913	S	1812	2234	4046	0.00030
Melaminivora jejuensis	1267217	S	1388	1129	2517	0.00019
Serpentinimonas maccroryi	1458426	S	1118	468	1586	0.00012
Verminephrobacter eiseniae	364317	S	1940	248	2188	0.00016
Pulveribacter suum	2116657	S	1524	820	2344	0.00017
Hylemonella gracilis	80880	S	1516	225	1741	0.00013
Simplicispira suum	2109915	S	1171	470	1641	0.00012
Massilia sp. WG5	1707785	S	7975	5044	13019	0.00097
Massilia sp. HC52	2852099	S	3382	1730	5112	0.00038
Massilia sp. LPB0304	2769491	S	3177	2046	5223	0.00039
Massilia sp. DM-R-R2A-13	2899220	S	2659	1078	3737	0.00028
Massilia sp. YMA4	1593482	S	2553	1730	4283	0.00032
Massilia sp. NP310	2861282	S	2410	2067	4477	0.00033
Massilia sp. PAMC28688	2861283	S	1754	442	2196	0.00016
Massilia putida	1141883	S	8077	2502	10579	0.00079
Massilia violaceinigra	2045208	S	4696	1272	5968	0.00044
Massilia flava	871742	S	4066	979	5045	0.00038
Massilia lutea	321985	S	2732	807	3539	0.00026
Massilia albidiflava	321983	S	2657	1008	3665	0.00027
Massilia umbonata	864828	S	2603	1000	3603	0.00027
Massilia armeniaca	2072590	S	2395	1184	3579	0.00027
Massilia plicata	321984	S	2332	599	2931	0.00022
Massilia oculi	945844	S	2091	1245	3336	0.00025
Massilia antarctica	2765360	S	2010	703	2713	0.00020
Duganella sp. GN2-R2	2728020	S	4052	1680	5732	0.00043
Duganella sp. AF9R3	2728021	S	2237	461	2698	0.00020
Herbaspirillum robiniae	2014887	S	2509	925	3434	0.00026
Herbaspirillum hiltneri	341045	S	1915	327	2242	0.00017
Herbaspirillum seropedicae	964	S	1813	719	2532	0.00019
Herbaspirillum frisingense	92645	S	1712	519	2231	0.00017
Herbaspirillum rubrisubalbicans	80842	S	1568	684	2252	0.00017
Herbaspirillum huttiense	863372	S	1108	430	1538	0.00011
Janthinobacterium sp. 1_2014MBL_MicDiv	1644131	S	1378	920	2298	0.00017
Janthinobacterium sp. 17J80-10	2497863	S	1342	208	1550	0.00012
Janthinobacterium agaricidamnosum	55508	S	2103	4583	6686	0.00050
Collimonas fungivorans	158899	S	1991	560	2551	0.00019
Collimonas arenae	279058	S	1588	212	1800	0.00013
Collimonas pratensis	279113	S	1523	322	1845	0.00014
Noviherbaspirillum sp. UKPF54	2601898	S	3069	539	3608	0.00027
Achromobacter xylosoxidans	85698	S	7668	14202	21870	0.00163
Achromobacter sp. AONIH1	1758194	S	2286	3514	5800	0.00043
Achromobacter sp. MFA1 R4	1881016	S	1827	1281	3108	0.00023
Achromobacter spanius	217203	S	3901	1752	5653	0.00042
Achromobacter denitrificans	32002	S	3413	2768	6181	0.00046
Achromobacter deleyi	1353891	S	2503	1961	4464	0.00033
Achromobacter insolitus	217204	S	1789	554	2343	0.00017
Achromobacter pestifer	1353889	S	1327	995	2322	0.00017
Achromobacter mucicolens	1389922	S	1196	2090	3286	0.00025
Bordetella sp. H567	1697043	S	2460	322	2782	0.00021
Bordetella sp. N	1746199	S	2322	283	2605	0.00019
Bordetella bronchialis	463025	S	2755	409	3164	0.00024
Bordetella genomosp. 8	1416806	S	2743	361	3104	0.00023
Bordetella genomosp. 13	463040	S	2614	2022	4636	0.00035
Bordetella flabilis	463014	S	2349	217	2566	0.00019
Bordetella genomosp. 9	1416803	S	2278	631	2909	0.00022
Bordetella hinzii	103855	S	1968	977	2945	0.00022
Bordetella petrii	94624	S	1767	2574	4341	0.00032
Bordetella trematum	123899	S	1474	692	2166	0.00016
Bordetella pseudohinzii	1331258	S	1154	597	1751	0.00013
Bordetella bronchiseptica	518	S	1081	7329	8410	0.00063
Pigmentiphaga sp. H8	2488560	S	4084	549	4633	0.00035
Pigmentiphaga aceris	1940612	S	1165	84	1249	0.00009
Orrella dioscoreae	1851544	S	2008	768	2776	0.00021
Castellaniella defragrans	75697	S	2367	1740	4107	0.00031
Rhizobacter gummiphilus	946333	S	5422	1090	6512	0.00049
Rhizobacter sp. AJA081-3	2753607	S	5147	1309	6456	0.00048
Sphaerotilus sp. FB-5	2914710	S	3684	2489	6173	0.00046
Sphaerotilus natans	34103	S	3410	1369	4779	0.00036
Methylibium petroleiphilum	105560	S	2090	2040	4130	0.00031
Methylibium sp. Pch-M	2082386	S	2077	1832	3909	0.00029
Rubrivivax gelatinosus	28068	S	5537	1777	7314	0.00055
Thiomonas sp. X19	1050370	S	1789	1207	2996	0.00022
Thiomonas intermedia	926	S	1236	394	1630	0.00012
Aquincola tertiaricarbonis	391953	S	4426	1589	6015	0.00045
Mitsuaria sp. 7	1658665	S	4137	840	4977	0.00037
Leptothrix cholodnii	34029	S	3776	1215	4991	0.00037
Xylophilus rhododendri	2697032	S	3227	968	4195	0.00031
Ideonella dechloratans	36863	S	2360	1459	3819	0.00028
Tepidimonas taiwanensis	307486	S	2000	773	2773	0.00021
Aquabacterium olei	1296669	S	1936	528	2464	0.00018
Roseateles depolymerans	76731	S	1867	367	2234	0.00017
Inhella inkyongensis	392593	S	1275	212	1487	0.00011
Paucibacter sp. KCTC 42545	1768242	S	1156	206	1362	0.00010
Thauera sp. MZ1T	85643	S	3295	3444	6739	0.00050
Thauera sp. K11	2005884	S	3116	1946	5062	0.00038
Thauera humireducens	1134435	S	2256	1385	3641	0.00027
Thauera chlorobenzoica	96773	S	1644	1431	3075	0.00023
Thauera aromatica	59405	S	1541	2167	3708	0.00028
Azoarcus sp. KH32C	748247	S	3645	677	4322	0.00032
Azoarcus sp. DD4	2027405	S	2636	1723	4359	0.00033
Azoarcus olearius	418699	S	3079	1154	4233	0.00032
Azoarcus communis	41977	S	2301	928	3229	0.00024
Nitrogeniibacter mangrovi	2016596	S	2587	571	3158	0.00024
Nitrogeniibacter aestuarii	2815343	S	1148	133	1281	0.00010
Aromatoleum petrolei	76116	S	3195	790	3985	0.00030
Aromatoleum aromaticum	551760	S	2426	1734	4160	0.00031
Aromatoleum pumilum	2067960	S	2157	858	3015	0.00022
Aromatoleum bremense	76115	S	2104	1249	3353	0.00025
Azospira restricta	404405	S	5155	3909	9064	0.00068
Niveibacterium microcysteis	2811415	S	2152	331	2483	0.00019
Oryzomicrobium terrae	1735038	S	1441	392	1833	0.00014
Dechloromonas denitrificans	281362	S	2227	697	2924	0.00022
Ferribacterium limneticum	76259	S	2953	522	3475	0.00026
Quatrionicoccus australiensis	138118	S	1341	403	1744	0.00013
Usitatibacter rugosus	2732067	S	12235	1538	13773	0.00103
Usitatibacter palustris	2732487	S	9198	1231	10429	0.00078
Nitrosospira lacus	1288494	S	2374	816	3190	0.00024
Nitrosospira multiformis	1231	S	2059	595	2654	0.00020
Denitratisoma sp. DHT3	1981880	S	1936	1528	3464	0.00026
Denitratisoma oestradiolicum	311182	S	1054	183	1237	0.00009
Sulfuritalea hydrogenivorans	748811	S	2318	367	2685	0.00020
Methyloversatilis sp. RAC08	1842540	S	2196	318	2514	0.00019
Sterolibacterium denitrificans	157592	S	1545	468	2013	0.00015
Thiobacillus denitrificans	36861	S	3084	651	3735	0.00028
Sulfuritortus calidifontis	1914471	S	1964	902	2866	0.00021
Sideroxydans sp. MIZ01	2764705	S	1158	285	1443	0.00011
Ferrigenium kumadai	1682490	S	1363	314	1677	0.00013
Sulfuriferula plumbiphila	171865	S	1002	196	1198	0.00009
Sulfurimicrobium lacus	2715678	S	1581	235	1816	0.00014
Chromobacterium sp. ATCC 53434	2059672	S	1784	1229	3013	0.00022
Chromobacterium vaccinii	1108595	S	1768	1938	3706	0.00028
Chromobacterium violaceum	536	S	1736	2580	4316	0.00032
Jeongeupia sp. USM3	1906741	S	2220	640	2860	0.00021
Jeongeupia sp. HS-3	1009682	S	1001	216	1217	0.00009
Paludibacterium paludis	1225769	S	1145	253	1398	0.00010
Paludibacterium yongneupense	400061	S	1052	166	1218	0.00009
Pseudogulbenkiania sp. NH8B	748280	S	1864	720	2584	0.00019
Vogesella sp. LIG4	1192162	S	1206	374	1580	0.00012
Microvirgula aerodenitrificans	57480	S	1483	316	1799	0.00013
Crenobacter cavernae	2290923	S	2461	1336	3797	0.00028
Chitinolyticbacter meiyuanensis	682798	S	1607	404	2011	0.00015
Casimicrobium huifangae	2591109	S	1723	870	2593	0.00019
Lysobacter sp. KIS68-7	2904252	S	9875	2266	12141	0.00091
Lysobacter sp. TY2-98	2290922	S	4136	750	4886	0.00036
Lysobacter sp. 5GHs7-4	2904253	S	2884	1080	3964	0.00030
Lysobacter sp. S4-A87	2925843	S	2401	1041	3442	0.00026
Lysobacter sp. CECT 30171	2822368	S	2392	672	3064	0.00023
Lysobacter sp. K5869	2820808	S	2169	1470	3639	0.00027
Lysobacter sp. CW239	2762611	S	1854	1178	3032	0.00023
Lysobacter enzymogenes	69	S	8931	4306	13237	0.00099
Lysobacter capsici	435897	S	6709	10826	17535	0.00131
Lysobacter soli	453783	S	6384	1548	7932	0.00059
Lysobacter solisilvae (ex Woo and Kim 2022)	2865112	S	3891	1342	5233	0.00039
Lysobacter lycopersici	1324796	S	3808	910	4718	0.00035
Lysobacter solisilvae (ex Kim et al. 2021)	2763317	S	3356	777	4133	0.00031
Lysobacter antibioticus	84531	S	3252	865	4117	0.00031
Lysobacter maris	1605891	S	2785	776	3561	0.00027
Lysobacter arenosi	2795387	S	2446	1030	3476	0.00026
Lysobacter alkalisoli	2591633	S	2074	428	2502	0.00019
Lysobacter oculi	2698682	S	2066	622	2688	0.00020
Xanthomonas translucens	343	S	4235	6416	10651	0.00079
Xanthomonas campestris	339	S	3515	3171	6686	0.00050
Xanthomonas sacchari	56458	S	2343	895	3238	0.00024
Xanthomonas arboricola	56448	S	2050	2827	4877	0.00036
Xanthomonas oryzae	347	S	1516	842	2358	0.00018
Xanthomonas theicola	56464	S	1490	555	2045	0.00015
Xanthomonas citri	346	S	1277	11774	13051	0.00097
Xanthomonas hyacinthi	56455	S	1118	782	1900	0.00014
Stenotrophomonas maltophilia	40324	S	10054	20210	30264	0.00226
Stenotrophomonas sp. LM091	1904944	S	1356	935	2291	0.00017
Stenotrophomonas sp. 169	2770322	S	1136	264	1400	0.00010
Stenotrophomonas rhizophila	216778	S	4246	1456	5702	0.00043
Stenotrophomonas acidaminiphila	128780	S	2282	6441	8723	0.00065
Luteimonas sp. S4-F44	2925842	S	2497	516	3013	0.00022
Luteimonas sp. MC1750	2799326	S	2354	907	3261	0.00024
Luteimonas sp. D4P002	2901869	S	2173	601	2774	0.00021
Luteimonas sp. YGD11-2	2508168	S	1912	843	2755	0.00021
Luteimonas sp. MC1572	2799325	S	1891	924	2815	0.00021
Luteimonas sp. MC1825	2761107	S	1811	908	2719	0.00020
Luteimonas sp. JM171	1896164	S	1809	391	2200	0.00016
Luteimonas granuli	1176533	S	2169	792	2961	0.00022
Luteimonas chenhongjianii	2006110	S	1879	423	2302	0.00017
Luteimonas yindakuii	2565782	S	1765	695	2460	0.00018
Pseudoxanthomonas suwonensis	314722	S	4637	2572	7209	0.00054
Pseudoxanthomonas mexicana	128785	S	2814	4372	7186	0.00054
Pseudoxanthomonas sp. X-1	2571115	S	2658	2530	5188	0.00039
Pseudoxanthomonas daejeonensis	266062	S	2016	556	2572	0.00019
Pseudoxanthomonas spadix	415229	S	1539	627	2166	0.00016
Thermomonas sp. XSG	2771436	S	1693	783	2476	0.00018
Thermomonas sp. HDW16	2714945	S	1288	367	1655	0.00012
Thermomonas brevis	215691	S	2519	1086	3605	0.00027
Thermomonas aquatica	2202149	S	2123	1188	3311	0.00025
Thermomonas carbonis	1463158	S	1780	404	2184	0.00016
Arenimonas daejeonensis	370777	S	2489	550	3039	0.00023
Pseudolysobacter antarcticus	2511995	S	2063	62	2125	0.00016
Frateuria sp. 5GH9-34	2898793	S	14055	3698	17753	0.00132
Frateuria sp. 5GH9-11	1542730	S	4235	1417	5652	0.00042
Dyella thiooxydans	445710	S	5808	1625	7433	0.00055
Dyella japonica	231455	S	2483	742	3225	0.00024
Dyella telluris	2763498	S	2421	641	3062	0.00023
Dyella terrae	522259	S	1759	249	2008	0.00015
Dyella caseinilytica	1849581	S	1180	90	1270	0.00009
Luteibacter sp. 321	2911537	S	2452	680	3132	0.00023
Luteibacter sp. EIF3	2780091	S	1858	265	2123	0.00016
Luteibacter sp. 335	2911538	S	1790	352	2142	0.00016
Luteibacter sp. 353	2911539	S	1641	463	2104	0.00016
Luteibacter rhizovicinus	242606	S	2078	269	2347	0.00018
Luteibacter pinisoli	2589080	S	1943	458	2401	0.00018
Luteibacter anthropi	564369	S	1474	244	1718	0.00013
Rhodanobacter denitrificans	666685	S	4758	1748	6506	0.00049
Rhodanobacter thiooxydans	416169	S	3074	1376	4450	0.00033
Rhodanobacter sp. FDAARGOS 1247	2778082	S	2803	907	3710	0.00028
Rhodanobacter glycinis	582702	S	2016	337	2353	0.00018
Dokdonella koreensis	323415	S	6008	1076	7084	0.00053
Aerosticca soli	2010829	S	2679	3606	6285	0.00047
Ahniella affigens	2021234	S	1265	36	1301	0.00010
Pseudomonas sp. S34	1573718	S	2963	3634	6597	0.00049
Pseudomonas sp. PDNC002	2811422	S	2346	2244	4590	0.00034
Pseudomonas sp. ATCC 13867	1294143	S	2173	3023	5196	0.00039
Pseudomonas sp. SCB32	2653853	S	1978	2049	4027	0.00030
Pseudomonas sp. KNUC1026	2893890	S	1047	181	1228	0.00009
Pseudomonas fluorescens	294	S	6955	7635	14590	0.00109
Pseudomonas protegens	380021	S	1596	8203	9799	0.00073
Pseudomonas orientalis	76758	S	1163	506	1669	0.00012
Pseudomonas aeruginosa	287	S	6465	94400	100865	0.00752
Pseudomonas multiresinivorans	95301	S	1831	757	2588	0.00019
Pseudomonas mendocina	300	S	2353	971	3324	0.00025
Pseudomonas alcaligenes	43263	S	1941	1391	3332	0.00025
Pseudomonas furukawaii	1149133	S	1269	419	1688	0.00013
Pseudomonas resinovorans	53412	S	1368	343	1711	0.00013
Pseudomonas putida	303	S	9197	14723	23920	0.00178
Pseudomonas oryzihabitans	47885	S	2320	595	2915	0.00022
Pseudomonas fulva	47880	S	1557	4962	6519	0.00049
Pseudomonas stutzeri	316	S	8643	6365	15008	0.00112
Pseudomonas balearica	74829	S	1480	1961	3441	0.00026
Pseudomonas syringae	317	S	1920	4298	6218	0.00046
Pseudomonas viridiflava	33069	S	1198	199	1397	0.00010
Pseudomonas chlororaphis	587753	S	3959	5241	9200	0.00069
Pseudomonas knackmussii	65741	S	2330	2181	4511	0.00034
Pseudomonas otitidis	319939	S	2301	594	2895	0.00022
Pseudomonas psychrotolerans	237610	S	2209	580	2789	0.00021
Pseudomonas oryzae	1392877	S	1876	694	2570	0.00019
Pseudomonas entomophila	312306	S	1782	945	2727	0.00020
Pseudomonas cavernae	2320867	S	1379	254	1633	0.00012
Pseudomonas guangdongensis	1245526	S	1242	471	1713	0.00013
Pseudomonas umsongensis	198618	S	1218	232	1450	0.00011
Pseudomonas lalkuanensis	2604832	S	1199	258	1457	0.00011
Azotobacter chroococcum	353	S	1949	1345	3294	0.00025
Azotobacter vinelandii	354	S	1297	0	1297	0.00010
Azotobacter salinestris	69964	S	1048	581	1629	0.00012
Klebsiella pneumoniae	573	S	1030	54063	55093	0.00411
Salmonella enterica	28901	S	1183	43834	45017	0.00336
Serratia marcescens	615	S	1897	7590	9487	0.00071
Pantoea agglomerans	549	S	1383	1284	2667	0.00020
Pantoea dispersa	59814	S	1092	581	1673	0.00012
Thioalkalivibrio paradoxus	108010	S	1516	416	1932	0.00014
Thioalkalivibrio sulfidiphilus	1033854	S	1492	971	2463	0.00018
Thioalkalivibrio nitratireducens	186931	S	1464	362	1826	0.00014
Thioalkalivibrio versutus	106634	S	1155	153	1308	0.00010
Thioalkalivibrio sp. K90mix	396595	S	1135	145	1280	0.00010
Spiribacter sp. E85	2182432	S	2998	336	3334	0.00025
Acidihalobacter aeolianus	2792603	S	1335	208	1543	0.00012
Acidihalobacter ferrooxydans	1765967	S	1067	122	1189	0.00009
Halorhodospira halophila	1053	S	1302	152	1454	0.00011
Alkalilimnicola ehrlichii	351052	S	1434	191	1625	0.00012
Aquisalimonas sp. 2447	2740807	S	1417	101	1518	0.00011
Candidatus Thiodictyon syntrophicum	1166950	S	2657	153	2810	0.00021
Allochromatium tepidum	553982	S	1167	566	1733	0.00013
Allochromatium vinosum	1049	S	1118	436	1554	0.00012
Marichromatium purpuratum	37487	S	2408	500	2908	0.00022
Thioflavicoccus mobilis	80679	S	2184	216	2400	0.00018
Thiocapsa bogorovii	521689	S	1824	105	1929	0.00014
Thiocystis violascens	73141	S	1451	134	1585	0.00012
Wenzhouxiangella marina	1579979	S	1563	110	1673	0.00012
Wenzhouxiangella sp. AB-CW3	2771012	S	1002	49	1051	0.00008
Guyparkeria halophila	47960	S	1532	402	1934	0.00014
Sulfurivermis fontis	1972068	S	1361	571	1932	0.00014
Halomonas sp. THAF5a	2587844	S	1497	1740	3237	0.00024
Halomonas sp. THAF12	2587849	S	1188	2216	3404	0.00025
Halomonas sp. 1513	1883416	S	1179	1028	2207	0.00016
Halomonas sp. HG01	1609967	S	1044	1522	2566	0.00019
Halomonas beimenensis	475662	S	1484	876	2360	0.00018
Halomonas aestuarii	1897729	S	1197	849	2046	0.00015
Halomonas socia	1081866	S	1105	865	1970	0.00015
Halomonas tianxiuensis	2497861	S	1022	1040	2062	0.00015
Halotalea alkalilenta	376489	S	1527	447	1974	0.00015
Salinicola tamaricis	1771309	S	1448	414	1862	0.00014
Chromohalobacter salexigens	158080	S	1068	310	1378	0.00010
Alcanivorax sp. N3-2A	2014542	S	1220	1853	3073	0.00023
Aeromonas hydrophila	644	S	1495	10231	11726	0.00087
Zobellella denitrificans	347534	S	1069	303	1372	0.00010
Methylococcus sp. EFPC2	2812648	S	1416	156	1572	0.00012
Methylococcus sp. Mc7	2860258	S	1174	533	1707	0.00013
Methylococcus capsulatus	414	S	1166	408	1574	0.00012
Methylomagnum ishizawai	1760988	S	1621	117	1738	0.00013
Methylomicrobium album	39775	S	1207	94	1301	0.00010
Methylogaea oryzae	1295382	S	1329	171	1500	0.00011
Methylocaldum marinum	1432792	S	1232	111	1343	0.00010
Solimonas sp. K1W22B-7	2303331	S	4296	470	4766	0.00036
Flagellatimonas centrodinii	2806210	S	1404	99	1503	0.00011
Steroidobacter denitrificans	465721	S	2714	863	3577	0.00027
Sulfurifustis variabilis	1675686	S	4841	332	5173	0.00039
Sulfuricaulis limicola	1620215	S	2153	179	2332	0.00017
Immundisolibacter cernigliae	1810504	S	2626	524	3150	0.00023
Salinisphaera sp. LB1	2183911	S	1677	77	1754	0.00013
endosymbiont of unidentified scaly snail isolate Monju	1248727	S	1175	112	1287	0.00010
Corallococcus coralloides	184914	S	22633	6564	29197	0.00218
Corallococcus sp. EGB	1521117	S	6549	1464	8013	0.00060
Corallococcus macrosporus	35	S	4956	1269	6225	0.00046
Myxococcus xanthus	34	S	8141	20170	28311	0.00211
Myxococcus hansupus	1297742	S	4195	522	4717	0.00035
Myxococcus stipitatus	83455	S	3830	698	4528	0.00034
Myxococcus sp. SCHIC003	2813577	S	3291	602	3893	0.00029
Pyxidicoccus sp. SCPEA002	2813578	S	20054	1296	21350	0.00159
Anaeromyxobacter sp. Red232	2918170	S	13142	1509	14651	0.00109
Anaeromyxobacter sp. Red630	2918171	S	9782	1420	11202	0.00084
Anaeromyxobacter sp. Fw109-5	404589	S	9675	1348	11023	0.00082
Anaeromyxobacter sp. K	447217	S	2354	4917	7271	0.00054
Anaeromyxobacter dehalogenans	161493	S	7937	6187	14124	0.00105
Archangium violaceum	83451	S	16428	3626	20054	0.00150
Archangium gephyra	48	S	8133	2068	10201	0.00076
Stigmatella aurantiaca	41	S	7774	845	8619	0.00064
Cystobacter fuscus	43	S	6777	2036	8813	0.00066
Melittangium boletus	83453	S	5313	1462	6775	0.00051
Vulgatibacter incomptus	1391653	S	6044	538	6582	0.00049
Sorangium cellulosum	56	S	72338	9235	81573	0.00608
Polyangium aurulentum	2567896	S	18099	1803	19902	0.00148
Chondromyces crocatus	52	S	8998	432	9430	0.00070
Sandaracinus amylolyticus	927083	S	28357	1787	30144	0.00225
Labilithrix luteola	1391654	S	17939	852	18791	0.00140
Haliangium ochraceum	80816	S	13639	847	14486	0.00108
Geomonas sp. RF6	2897342	S	2026	279	2305	0.00017
Geomonas paludis	2740185	S	1524	727	2251	0.00017
Geomonas nitrogeniifigens	2847991	S	1493	733	2226	0.00017
Geomonas subterranea	2847989	S	1296	575	1871	0.00014
Geomonas oryzisoli	2847992	S	1291	673	1964	0.00015
Geobacter sp. FeAm09	2597769	S	1354	195	1549	0.00012
Geobacter sp. SVR	2495594	S	1049	166	1215	0.00009
Geobacter sulfurreducens	35554	S	1522	595	2117	0.00016
Geobacter pickeringii	345632	S	1473	436	1909	0.00014
Citrifermentans bremense	60035	S	1252	488	1740	0.00013
Citrifermentans bemidjiense	225194	S	1180	421	1601	0.00012
Desulfuromonas versatilis	2802975	S	2317	472	2789	0.00021
Desulfuromonas sp. DDH964	1823759	S	1649	385	2034	0.00015
Desulfuromonas soudanensis	1603606	S	1467	189	1656	0.00012
Desulfovibrio vulgaris	881	S	1054	270	1324	0.00010
Pseudodesulfovibrio mercurii	641491	S	1303	498	1801	0.00013
Pseudodesulfovibrio indicus	1716143	S	1183	401	1584	0.00012
Solidesulfovibrio carbinoliphilus	345370	S	1597	1079	2676	0.00020
Oceanidesulfovibrio marinus	370038	S	1526	165	1691	0.00013
Desulfocurvibacter africanus	873	S	1178	141	1319	0.00010
Desulfolutivibrio sulfoxidireducens	2773299	S	1102	606	1708	0.00013
Desulfosarcina ovata	83564	S	1059	284	1343	0.00010
Persicimonas caeni	2292766	S	4580	163	4743	0.00035
Bradymonas sediminis	1548548	S	1550	125	1675	0.00012
Syntrophobacter fumaroxidans	119484	S	1120	644	1764	0.00013
Desulfarculus baarsii	453230	S	1768	1420	3188	0.00024
Gemmata obscuriglobus	114	S	13987	2378	16365	0.00122
Gemmata massiliana	1210884	S	6917	2887	9804	0.00073
Gemmata sp. SH-PL17	1630693	S	6379	2998	9377	0.00070
Urbifossiella limnaea	2528023	S	24868	2150	27018	0.00201
Frigoriglobus tundricola	2774151	S	18288	2807	21095	0.00157
Limnoglobus roseus	2598579	S	12647	574	13221	0.00099
Tuwongella immobilis	692036	S	1574	59	1633	0.00012
Telmatocola sphagniphila	1123043	S	1340	12	1352	0.00010
Aquisphaera giovannonii	406548	S	19360	2912	22272	0.00166
Paludisphaera borealis	1387353	S	16655	3056	19711	0.00147
Tautonia plasticadhaerens	2527974	S	16545	1295	17840	0.00133
Singulisphaera acidiphila	466153	S	11889	1463	13352	0.00100
Isosphaera pallida	128	S	1798	112	1910	0.00014
Stieleria neptunia	2527979	S	1793	177	1970	0.00015
Stieleria maiorica	2795974	S	1757	311	2068	0.00015
Lignipirellula cremea	2528010	S	3412	410	3822	0.00028
Rosistilla oblonga	2527990	S	1041	993	2034	0.00015
Anatilimnocola aggregata	2528021	S	3196	358	3554	0.00026
Pirellula staleyi	125	S	1728	66	1794	0.00013
Bremerella volcania	2527984	S	2022	147	2169	0.00016
Roseimaritima ulvae	980254	S	1479	100	1579	0.00012
Lacipirellula parvula	2650471	S	3953	460	4413	0.00033
Lacipirellula limnantheis	2528024	S	3631	476	4107	0.00031
Pirellulimonas nuda	2528009	S	4426	481	4907	0.00037
Botrimarina mediterranea	2528022	S	3821	348	4169	0.00031
Aeoliella mucimassa	2527972	S	1515	122	1637	0.00012
Planctomyces sp. SH-PL62	1636152	S	11192	3335	14527	0.00108
Planctomyces sp. SH-PL14	1632864	S	5416	363	5779	0.00043
Gimesia panareensis	2527978	S	1442	1036	2478	0.00018
Caulifigura coniformis	2527983	S	3788	255	4043	0.00030
Alienimonas californiensis	2527989	S	3597	274	3871	0.00029
Maioricimonas rarisocia	2528026	S	3514	463	3977	0.00030
Symmachiella dynata	2527995	S	1683	104	1787	0.00013
Humisphaera borealis	2807512	S	9159	260	9419	0.00070
Phycisphaera mikurensis	547188	S	3422	304	3726	0.00028
Mucisphaera calidilacus	2527982	S	1599	93	1692	0.00013
Opitutus terrae	107709	S	5125	262	5387	0.00040
Opitutus sp. GAS368	1882749	S	4116	650	4766	0.00036
Lacunisphaera limnophila	1838286	S	3092	490	3582	0.00027
Oleiharenicola sp. KSB-15	2862869	S	2469	146	2615	0.00019
Nibricoccus aquaticus	2576891	S	2113	108	2221	0.00017
Ereboglobus luteus	1796921	S	1562	97	1659	0.00012
Verrucomicrobium sp. GAS474	1882831	S	2640	365	3005	0.00022
Verrucomicrobium spinosum	2736	S	1892	131	2023	0.00015
Luteolibacter luteus	2728835	S	1769	84	1853	0.00014
Luteolibacter ambystomatis	2824561	S	1719	131	1850	0.00014
Roseimicrobium sp. ORNL1	2711231	S	2504	103	2607	0.00019
Akkermansia muciniphila	239935	S	1097	136	1233	0.00009
Hymenobacter sp. PAMC 26628	1484118	S	1050	1948	2998	0.00022
Hymenobacter sp. 5317J-9	2932250	S	1012	2257	3269	0.00024
Hymenobacter monticola	1705399	S	1068	1219	2287	0.00017
Chryseolinea soli	2321403	S	1589	366	1955	0.00015
Niastella koreensis	354356	S	23680	1736	25416	0.00189
Chitinophaga oryzae	2725414	S	1009	362	1371	0.00010
Pedobacter ginsengisoli	363852	S	1786	1684	3470	0.00026
Rhodothermus marinus	29549	S	3779	329	4108	0.00031
Rhodocaloribacter litoris	2558931	S	3582	587	4169	0.00031
Salinibacter ruber	146919	S	2454	77	2531	0.00019
Gemmatirosa kalamazoonesis	861299	S	66780	6476	73256	0.00546
Gemmatimonas groenlandica	2732249	S	9124	1014	10138	0.00076
Gemmatimonas aurantiaca	173480	S	6149	613	6762	0.00050
Gemmatimonas phototrophica	1379270	S	5280	710	5990	0.00045
Granulicella sp. WH15	2602070	S	3649	631	4280	0.00032
Granulicella sp. 5B5	1617967	S	2882	445	3327	0.00025
Granulicella mallensis	940614	S	3002	350	3352	0.00025
Granulicella tundricola	940615	S	2334	299	2633	0.00020
Terriglobus roseus	392734	S	3918	775	4693	0.00035
Terriglobus albidus	1592106	S	3041	282	3323	0.00025
Terriglobus saanensis	870903	S	1893	238	2131	0.00016
Candidatus Koribacter versatilis	658062	S	8225	278	8503	0.00063
Acidobacterium capsulatum	33075	S	3876	486	4362	0.00033
Acidobacterium sp. 4Y35	2763107	S	3819	271	4090	0.00030
Edaphobacter sp. 12200R-103	2703788	S	5172	853	6025	0.00045
Edaphobacter sp. 4G125	2763071	S	1695	237	1932	0.00014
Acidisarcina polymorpha	2211140	S	2648	189	2837	0.00021
Paludibaculum fermentans	1473598	S	8800	235	9035	0.00067
Luteitalea sp. TBR-22	2802971	S	21003	3754	24757	0.00185
Luteitalea pratensis	1855912	S	18010	2033	20043	0.00149
Chloracidobacterium aggregatum	2851959	S	1199	1409	2608	0.00019
Sulfidibacter corallicola	2818388	S	2060	48	2108	0.00016
Nitrospira moscoviensis	42253	S	3630	234	3864	0.00029
Nitrospira japonica	1325564	S	1899	156	2055	0.00015
Candidatus Nitrospira inopinata	1715989	S	1329	83	1412	0.00011
Nitrospira sp. KM1	1936990	S	1254	79	1333	0.00010
Fusarium acuminatum	5515	S	6620	886	7506	0.00056
Fusarium oxysporum	5507	S	1753	1170	2923	0.00022
Beauveria felina	37994	S	1138	1203	2341	0.00017
Cordyceps fumosorosea	114497	S	1747	219	1966	0.00015
Ustilaginoidea virens	1159556	S	1008	155	1163	0.00009
Purpureocillium lilacinum	33203	S	2115	343	2458	0.00018
Drechmeria coniospora	98403	S	1410	133	1543	0.00012
Colletotrichum higginsianum	80884	S	1978	590	2568	0.00019
Thermothielavioides terrestris	2587410	S	2312	166	2478	0.00018
Thermothelomyces thermophilus	78579	S	1803	95	1898	0.00014
Aspergillus fumigatus	746128	S	6098	302	6400	0.00048
Aspergillus puulaauensis	1220207	S	1937	104	2041	0.00015
Aspergillus chevalieri	182096	S	1214	167	1381	0.00010
Talaromyces rugulosus	121627	S	1198	110	1308	0.00010
Pseudozyma flocculosa	84751	S	2744	111	2855	0.00021
Phytophthora cinnamomi	4785	S	1925	456	2381	0.00018
Phytophthora fragariae	53985	S	1599	353	1952	0.00015
