name	taxonomy_id	taxonomy_lvl	kraken_assigned_reads	added_reads	new_est_reads	fraction_total_reads
Streptomyces	1883	G	2399193	489208	2888401	0.14782
Kitasatospora	2063	G	37741	10846	48587	0.00249
Streptacidiphilus	228398	G	23871	5638	29509	0.00151
Yinghuangia	2805681	G	21988	2889	24877	0.00127
Microbacterium	33882	G	177252	25626	202878	0.01038
Agromyces	33877	G	59878	11828	71706	0.00367
Curtobacterium	2034	G	39140	6850	45990	0.00235
Rathayibacter	33886	G	34149	6438	40587	0.00208
Leifsonia	110932	G	26152	13276	39428	0.00202
Clavibacter	1573	G	25860	11608	37468	0.00192
Leucobacter	55968	G	25166	3998	29164	0.00149
Agrococcus	46352	G	24472	5486	29958	0.00153
Protaetiibacter	2680004	G	11977	2888	14865	0.00076
Cryobacterium	69578	G	9175	1098	10273	0.00053
Salinibacterium	235888	G	9119	1218	10337	0.00053
Frondihabitans	447237	G	7527	967	8494	0.00043
Plantibacter	190323	G	6515	697	7212	0.00037
Microterricola	518733	G	6494	1306	7800	0.00040
Microcella	337004	G	5834	1675	7509	0.00038
Cnuibacter	1759331	G	4613	813	5426	0.00028
Frigoribacterium	96492	G	4494	1075	5569	0.00029
Herbiconiux	881616	G	4434	723	5157	0.00026
Gryllotalpicola	1195526	G	4386	694	5080	0.00026
Mycetocola	76634	G	3889	407	4296	0.00022
Subtercola	120212	G	3734	254	3988	0.00020
Humibacter	427753	G	3449	625	4074	0.00021
Amnibacterium	1029631	G	3324	652	3976	0.00020
Chryseoglobus	1331730	G	3147	523	3670	0.00019
Gulosibacter	256818	G	2685	626	3311	0.00017
Marisediminicola	1230698	G	2523	256	2779	0.00014
Diaminobutyricimonas	1433997	G	2160	330	2490	0.00013
Glaciihabitans	1649454	G	1998	129	2127	0.00011
Agreia	110934	G	1894	187	2081	0.00011
Arthrobacter	1663	G	179385	36414	215799	0.01104
Pseudarthrobacter	1742993	G	24979	7099	32078	0.00164
Kocuria	57493	G	23951	6443	30394	0.00156
Micrococcus	1269	G	11351	6197	17548	0.00090
Sinomonas	596707	G	9842	2078	11920	0.00061
Glutamicibacter	1742989	G	6616	1990	8606	0.00044
Paenarthrobacter	1742992	G	5612	2796	8408	0.00043
Rothia	32207	G	4575	1631	6206	0.00032
Citricoccus	169133	G	3717	816	4533	0.00023
Nesterenkonia	57494	G	1270	68	1338	0.00007
Cellulomonas	1707	G	95971	28941	124912	0.00639
Actinotalea	458839	G	5963	1886	7849	0.00040
Oerskovia	162491	G	4883	1373	6256	0.00032
Pseudactinotalea	1926259	G	4044	509	4553	0.00023
Paraoerskovia	665568	G	3216	733	3949	0.00020
Janibacter	53457	G	22747	5857	28604	0.00146
Phycicoccus	367298	G	21179	5451	26630	0.00136
Pedococcus	2805645	G	17896	4936	22832	0.00117
Intrasporangium	53357	G	16161	3700	19861	0.00102
Tetrasphaera	99479	G	14222	3474	17696	0.00091
Arsenicicoccus	267408	G	7055	2380	9435	0.00048
Cellulosimicrobium	157920	G	28966	10408	39374	0.00201
Xylanimonas	186188	G	15010	4234	19244	0.00098
Isoptericola	254250	G	11581	4561	16142	0.00083
Ornithinimicrobium	125287	G	24892	4555	29447	0.00151
Serinicoccus	265976	G	18958	4505	23463	0.00120
Brachybacterium	43668	G	28852	4111	32963	0.00169
Dermabacter	36739	G	1907	892	2799	0.00014
Brevibacterium	1696	G	29802	5133	34935	0.00179
Georgenia	154116	G	23015	5800	28815	0.00147
Dermacoccus	57495	G	8050	2476	10526	0.00054
Luteipulveratus	745364	G	6442	795	7237	0.00037
Allobranchiibius	2040262	G	5148	996	6144	0.00031
Yimella	908935	G	2988	527	3515	0.00018
Ruania	626119	G	17841	1848	19689	0.00101
Pengzhenrongella	2888818	G	7075	1722	8797	0.00045
Luteimicrobium	754249	G	6044	1623	7667	0.00039
Beutenbergia	84756	G	7436	1078	8514	0.00044
Miniimonas	947525	G	5304	2415	7719	0.00040
Sanguibacter	60919	G	9212	2424	11636	0.00060
Kytococcus	57499	G	3956	2230	6186	0.00032
Gephyromycinifex	2885697	G	1975	213	2188	0.00011
Austwickia	1184606	G	1534	110	1644	0.00008
Demequina	577469	G	1336	89	1425	0.00007
Nocardioides	1839	G	816461	153069	969530	0.04962
Aeromicrobium	2040	G	42579	7292	49871	0.00255
Marmoricola	86795	G	14177	4766	18943	0.00097
Pimelobacter	2044	G	11208	3800	15008	0.00077
Friedmanniella	53387	G	10112	1734	11846	0.00061
Mumia	1546255	G	7041	1073	8114	0.00042
Micropruina	116071	G	3466	430	3896	0.00020
Microlunatus	29404	G	31048	3062	34110	0.00175
Tessaracoccus	72763	G	23065	6050	29115	0.00149
Brevilactibacter	2717325	G	8940	3016	11956	0.00061
Acidipropionibacterium	1912215	G	8023	2676	10699	0.00055
Propionibacterium	1743	G	7586	2202	9788	0.00050
Auraticoccus	1278221	G	5984	922	6906	0.00035
Raineyella	1911549	G	3485	399	3884	0.00020
Arachnia	2801844	G	3442	220	3662	0.00019
Cutibacterium	1912216	G	3333	679	4012	0.00021
Kribbella	182639	G	56744	7202	63946	0.00327
Actinopolymorpha	117156	G	16535	1568	18103	0.00093
Mycolicibacterium	1866885	G	248480	39273	287753	0.01473
Mycobacterium	1763	G	241525	61342	302867	0.01550
Mycolicibacter	1073531	G	15513	5259	20772	0.00106
Mycobacteroides	670516	G	12389	3505	15894	0.00081
Mycolicibacillus	2126281	G	3088	697	3785	0.00019
Hoyosella	697025	G	1302	59	1361	0.00007
Nocardia	1817	G	139633	20861	160494	0.00821
Rhodococcus	1827	G	137978	28864	166842	0.00854
Corynebacterium	1716	G	76204	15790	91994	0.00471
Gordonia	2053	G	65778	13415	79193	0.00405
Skermania	59613	G	3185	306	3491	0.00018
Tsukamurella	2060	G	21438	4513	25951	0.00133
Dietzia	37914	G	12469	2272	14741	0.00075
Tomitella	741759	G	7541	1316	8857	0.00045
Segniliparus	286801	G	1763	81	1844	0.00009
Amycolatopsis	1813	G	245780	42894	288674	0.01477
Pseudonocardia	1847	G	232925	34992	267917	0.01371
Saccharopolyspora	1835	G	48348	8806	57154	0.00292
Saccharothrix	2071	G	39922	9673	49595	0.00254
Kutzneria	43356	G	25108	4475	29583	0.00151
Saccharomonospora	1851	G	24432	3807	28239	0.00145
Actinoalloteichus	65496	G	14651	1174	15825	0.00081
Actinosynnema	40566	G	14604	3837	18441	0.00094
Lentzea	165301	G	13715	2490	16205	0.00083
Kibdelosporangium	2029	G	10802	1119	11921	0.00061
Allokutzneria	1137960	G	10458	2148	12606	0.00065
Alloactinosynnema	674734	G	8994	1713	10707	0.00055
Prauserella	142577	G	5082	401	5483	0.00028
Allosaccharopolyspora	2893576	G	4168	780	4948	0.00025
Micromonospora	1873	G	246746	55459	302205	0.01547
Actinoplanes	1865	G	180452	29031	209483	0.01072
Phytohabitans	907364	G	31844	3593	35437	0.00181
Dactylosporangium	35753	G	30392	2875	33267	0.00170
Couchioplanes	56433	G	26948	5853	32801	0.00168
Plantactinospora	673534	G	24235	3764	27999	0.00143
Actinocatenispora	390988	G	21334	2274	23608	0.00121
Catellatospora	53365	G	17183	3218	20401	0.00104
Polymorphospora	338583	G	11439	2157	13596	0.00070
Natronosporangium	2920401	G	6334	367	6701	0.00034
Verrucosispora	84593	G	4993	3327	8320	0.00043
Salinispora	168694	G	3613	521	4134	0.00021
Actinomadura	1988	G	172303	28321	200624	0.01027
Thermomonospora	2019	G	20238	5158	25396	0.00130
Nonomuraea	83681	G	107200	15934	123134	0.00630
Streptosporangium	2000	G	42634	7022	49656	0.00254
Thermobispora	147067	G	8197	1611	9808	0.00050
Nocardiopsis	2013	G	28065	4587	32652	0.00167
Thermobifida	83677	G	11322	1997	13319	0.00068
Streptomonospora	104204	G	6036	1029	7065	0.00036
Spiractinospora	2913367	G	4113	232	4345	0.00022
Blastococcus	38501	G	89273	23058	112331	0.00575
Modestobacter	88138	G	69405	18748	88153	0.00451
Geodermatophilus	1860	G	47277	14017	61294	0.00314
Frankia	1854	G	52683	4460	57143	0.00292
Actinomyces	1654	G	35918	4199	40117	0.00205
Schaalia	2529408	G	4628	686	5314	0.00027
Flaviflexus	1522056	G	2535	518	3053	0.00016
Trueperella	1069494	G	2201	560	2761	0.00014
Pauljensenia	2740557	G	1273	348	1621	0.00008
Nanchangia	2888879	G	1109	101	1210	0.00006
Jiangella	281472	G	30044	4390	34434	0.00176
Nakamurella	53460	G	20877	2368	23245	0.00119
Bifidobacterium	1678	G	18330	5588	23918	0.00122
Catenulispora	414878	G	12430	1514	13944	0.00071
Jatrophihabitans	1434010	G	9329	686	10015	0.00051
Kineococcus	33981	G	7011	1621	8632	0.00044
Stackebrandtia	283810	G	6101	472	6573	0.00034
Epidermidibacterium	2078948	G	4071	1618	5689	0.00029
Actinopolyspora	1849	G	3238	278	3516	0.00018
Acidothermus	28048	G	2178	96	2274	0.00012
Conexibacter	191494	G	238342	30858	269200	0.01378
Miltoncostaea	2843200	G	45725	5171	50896	0.00260
Baekduia	2600304	G	95000	13843	108843	0.00557
Rubrobacter	42255	G	38374	1429	39803	0.00204
Aquihabitans	1648491	G	33626	4966	38592	0.00197
Iamia	467975	G	15634	2222	17856	0.00091
Actinomarinicola	2789775	G	15277	2685	17962	0.00092
Ilumatobacter	682522	G	7870	424	8294	0.00042
Acidimicrobium	53634	G	2473	168	2641	0.00014
Eggerthella	84111	G	4822	1389	6211	0.00032
Gordonibacter	644652	G	2603	949	3552	0.00018
Arabiibacter	2005386	G	2063	339	2402	0.00012
Adlercreutzia	447020	G	2044	378	2422	0.00012
Olsenella	133925	G	3326	523	3849	0.00020
Parolsenella	2082587	G	2018	577	2595	0.00013
Parafannyhessea	2847312	G	1245	611	1856	0.00009
Thermophilibacter	2847307	G	1155	342	1497	0.00008
Collinsella	102106	G	2850	713	3563	0.00018
Egibacter	1747770	G	7243	363	7606	0.00039
Euzebya	908623	G	6873	477	7350	0.00038
Egicoccus	1755825	G	6745	883	7628	0.00039
Priestia	2800373	G	49186	38435	87621	0.00448
Bacillus	1386	G	29344	39733	69077	0.00354
Neobacillus	2675232	G	11249	4620	15869	0.00081
Peribacillus	2675229	G	3778	1608	5386	0.00028
Geobacillus	129337	G	3286	896	4182	0.00021
Hydrogenibacillus	1609627	G	2369	288	2657	0.00014
Cytobacillus	2675230	G	1657	607	2264	0.00012
Anoxybacillus	150247	G	1633	362	1995	0.00010
Metabacillus	2675233	G	1622	571	2193	0.00011
Lysinibacillus	400634	G	1351	382	1733	0.00009
Paenibacillus	44249	G	60165	5298	65463	0.00335
Brevibacillus	55080	G	5047	828	5875	0.00030
Cohnella	329857	G	4089	525	4614	0.00024
Thermobacillus	76632	G	2244	261	2505	0.00013
Saccharibacillus	456492	G	1660	170	1830	0.00009
Alicyclobacillus	29330	G	3458	237	3695	0.00019
Tumebacillus	432330	G	2373	720	3093	0.00016
Planococcus	1372	G	1891	550	2441	0.00012
Staphylococcus	1279	G	1220	3082	4302	0.00022
Exiguobacterium	33986	G	1586	429	2015	0.00010
Streptococcus	1301	G	1470	3982	5452	0.00028
Faecalibacterium	216851	G	2424	1738	4162	0.00021
Dysosmobacter	2591381	G	1400	713	2113	0.00011
Flavonifractor	946234	G	1304	392	1696	0.00009
Thermaerobacter	73918	G	8156	650	8806	0.00045
Clostridium	1485	G	5883	1156	7039	0.00036
Symbiobacterium	2733	G	3415	312	3727	0.00019
Christensenella	990721	G	1123	483	1606	0.00008
Moorella	44260	G	1380	109	1489	0.00008
Gelria	189326	G	1079	124	1203	0.00006
Selenomonas	970	G	3993	213	4206	0.00022
Megasphaera	906	G	1028	346	1374	0.00007
Limnochorda	1676651	G	3136	103	3239	0.00017
Deinococcus	1298	G	38344	3816	42160	0.00216
Thermus	270	G	5741	358	6099	0.00031
Oceanithermus	208447	G	3128	259	3387	0.00017
Meiothermus	65551	G	2954	152	3106	0.00016
Marinithermus	186191	G	1868	230	2098	0.00011
Truepera	332248	G	2899	123	3022	0.00015
Synechococcus	1129	G	17910	1969	19879	0.00102
Cyanobium	167375	G	3789	778	4567	0.00023
Nostoc	1177	G	2593	1115	3708	0.00019
Calothrix	1186	G	1360	440	1800	0.00009
Gloeobacter	33071	G	4833	117	4950	0.00025
Leptolyngbya	47251	G	2233	199	2432	0.00012
Sphaerobacter	2056	G	7927	403	8330	0.00043
Thermomicrobium	499	G	1905	34	1939	0.00010
Roseiflexus	120961	G	5403	260	5663	0.00029
Chloroflexus	1107	G	1879	68	1947	0.00010
Tepidiforma	2682228	G	5179	182	5361	0.00027
Candidatus Promineofilum	1988031	G	4728	79	4807	0.00025
Caldilinea	233191	G	2363	130	2493	0.00013
Ktedonosporobacter	2692417	G	1944	50	1994	0.00010
Fimbriimonas	1005038	G	2616	12	2628	0.00013
Bradyrhizobium	374	G	891843	94605	986448	0.05048
Rhodopseudomonas	1073	G	43169	10147	53316	0.00273
Tardiphaga	1395974	G	15828	1698	17526	0.00090
Afipia	1033	G	12502	5021	17523	0.00090
Nitrobacter	911	G	11964	1256	13220	0.00068
Variibacter	1649510	G	9025	575	9600	0.00049
Rhizobium	379	G	162009	32242	194251	0.00994
Agrobacterium	357	G	22797	7048	29845	0.00153
Neorhizobium	1525371	G	10794	2127	12921	0.00066
Pseudorhizobium	1903858	G	3067	492	3559	0.00018
Sinorhizobium	28105	G	27068	11911	38979	0.00199
Ensifer	106591	G	26986	4530	31516	0.00161
Shinella	323620	G	18801	11774	30575	0.00156
Ciceribacter	1648508	G	2457	411	2868	0.00015
Georhizobium	2661800	G	2325	416	2741	0.00014
Mesorhizobium	68287	G	212405	34080	246485	0.01261
Aquibium	2911176	G	12192	2431	14623	0.00075
Aminobacter	31988	G	9946	5514	15460	0.00079
Nitratireductor	245876	G	7846	975	8821	0.00045
Phyllobacterium	28100	G	5071	425	5496	0.00028
Roseitalea	1915401	G	3584	500	4084	0.00021
Hoeflea	274591	G	2833	221	3054	0.00016
Oricola	1594166	G	2715	307	3022	0.00015
Salaquimonas	2712688	G	1069	39	1108	0.00006
Methylobacterium	407	G	117949	18446	136395	0.00698
Microvirga	186650	G	59150	5690	64840	0.00332
Methylorubrum	2282523	G	25345	9032	34377	0.00176
Pseudolabrys	556257	G	55615	6997	62612	0.00320
Starkeya	152053	G	15552	3508	19060	0.00098
Xanthobacter	279	G	15133	3058	18191	0.00093
Ancylobacter	99	G	14292	4334	18626	0.00095
Labrys	204476	G	5698	499	6197	0.00032
Azorhizobium	6	G	5005	917	5922	0.00030
Rhodoplanes	29407	G	71067	5805	76872	0.00393
Hyphomicrobium	81	G	15342	873	16215	0.00083
Methyloceanibacter	1484898	G	6725	387	7112	0.00036
Methyloligella	1485594	G	4327	443	4770	0.00024
Aquabacter	45402	G	4189	582	4771	0.00024
Rhodomicrobium	1068	G	3148	182	3330	0.00017
Caenibius	2827482	G	2254	844	3098	0.00016
Filomicrobium	119044	G	1279	31	1310	0.00007
Bosea	85413	G	47484	6237	53721	0.00275
Devosia	46913	G	32891	2293	35184	0.00180
Youhaiella	1827478	G	3658	703	4361	0.00022
Paradevosia	1573407	G	3487	1133	4620	0.00024
Pelagibacterium	1082930	G	1752	168	1920	0.00010
Aureimonas	414371	G	20208	3446	23654	0.00121
Martelella	293088	G	10738	1746	12484	0.00064
Aurantimonas	182269	G	5510	1395	6905	0.00035
Nordella	169055	G	14486	675	15161	0.00078
Pseudorhodoplanes	1734920	G	12789	786	13575	0.00069
Terrihabitans	2874214	G	3288	311	3599	0.00018
Methylocystis	133	G	17709	1345	19054	0.00098
Methylosinus	425	G	9110	1172	10282	0.00053
Phreatobacter	1632780	G	21995	3148	25143	0.00129
Stappia	152161	G	8469	1349	9818	0.00050
Roseibium	150830	G	4083	438	4521	0.00023
Pannonibacter	227873	G	3747	2192	5939	0.00030
Labrenzia	478070	G	3313	244	3557	0.00018
Blastochloris	59282	G	13504	2697	16201	0.00083
Methylocella	120652	G	6330	495	6825	0.00035
Methylovirgula	1156568	G	5290	374	5664	0.00029
Beijerinckia	532	G	1448	97	1545	0.00008
Kaustia	2838250	G	6621	550	7171	0.00037
Parvibaculum	256616	G	3047	1917	4964	0.00025
Pyruvatibacter	1742974	G	2145	248	2393	0.00012
Chelatococcus	28209	G	12022	2284	14306	0.00073
Kaistia	166953	G	7732	1613	9345	0.00048
Acuticoccus	1904377	G	7545	703	8248	0.00042
Brucella	234	G	6208	11086	17294	0.00089
Hartmannibacter	1572860	G	4559	686	5245	0.00027
Lichenihabitans	2723776	G	4477	187	4664	0.00024
Breoghania	1406135	G	4270	478	4748	0.00024
Sphingomonas	13687	G	226593	28191	254784	0.01304
Sphingobium	165695	G	45555	19526	65081	0.00333
Sphingopyxis	165697	G	43856	7863	51719	0.00265
Novosphingobium	165696	G	38454	11839	50293	0.00257
Rhizorhabdus	1649486	G	14647	5884	20531	0.00105
Sphingosinithalassobacter	2676233	G	6038	1250	7288	0.00037
Allosphingosinicella	2823232	G	4462	469	4931	0.00025
Parasphingopyxis	1234545	G	3470	149	3619	0.00019
Sphingorhabdus	1434046	G	3339	185	3524	0.00018
Blastomonas	150203	G	3135	481	3616	0.00019
Hankyongella	1763827	G	2378	386	2764	0.00014
Tardibacter	2685927	G	2025	1281	3306	0.00017
Citromicrobium	72173	G	1823	713	2536	0.00013
Novosphingopyxis	2709686	G	1438	682	2120	0.00011
Erythrobacter	1041	G	20541	4431	24972	0.00128
Porphyrobacter	1111	G	6349	1497	7846	0.00040
Qipengyuania	1855416	G	12871	2934	15805	0.00081
Croceicoccus	1295327	G	7791	3994	11785	0.00060
Altererythrobacter	361177	G	7000	1546	8546	0.00044
Tsuneonella	2800686	G	6987	1208	8195	0.00042
Aurantiacibacter	2800681	G	1559	220	1779	0.00009
Pelagerythrobacter	2800685	G	1406	165	1571	0.00008
Croceibacterium	2676755	G	1224	421	1645	0.00008
Paraurantiacibacter	2800682	G	1218	135	1353	0.00007
Sphingosinicella	335405	G	11084	1011	12095	0.00062
Polymorphobacter	1508451	G	6204	215	6419	0.00033
Sandaracinobacter	56358	G	2453	147	2600	0.00013
Azospirillum	191	G	70206	7879	78085	0.00400
Skermanella	204447	G	29276	3660	32936	0.00169
Nitrospirillum	1543705	G	5192	504	5696	0.00029
Indioceanicola	2478349	G	3793	432	4225	0.00022
Niveispirillum	1543704	G	2114	193	2307	0.00012
Roseomonas	125216	G	42108	5480	47588	0.00244
Rhodovastum	504465	G	10316	865	11181	0.00057
Komagataeibacter	1434011	G	6433	2391	8824	0.00045
Acidiphilium	522	G	6056	3300	9356	0.00048
Roseococcus	35812	G	5353	407	5760	0.00029
Sediminicoccus	1706033	G	4273	179	4452	0.00023
Lichenicola	2804525	G	4249	170	4419	0.00023
Acidibrevibacterium	2603324	G	4204	321	4525	0.00023
Acetobacter	434	G	3464	942	4406	0.00023
Gluconacetobacter	89583	G	2573	428	3001	0.00015
Gluconobacter	441	G	2396	505	2901	0.00015
Granulibacter	364409	G	1707	127	1834	0.00009
Neoasaia	320496	G	1048	168	1216	0.00006
Asaia	91914	G	1004	141	1145	0.00006
Hypericibacter	2705399	G	20462	1064	21526	0.00110
Magnetospirillum	13134	G	12636	220880	233516	0.01195
Rhodospirillum	1081	G	7548	742	8290	0.00042
Tistrella	171436	G	5414	2203	7617	0.00039
Ferrovibrio	1231242	G	5109	281	5390	0.00028
Defluviicoccus	111830	G	2937	225	3162	0.00016
Pararhodospirillum	1612157	G	1643	107	1750	0.00009
Stella	93	G	11430	685	12115	0.00062
Elioraea	457933	G	5437	234	5671	0.00029
Thalassospira	168934	G	2149	169	2318	0.00012
Magnetospira	1182780	G	1047	30	1077	0.00006
Paracoccus	265	G	39401	5962	45363	0.00232
Cereibacter	1653176	G	10586	2358	12944	0.00066
Rhodobacter	1060	G	10384	2589	12973	0.00066
Rhodovulum	34008	G	5795	1088	6883	0.00035
Polymorphum	991903	G	4675	991	5666	0.00029
Paroceanicella	2683599	G	4520	964	5484	0.00028
Pikeienuella	2831955	G	3152	254	3406	0.00017
Thioclava	285107	G	3098	321	3419	0.00017
Pontivivens	1844015	G	2988	188	3176	0.00016
Pelagovum	2795377	G	2683	275	2958	0.00015
Silicimonas	1955420	G	2578	125	2703	0.00014
Frigidibacter	1775705	G	2124	747	2871	0.00015
Pukyongiella	2831925	G	2034	388	2422	0.00012
Brevirhabdus	1855413	G	1741	657	2398	0.00012
Gymnodinialimonas	2937410	G	1561	121	1682	0.00009
Fuscovulum	2818469	G	1488	147	1635	0.00008
Haematobacter	366614	G	1450	480	1930	0.00010
Gemmobacter	204456	G	1309	228	1537	0.00008
Pseudopuniceibacterium	2613960	G	1281	81	1362	0.00007
Pacificitalea	2846749	G	1271	221	1492	0.00008
Falsirhodobacter	1434002	G	1228	140	1368	0.00007
Tabrizicola	1443919	G	1219	86	1305	0.00007
Pseudooceanicola	1679449	G	1199	95	1294	0.00007
Roseicitreum	1209946	G	1046	44	1090	0.00006
Sulfitobacter	60136	G	10345	1559	11904	0.00061
Roseovarius	74030	G	10193	1239	11432	0.00059
Salipiger	263377	G	8159	2113	10272	0.00053
Roseivivax	93682	G	6228	799	7027	0.00036
Celeribacter	875170	G	4306	1326	5632	0.00029
Phaeobacter	302485	G	3851	595	4446	0.00023
Leisingera	191028	G	3566	393	3959	0.00020
Ruegeria	97050	G	3462	404	3866	0.00020
Pseudosulfitobacter	2854186	G	2840	609	3449	0.00018
Yangia	2919626	G	2776	380	3156	0.00016
Sagittula	58842	G	2747	883	3630	0.00019
Ponticoccus	983507	G	1991	241	2232	0.00011
Mameliella	1434019	G	1839	268	2107	0.00011
Dinoroseobacter	309512	G	1733	488	2221	0.00011
Roseobacter	2433	G	1703	35	1738	0.00009
Ketogulonicigenium	92944	G	1594	227	1821	0.00009
Oceanicola	252301	G	1448	61	1509	0.00008
Octadecabacter	53945	G	1435	76	1511	0.00008
Actibacterium	1433986	G	1432	544	1976	0.00010
Roseibacterium	159345	G	1415	99	1514	0.00008
Antarctobacter	74032	G	1004	42	1046	0.00005
Caulobacter	75	G	73165	7702	80867	0.00414
Brevundimonas	41275	G	41233	5264	46497	0.00238
Phenylobacterium	20	G	20202	2841	23043	0.00118
Asticcacaulis	76890	G	3382	224	3606	0.00018
Terricaulis	2768684	G	3121	92	3213	0.00016
Marinicauda	1649466	G	3516	514	4030	0.00021
Maricaulis	74317	G	1168	65	1233	0.00006
Glycocaulis	1433402	G	1083	49	1132	0.00006
Hyphomonas	85	G	3798	152	3950	0.00020
Candidatus Viadribacter	2892997	G	1824	40	1864	0.00010
Aquisalinus	1795639	G	1406	56	1462	0.00007
Burkholderia	32008	G	191904	90371	282275	0.01445
Cupriavidus	106589	G	100806	36169	136975	0.00701
Paraburkholderia	1822464	G	99104	10798	109902	0.00562
Ralstonia	48736	G	28173	13597	41770	0.00214
Caballeronia	1827195	G	26989	3367	30356	0.00155
Pandoraea	93217	G	25621	3959	29580	0.00151
Polynucleobacter	44013	G	2455	62	2517	0.00013
Lautropia	47670	G	1905	329	2234	0.00011
Chitinimonas	240411	G	1594	121	1715	0.00009
Mycetohabitans	2571159	G	1350	87	1437	0.00007
Variovorax	34072	G	109119	35209	144328	0.00739
Hydrogenophaga	47420	G	41381	17506	58887	0.00301
Acidovorax	12916	G	39266	18944	58210	0.00298
Ramlibacter	174951	G	31087	11807	42894	0.00220
Comamonas	283	G	23240	11642	34882	0.00179
Rhodoferax	28065	G	20126	4604	24730	0.00127
Schlegelella	215579	G	13301	3962	17263	0.00088
Diaphorobacter	238749	G	12348	11994	24342	0.00125
Delftia	80865	G	11610	12979	24589	0.00126
Polaromonas	52972	G	10134	818	10952	0.00056
Kinneretia	683756	G	8662	5050	13712	0.00070
Ottowia	219181	G	6730	1122	7852	0.00040
Alicycliphilus	201096	G	6149	9803	15952	0.00082
Melaminivora	1649468	G	5184	4429	9613	0.00049
Serpentinimonas	2490452	G	3473	779	4252	0.00022
Verminephrobacter	364316	G	2899	340	3239	0.00017
Pulveribacter	2678886	G	2534	1253	3787	0.00019
Hylemonella	232523	G	2438	337	2775	0.00014
Simplicispira	352450	G	1760	622	2382	0.00012
Limnohabitans	665874	G	1183	108	1291	0.00007
Massilia	149698	G	108577	17580	126157	0.00646
Duganella	75654	G	10715	3091	13806	0.00071
Janthinobacterium	29580	G	18739	6513	25252	0.00129
Herbaspirillum	963	G	17853	3169	21022	0.00108
Collimonas	202907	G	8068	807	8875	0.00045
Noviherbaspirillum	1344552	G	5017	766	5783	0.00030
Undibacterium	401469	G	1093	66	1159	0.00006
Achromobacter	222	G	54130	22023	76153	0.00390
Bordetella	517	G	48113	26722	74835	0.00383
Pigmentiphaga	152267	G	7764	818	8582	0.00044
Orrella	1921582	G	3637	1058	4695	0.00024
Castellaniella	359336	G	3343	2173	5516	0.00028
Alcaligenes	507	G	2297	534	2831	0.00014
Pusillimonas (ex Stolz et al. 2005)	305976	G	1646	291	1937	0.00010
Kerstersia	257820	G	1065	209	1274	0.00007
Paralcaligenes	1148163	G	1031	38	1069	0.00005
Rhizobacter	212743	G	17365	3779	21144	0.00108
Sphaerotilus	34102	G	11342	5593	16935	0.00087
Rubrivivax	28067	G	8906	2762	11668	0.00060
Methylibium	316612	G	8578	2563	11141	0.00057
Thiomonas	32012	G	7055	437	7492	0.00038
Aquincola	391952	G	6820	2354	9174	0.00047
Mitsuaria	65047	G	6590	1301	7891	0.00040
Leptothrix	88	G	6184	1954	8138	0.00042
Xylophilus	54066	G	5023	1472	6495	0.00033
Ideonella	36862	G	4044	2437	6481	0.00033
Tepidimonas	114248	G	3017	1087	4104	0.00021
Aquabacterium	92793	G	2782	735	3517	0.00018
Roseateles	93681	G	2690	512	3202	0.00016
Inhella	644355	G	1996	317	2313	0.00012
Paucibacter	318147	G	1707	292	1999	0.00010
Sutterella	40544	G	2490	210	2700	0.00014
Thauera	33057	G	21497	13071	34568	0.00177
Azoarcus	12960	G	17996	5602	23598	0.00121
Nitrogeniibacter	2891294	G	5652	860	6512	0.00033
Aromatoleum	551759	G	16753	4715	21468	0.00110
Azospira	146937	G	11586	5170	16756	0.00086
Niveibacterium	1769726	G	2913	400	3313	0.00017
Oryzomicrobium	1911577	G	2222	546	2768	0.00014
Dechloromonas	73029	G	5086	826	5912	0.00030
Ferribacterium	88875	G	4291	685	4976	0.00025
Quatrionicoccus	138117	G	1875	518	2393	0.00012
Usitatibacter	2803845	G	33853	2585	36438	0.00186
Denitratisoma	311181	G	4586	2241	6827	0.00035
Sulfuritalea	1054211	G	3680	539	4219	0.00022
Methyloversatilis	378210	G	3234	429	3663	0.00019
Sterolibacterium	157591	G	2347	645	2992	0.00015
Thiobacillus	919	G	4443	862	5305	0.00027
Sulfuritortus	1938335	G	2995	1272	4267	0.00022
Nitrosospira	35798	G	5290	166	5456	0.00028
Nitrosomonas	914	G	2081	175	2256	0.00012
Sideroxydans	314343	G	3144	451	3595	0.00018
Ferrigenium	2249462	G	2100	458	2558	0.00013
Sulfuriferula	1778653	G	2333	377	2710	0.00014
Sulfurimicrobium	2772198	G	2232	287	2519	0.00013
Sulfuricella	935200	G	1174	108	1282	0.00007
Chromobacterium	535	G	17293	3697	20990	0.00107
Jeongeupia	885864	G	4948	875	5823	0.00030
Paludibacterium	400060	G	4030	643	4673	0.00024
Pseudogulbenkiania	568394	G	2822	880	3702	0.00019
Vogesella	57739	G	2742	631	3373	0.00017
Aquitalea	407217	G	2271	410	2681	0.00014
Microvirgula	57479	G	2073	371	2444	0.00013
Laribacter	168470	G	1521	1302	2823	0.00014
Aquaspirillum	187	G	1008	140	1148	0.00006
Neisseria	482	G	5829	1915	7744	0.00040
Crenobacter	1654931	G	3579	1106	4685	0.00024
Chitinolyticbacter	1055692	G	2308	270	2578	0.00013
Vitreoscilla	59	G	1252	206	1458	0.00007
Casimicrobium	2706000	G	2436	1110	3546	0.00018
Lysobacter	68	G	120191	18664	138855	0.00711
Stenotrophomonas	40323	G	48221	19582	67803	0.00347
Xanthomonas	338	G	47098	22406	69504	0.00356
Luteimonas	83614	G	28779	5328	34107	0.00175
Pseudoxanthomonas	83618	G	20341	8365	28706	0.00147
Thermomonas	141948	G	12823	3214	16037	0.00082
Arenimonas	490567	G	3639	663	4302	0.00022
Pseudolysobacter	2709666	G	2205	54	2259	0.00012
Luteibacter	242605	G	16362	1653	18015	0.00092
Rhodanobacter	75309	G	12819	2469	15288	0.00078
Frateuria	70411	G	12639	2823	15462	0.00079
Dyella	231454	G	11968	1793	13761	0.00070
Dokdonella	323413	G	6636	1047	7683	0.00039
Aerosticca	2707020	G	2936	3563	6499	0.00033
Ahniella	2233801	G	1610	38	1648	0.00008
Pseudomonas	286	G	318116	82565	400681	0.02051
Azotobacter	352	G	7203	1253	8456	0.00043
Halopseudomonas	2901189	G	3830	656	4486	0.00023
Marinobacter	2742	G	7724	569	8293	0.00042
Klebsiella	570	G	9150	57788	66938	0.00343
Raoultella	160674	G	2393	1489	3882	0.00020
Enterobacter	547	G	10195	27501	37696	0.00193
Citrobacter	544	G	4546	4293	8839	0.00045
Cronobacter	413496	G	2890	593	3483	0.00018
Leclercia	83654	G	2507	1372	3879	0.00020
Kosakonia	1330547	G	2455	381	2836	0.00015
Salmonella	590	G	1957	57925	59882	0.00306
Pluralibacter	1330546	G	1835	435	2270	0.00012
Escherichia	561	G	1594	23677	25271	0.00129
Cedecea	158483	G	1437	198	1635	0.00008
Serratia	613	G	15359	3666	19025	0.00097
Rahnella	34037	G	1561	368	1929	0.00010
Yersinia	629	G	1459	1987	3446	0.00018
Pantoea	53335	G	11601	2071	13672	0.00070
Erwinia	551	G	3522	748	4270	0.00022
Mixta	2100764	G	2087	542	2629	0.00013
Dickeya	204037	G	4299	724	5023	0.00026
Pectobacterium	122277	G	2437	447	2884	0.00015
Brenneria	71655	G	1643	297	1940	0.00010
Edwardsiella	635	G	2552	866	3418	0.00017
Sodalis	84565	G	1826	117	1943	0.00010
Thioalkalivibrio	106633	G	10367	1592	11959	0.00061
Spiribacter	1335745	G	6788	431	7219	0.00037
Acidihalobacter	1765964	G	4551	339	4890	0.00025
Halorhodospira	85108	G	2335	170	2505	0.00013
Aquisalimonas	406099	G	1968	118	2086	0.00011
Alkalilimnicola	133193	G	1893	210	2103	0.00011
Ectothiorhodospira	1051	G	1743	147	1890	0.00010
Thiodictyon	53392	G	3780	181	3961	0.00020
Allochromatium	85072	G	3770	776	4546	0.00023
Thioflavicoccus	156885	G	3357	276	3633	0.00019
Marichromatium	85076	G	3285	569	3854	0.00020
Thiocapsa	1056	G	2665	128	2793	0.00014
Thiocystis	13724	G	2044	157	2201	0.00011
Thermochromatium	85073	G	1195	253	1448	0.00007
Wenzhouxiangella	1676142	G	3463	154	3617	0.00019
Thiohalobacter	1273155	G	2652	270	2922	0.00015
Guyparkeria	2035712	G	2011	433	2444	0.00013
Sulfurivermis	2034504	G	1895	645	2540	0.00013
Halothiobacillus	109262	G	1235	90	1325	0.00007
Woeseia	1738655	G	1063	16	1079	0.00006
Halomonas	2745	G	38656	5164	43820	0.00224
Cobetia	204286	G	2421	1575	3996	0.00020
Halotalea	376488	G	2222	393	2615	0.00013
Salinicola	404432	G	2137	222	2359	0.00012
Chromohalobacter	42054	G	1536	153	1689	0.00009
Kushneria	504090	G	1510	72	1582	0.00008
Alcanivorax	59753	G	4940	2077	7017	0.00036
Marinobacterium	48075	G	1547	174	1721	0.00009
Hahella	158481	G	1179	42	1221	0.00006
Aeromonas	642	G	22090	15174	37264	0.00191
Zobellella	347533	G	1419	301	1720	0.00009
Methylococcus	413	G	7284	507	7791	0.00040
Methylomonas	416	G	4594	148	4742	0.00024
Methylomagnum	1760987	G	2252	97	2349	0.00012
Methylomicrobium	39773	G	1872	424	2296	0.00012
Methylogaea	1295378	G	1810	136	1946	0.00010
Methylocaldum	73778	G	1723	94	1817	0.00009
Solimonas	413435	G	6193	559	6752	0.00035
Flagellatimonas	2893022	G	1949	109	2058	0.00011
Sinimarinibacterium	1861863	G	1006	476	1482	0.00008
Steroidobacter	469322	G	5896	1395	7291	0.00037
Microbulbifer	48073	G	6542	352	6894	0.00035
Kineobactrum	2678529	G	1211	55	1266	0.00006
Halioglobus	1217416	G	1022	40	1062	0.00005
Cellvibrio	10	G	1480	56	1536	0.00008
Spongiibacter	630749	G	1038	101	1139	0.00006
Shewanella	22	G	6307	1032	7339	0.00038
Pseudoalteromonas	53246	G	1818	227	2045	0.00010
Sulfurifustis	1692042	G	7186	411	7597	0.00039
Sulfuricaulis	1744881	G	3083	212	3295	0.00017
Acidiferrobacter	986106	G	2420	43	2463	0.00013
Vibrio	662	G	6129	1155	7284	0.00037
Photobacterium	657	G	1023	174	1197	0.00006
Acinetobacter	469	G	2905	1168	4073	0.00021
Immundisolibacter	1934947	G	3239	542	3781	0.00019
Thiothrix	1030	G	1094	32	1126	0.00006
Salinisphaera	180541	G	2285	85	2370	0.00012
Legionella	445	G	1316	123	1439	0.00007
Cardiobacterium	2717	G	1179	152	1331	0.00007
Corallococcus	83461	G	39396	3620	43016	0.00220
Myxococcus	32	G	30464	34518	64982	0.00333
Pyxidicoccus	224458	G	14213	642	14855	0.00076
Anaeromyxobacter	161492	G	82416	5570	87986	0.00450
Archangium	47	G	44383	4758	49141	0.00251
Stigmatella	40	G	10300	816	11116	0.00057
Cystobacter	42	G	9913	2477	12390	0.00063
Melittangium	44	G	7217	1642	8859	0.00045
Vulgatibacter	1524214	G	8053	573	8626	0.00044
Sorangium	39643	G	110941	12092	123033	0.00630
Polyangium	55	G	26076	2175	28251	0.00145
Chondromyces	50	G	12294	495	12789	0.00065
Sandaracinus	1055688	G	40850	1998	42848	0.00219
Labilithrix	1524217	G	21176	853	22029	0.00113
Haliangium	162027	G	17778	863	18641	0.00095
Geomonas	2651583	G	14242	2043	16285	0.00083
Geobacter	28231	G	11266	1078	12344	0.00063
Citrifermentans	2883512	G	4736	982	5718	0.00029
Geotalea	2910589	G	2077	121	2198	0.00011
Desulfuromonas	890	G	8343	934	9277	0.00047
Pelobacter	18	G	1199	373	1572	0.00008
Syntrophotalea	2812025	G	1678	177	1855	0.00009
Pseudodesulfovibrio	2035811	G	7978	1335	9313	0.00048
Desulfovibrio	872	G	7786	871	8657	0.00044
Solidesulfovibrio	2910984	G	5427	501	5928	0.00030
Oceanidesulfovibrio	2905722	G	2123	111	2234	0.00011
Desulfolutivibrio	2773294	G	1497	332	1829	0.00009
Desulfocurvibacter	2582840	G	1491	93	1584	0.00008
Megalodesulfovibrio	2910978	G	1249	51	1300	0.00007
Desulfomicrobium	898	G	1623	169	1792	0.00009
Desulfosarcina	2299	G	3544	589	4133	0.00021
Desulfobulbus	893	G	2117	378	2495	0.00013
Persicimonas	2766927	G	6403	173	6576	0.00034
Bradymonas	1779136	G	2220	837	3057	0.00016
Desulfarculus	453229	G	2479	1321	3800	0.00019
Syntrophobacter	29526	G	1408	541	1949	0.00010
Campylobacter	194	G	1286	236	1522	0.00008
Acidithiobacillus	119977	G	2806	251	3057	0.00016
Bdellovibrio	958	G	1009	43	1052	0.00005
Gemmata	113	G	34781	3267	38048	0.00195
Urbifossiella	2807415	G	29705	2431	32136	0.00164
Frigoriglobus	2774146	G	18944	2957	21901	0.00112
Limnoglobus	2731450	G	15301	678	15979	0.00082
Tuwongella	2051044	G	1912	73	1985	0.00010
Telmatocola	1382832	G	1506	13	1519	0.00008
Aquisphaera	1511635	G	24274	3521	27795	0.00142
Tautonia	2680020	G	22586	1700	24286	0.00124
Paludisphaera	1763521	G	16405	3056	19461	0.00100
Singulisphaera	466152	G	14086	1757	15843	0.00081
Isosphaera	127	G	2256	139	2395	0.00012
Lacipirellula	2691417	G	15461	915	16376	0.00084
Pirellulimonas	2795783	G	6397	597	6994	0.00036
Botrimarina	2795782	G	5486	439	5925	0.00030
Aeoliella	2795781	G	2135	150	2285	0.00012
Adhaeretor	2862451	G	1224	102	1326	0.00007
Bythopirellula	1400386	G	1030	63	1093	0.00006
Stieleria	2795973	G	4929	462	5391	0.00028
Lignipirellula	2795775	G	4730	445	5175	0.00026
Rosistilla	2795779	G	4398	272	4670	0.00024
Anatilimnocola	2807414	G	4257	377	4634	0.00024
Pirellula	123	G	2933	85	3018	0.00015
Bremerella	2714594	G	2902	179	3081	0.00016
Roseimaritima	1579506	G	2652	145	2797	0.00014
Rubripirellula	1579505	G	1180	185	1365	0.00007
Planctomyces	118	G	21454	4509	25963	0.00133
Gimesia	1649453	G	6803	301	7104	0.00036
Caulifigura	2795778	G	6149	333	6482	0.00033
Alienimonas	2714737	G	5153	317	5470	0.00028
Maioricimonas	2795777	G	4875	503	5378	0.00028
Symmachiella	2795780	G	2339	113	2452	0.00013
Fuerstiella	1936111	G	1362	19	1381	0.00007
Rubinisphaera	1649490	G	1176	96	1272	0.00007
Crateriforma	2714592	G	1147	197	1344	0.00007
Planctopirus	1649480	G	1113	36	1149	0.00006
Calycomorphotria	2795776	G	1062	32	1094	0.00006
Humisphaera	2807511	G	8595	190	8785	0.00045
Phycisphaera	666508	G	4577	322	4899	0.00025
Mucisphaera	2913022	G	2008	94	2102	0.00011
Opitutus	178440	G	14166	1092	15258	0.00078
Lacunisphaera	1961799	G	4958	583	5541	0.00028
Oleiharenicola	2100741	G	3132	140	3272	0.00017
Nibricoccus	2576890	G	2712	100	2812	0.00014
Ereboglobus	2028344	G	1945	78	2023	0.00010
Ruficoccus	2175957	G	1013	132	1145	0.00006
Verrucomicrobium	2735	G	5121	347	5468	0.00028
Luteolibacter	518753	G	4023	135	4158	0.00021
Roseimicrobium	1348508	G	2882	89	2971	0.00015
Akkermansia	239934	G	1794	110	1904	0.00010
Methylacidimicrobium	1541670	G	1735	122	1857	0.00010
Kiritimatiella	1921784	G	1243	1137	2380	0.00012
Hymenobacter	89966	G	26678	1233	27911	0.00143
Pontibacter	323449	G	2811	327	3138	0.00016
Chryseolinea	1433993	G	5844	143	5987	0.00031
Spirosoma	107	G	5233	223	5456	0.00028
Dyadobacter	120831	G	1652	97	1749	0.00009
Fibrella	861914	G	1410	88	1498	0.00008
Niastella	354354	G	21956	1008	22964	0.00118
Chitinophaga	79328	G	5283	187	5470	0.00028
Flavisolibacter	398041	G	1891	79	1970	0.00010
Panacibacter	1874621	G	1354	32	1386	0.00007
Paraflavitalea	2698688	G	1338	45	1383	0.00007
Flavihumibacter	1004301	G	1074	29	1103	0.00006
Alistipes	239759	G	6937	2149	9086	0.00046
Prevotella	838	G	2498	295	2793	0.00014
Bacteroides	816	G	2052	819	2871	0.00015
Flavobacterium	237	G	3827	1030	4857	0.00025
Chryseobacterium	59732	G	2409	903	3312	0.00017
Rhodothermus	29548	G	4825	241	5066	0.00026
Rhodocaloribacter	2893090	G	4804	446	5250	0.00027
Salinibacter	146918	G	3362	50	3412	0.00017
Mucilaginibacter	423349	G	3908	266	4174	0.00021
Pedobacter	84567	G	1867	125	1992	0.00010
Sphingobacterium	28453	G	1379	591	1970	0.00010
Chlorobaculum	256319	G	2488	196	2684	0.00014
Prosthecochloris	1101	G	1029	91	1120	0.00006
Gemmatirosa	1706036	G	74776	6043	80819	0.00414
Gemmatimonas	173479	G	22532	532	23064	0.00118
Luteitalea	2004797	G	71157	3749	74906	0.00383
Granulicella	940557	G	11813	1082	12895	0.00066
Terriglobus	392733	G	8544	929	9473	0.00048
Acidobacterium	33973	G	6699	496	7195	0.00037
Candidatus Koribacter	658061	G	6409	198	6607	0.00034
Edaphobacter	388463	G	3969	449	4418	0.00023
Acidisarcina	2608728	G	2437	160	2597	0.00013
Paludibaculum	1649475	G	9566	239	9805	0.00050
Chloracidobacterium	458032	G	4430	126	4556	0.00023
Sulfidibacter	2915177	G	2918	52	2970	0.00015
Nitrospira	1234	G	12319	167	12486	0.00064
Treponema	157	G	1495	388	1883	0.00010
Spirochaeta	146	G	1131	35	1166	0.00006
Pyramidobacter	638847	G	1000	115	1115	0.00006
Fusarium	5506	G	20568	1435	22003	0.00113
Trichoderma	5543	G	8178	298	8476	0.00043
Metarhizium	5529	G	4783	516	5299	0.00027
Ustilaginoidea	124426	G	1409	60	1469	0.00008
Pochonia	243023	G	1082	56	1138	0.00006
Beauveria	5581	G	4798	164	4962	0.00025
Cordyceps	45234	G	2304	146	2450	0.00013
Purpureocillium	1052105	G	3545	213	3758	0.00019
Drechmeria	98402	G	1993	77	2070	0.00011
Clonostachys	110564	G	1206	76	1282	0.00007
Colletotrichum	5455	G	2753	470	3223	0.00016
Thermothielavioides	2609811	G	4031	265	4296	0.00022
Thermothelomyces	1920207	G	3472	166	3638	0.00019
Pyricularia	48558	G	3348	24	3372	0.00017
Neopestalotiopsis	1562158	G	1839	23	1862	0.00010
Aspergillus	5052	G	5131	276	5407	0.00028
Penicillium	5073	G	3014	129	3143	0.00016
Paraphaeosphaeria	125369	G	1040	323	1363	0.00007
Pseudozyma	63298	G	4013	121	4134	0.00021
Phlebiopsis	82309	G	1318	22	1340	0.00007
Phytophthora	4783	G	10102	1387	11489	0.00059
Pythium	4797	G	1020	13	1033	0.00005
