name	taxonomy_id	taxonomy_lvl	kraken_assigned_reads	added_reads	new_est_reads	fraction_total_reads
Streptomyces sp. BH-MK-02	2880933	S	23002	5682	28684	0.00236
Streptomyces sp. CdTB01	1725411	S	20846	6950	27796	0.00229
Streptomyces sp. A2-16	2781734	S	20747	7653	28400	0.00234
Streptomyces sp. GQFP	2907545	S	14277	2856	17133	0.00141
Streptomyces sp. So13.3	2136173	S	13347	2727	16074	0.00132
Streptomyces sp. SN-593	659352	S	13283	3324	16607	0.00137
Streptomyces sp. 3214.6	1882757	S	12090	4186	16276	0.00134
Streptomyces sp. P3	2135430	S	11078	3268	14346	0.00118
Streptomyces sp. ZYC-3	2797636	S	10809	2526	13335	0.00110
Streptomyces sp. CB01881	2078691	S	10422	1956	12378	0.00102
Streptomyces sp. ST1015	1848900	S	8229	1993	10222	0.00084
Streptomyces sp. Z423-1	2730915	S	8140	2765	10905	0.00090
Streptomyces sp. LRE541	2931983	S	7844	2131	9975	0.00082
Streptomyces sp. SCSIO 64649	2878388	S	7735	1430	9165	0.00076
Streptomyces sp. RPA4-2	2721244	S	7719	2689	10408	0.00086
Streptomyces sp. SAT1	1849967	S	7122	3005	10127	0.00083
Streptomyces sp. WAC 01438	2203204	S	6897	2700	9597	0.00079
Streptomyces sp. S4.7	2705439	S	6428	2466	8894	0.00073
Streptomyces sp. NEAU-sy36	2751189	S	6417	2755	9172	0.00076
Streptomyces sp. NHF165	2175864	S	6395	1185	7580	0.00062
Streptomyces sp. SCUT-3	2684469	S	6388	2614	9002	0.00074
Streptomyces sp. NA02950	2742137	S	6385	1421	7806	0.00064
Streptomyces sp. Go 40/10	2825844	S	6342	3365	9707	0.00080
Streptomyces sp. DSM 40868	2721173	S	6184	2638	8822	0.00073
Streptomyces sp. NA04227	2742136	S	6019	1532	7551	0.00062
Streptomyces sp. MG28	2865673	S	6016	2670	8686	0.00072
Streptomyces sp. MA3_2.13	2867410	S	5941	792	6733	0.00055
Streptomyces sp. HM190	2695266	S	5846	2166	8012	0.00066
Streptomyces sp. MG62	2838015	S	5794	2579	8373	0.00069
Streptomyces sp. AMCC400023	2056258	S	5768	2930	8698	0.00072
Streptomyces sp. Go-475	2072505	S	5629	3069	8698	0.00072
Streptomyces sp. GMY02	1333528	S	5626	1115	6741	0.00056
Streptomyces sp. JB150	2714844	S	5579	2095	7674	0.00063
Streptomyces sp. 3025	2923272	S	5435	1044	6479	0.00053
Streptomyces sp. S1D4-11	2721246	S	5414	5148	10562	0.00087
Streptomyces sp. YIM 121038	2136401	S	5337	1818	7155	0.00059
Streptomyces sp. CB09001	2083284	S	5329	4229	9558	0.00079
Streptomyces sp. MBT27	1488356	S	5316	1771	7087	0.00058
Streptomyces sp. CMB-StM0423	2059884	S	5302	3493	8795	0.00072
Streptomyces sp. SYP-A7193	2662065	S	5275	3982	9257	0.00076
Streptomyces sp. GS7	2692234	S	5129	1553	6682	0.00055
Streptomyces sp. 891-h	2720714	S	5118	1026	6144	0.00051
Streptomyces sp. BJ20	2930049	S	5069	2374	7443	0.00061
Streptomyces sp. RTd22	1841249	S	4965	2861	7826	0.00064
Streptomyces sp. SirexAA-E	862751	S	4889	1687	6576	0.00054
Streptomyces sp. MST-110588	2833628	S	4884	1320	6204	0.00051
Streptomyces sp. SM18	1736046	S	4707	1509	6216	0.00051
Streptomyces sp. W1SF4	2305220	S	4603	1840	6443	0.00053
Streptomyces sp. HP-A2021	2927875	S	4367	2912	7279	0.00060
Streptomyces sp. QHH-9511	2684468	S	4330	1332	5662	0.00047
Streptomyces sp. jing01	2726118	S	4320	2819	7139	0.00059
Streptomyces sp. Rer75	2750011	S	4290	2720	7010	0.00058
Streptomyces sp. C8S0	2585716	S	4274	1327	5601	0.00046
Streptomyces sp. 135	2838850	S	4227	1608	5835	0.00048
Streptomyces sp. BHT-5-2	2866715	S	4117	1462	5579	0.00046
Streptomyces sp. HSG2	2797167	S	3945	977	4922	0.00041
Streptomyces sp. WAC 01529	2203205	S	3796	1564	5360	0.00044
Streptomyces sp. Tu 2975	2676871	S	3565	1278	4843	0.00040
Streptomyces sp. CCM_MD2014	1561022	S	3363	4040	7403	0.00061
Streptomyces sp. MOE7	1961713	S	3239	4447	7686	0.00063
Streptomyces sp. WY228	2855836	S	3173	1933	5106	0.00042
Streptomyces sp. SUK 48	2582831	S	3166	2395	5561	0.00046
Streptomyces sp. fd1-xmd	1812480	S	3142	1689	4831	0.00040
Streptomyces sp. INR7	2607753	S	3138	2016	5154	0.00042
Streptomyces sp. TN58	234612	S	2889	1644	4533	0.00037
Streptomyces sp. WAC 06738	2203210	S	2847	4205	7052	0.00058
Streptomyces sp. HF10	2692233	S	2730	2328	5058	0.00042
Streptomyces sp. CNQ-509	444103	S	2677	3863	6540	0.00054
Streptomyces sp. M2	646637	S	2622	24026	26648	0.00220
Streptomyces sp. AgN23	1188315	S	2576	2662	5238	0.00043
Streptomyces sp. CRSS-Y-16	2906474	S	2510	24333	26843	0.00221
Streptomyces sp. 2323.1	1938841	S	2366	1639	4005	0.00033
Streptomyces sp. ADI95-16	1522758	S	2301	2892	5193	0.00043
Streptomyces sp. RLB1-33	2721243	S	2211	8143	10354	0.00085
Streptomyces sp. YPW6	2840373	S	2188	1292	3480	0.00029
Streptomyces sp. Mg1	465541	S	2107	2820	4927	0.00041
Streptomyces sp. PAMC 26508	1265601	S	2018	12288	14306	0.00118
Streptomyces sp. 769	1262452	S	1989	1761	3750	0.00031
Streptomyces sp. RPA4-5	2721245	S	1909	1416	3325	0.00027
Streptomyces sp. S501	2420135	S	1833	12074	13907	0.00115
Streptomyces sp. EAS-AB2608	2779671	S	1828	4350	6178	0.00051
Streptomyces sp. XC 2026	2782004	S	1771	1730	3501	0.00029
Streptomyces sp. PBH53	1577075	S	1660	3759	5419	0.00045
Streptomyces sp. S063	2005885	S	1616	1297	2913	0.00024
Streptomyces sp. NEAU-S7GS2	2202000	S	1459	1477	2936	0.00024
Streptomyces sp. ID38640	1265399	S	1441	1286	2727	0.00022
Streptomyces sp. S8	1837283	S	1401	1394	2795	0.00023
Streptomyces sp. 3211	1964449	S	1357	2602	3959	0.00033
Streptomyces sp. 11-1-2	1851167	S	1290	2858	4148	0.00034
Streptomyces sp. WA6-1-16	2879427	S	1247	1516	2763	0.00023
Streptomyces sp. 2114.2	1881022	S	1118	8260	9378	0.00077
Streptomyces sp. Sge12	1972846	S	1095	2588	3683	0.00030
Streptomyces sp. HNA39	2850561	S	1057	1420	2477	0.00020
Streptomyces sp. NA02536	2742133	S	1056	3250	4306	0.00035
Streptomyces sp. Tue 6075	1661694	S	1049	1431	2480	0.00020
Streptomyces rapamycinicus	1226757	S	11638	2743	14381	0.00118
Streptomyces hygroscopicus	1912	S	10030	15145	25175	0.00207
Streptomyces violaceusniger	68280	S	2946	2075	5021	0.00041
Streptomyces yatensis	155177	S	2657	2074	4731	0.00039
Streptomyces venezuelae	54571	S	26275	10047	36322	0.00299
Streptomyces cadmiisoli	2184053	S	6760	1745	8505	0.00070
Streptomyces aurantiacus	47760	S	6705	1691	8396	0.00069
Streptomyces qaidamensis	1783515	S	4073	1826	5899	0.00049
Streptomyces alboniger	132473	S	3219	1264	4483	0.00037
Streptomyces koyangensis	188770	S	2026	2212	4238	0.00035
Streptomyces durmitorensis	319947	S	22106	4924	27030	0.00223
Streptomyces griseorubiginosus	67304	S	18213	6281	24494	0.00202
Streptomyces aquilus	2548456	S	17703	5474	23177	0.00191
Streptomyces lydicus	47763	S	15965	11724	27689	0.00228
Streptomyces chartreusis	1969	S	13303	5975	19278	0.00159
Streptomyces niveus	193462	S	12206	5591	17797	0.00147
Streptomyces bathyalis	2710756	S	11867	1921	13788	0.00114
Streptomyces asoensis	249586	S	11250	3474	14724	0.00121
Streptomyces collinus	42684	S	10759	6863	17622	0.00145
Streptomyces griseus	1911	S	4099	3648	7747	0.00064
Streptomyces anulatus	1892	S	2905	3283	6188	0.00051
Streptomyces microflavus	1919	S	1588	7683	9271	0.00076
Streptomyces globisporus	1908	S	1259	10315	11574	0.00095
Streptomyces albus	1888	S	10459	5557	16016	0.00132
Streptomyces nodosus	40318	S	10408	2735	13143	0.00108
Streptomyces griseochromogenes	68214	S	10045	2896	12941	0.00107
Streptomyces lincolnensis	1915	S	9805	2959	12764	0.00105
Streptomyces avermitilis	33903	S	9771	2897	12668	0.00104
Streptomyces bingchenggensis	379067	S	9687	1794	11481	0.00095
Streptomyces formicae	1616117	S	9216	3039	12255	0.00101
Streptomyces dengpaensis	2049881	S	8991	2601	11592	0.00096
Streptomyces seoulensis	73044	S	8639	3317	11956	0.00099
Streptomyces pratensis	1169025	S	8227	2045	10272	0.00085
Streptomyces capitiformicae	2014920	S	8141	1279	9420	0.00078
Streptomyces armeniacus	83291	S	8028	1057	9085	0.00075
Streptomyces cyaneochromogenes	2496836	S	7959	2442	10401	0.00086
Streptomyces tsukubensis	83656	S	7493	1858	9351	0.00077
Streptomyces cattleya	29303	S	7490	2080	9570	0.00079
Streptomyces buecherae	2763006	S	7448	1841	9289	0.00077
Streptomyces davaonensis	348043	S	7319	2138	9457	0.00078
Streptomyces ferrugineus	1413221	S	7271	2409	9680	0.00080
Streptomyces griseoviridis	45398	S	7051	2339	9390	0.00077
Streptomyces spectabilis	68270	S	7028	2387	9415	0.00078
Streptomyces lunaelactis	1535768	S	6953	1442	8395	0.00069
Streptomyces roseirectus	2768066	S	6571	1641	8212	0.00068
Streptomyces phaeolivaceus	2653200	S	6546	1926	8472	0.00070
Streptomyces fodineus	1904616	S	6462	2392	8854	0.00073
Streptomyces actuosus	1885	S	6460	2799	9259	0.00076
Streptomyces broussonetiae	2686304	S	6448	2018	8466	0.00070
Streptomyces antibioticus	1890	S	6335	2324	8659	0.00071
Streptomyces xanthii	2768069	S	6175	1868	8043	0.00066
Streptomyces roseochromogenus	285450	S	5972	1970	7942	0.00065
Streptomyces incarnatus	665007	S	5932	1734	7666	0.00063
Streptomyces ambofaciens	1889	S	5850	3560	9410	0.00078
Streptomyces galilaeus	33899	S	5810	2031	7841	0.00065
Streptomyces rimosus	1927	S	5688	18198	23886	0.00197
Streptomyces atratus	1893	S	5448	1105	6553	0.00054
Streptomyces calvus	67282	S	5416	2110	7526	0.00062
Streptomyces nigra	1827580	S	5411	2169	7580	0.00062
Streptomyces pactum	68249	S	5401	2274	7675	0.00063
Streptomyces paludis	2282738	S	5360	1171	6531	0.00054
Streptomyces dangxiongensis	1442032	S	5211	1851	7062	0.00058
Streptomyces xinghaiensis	1038928	S	5143	1515	6658	0.00055
Streptomyces alboflavus	67267	S	5095	1447	6542	0.00054
Streptomyces aureoverticillatus	66871	S	5004	1381	6385	0.00053
Streptomyces parvulus	146923	S	4996	2290	7286	0.00060
Streptomyces liangshanensis	2717324	S	4992	1265	6257	0.00052
Streptomyces deccanensis	424188	S	4891	2199	7090	0.00058
Streptomyces olivoreticuli	68246	S	4882	1363	6245	0.00051
Streptomyces vietnamensis	362257	S	4866	1655	6521	0.00054
Streptomyces genisteinicus	2768068	S	4828	1496	6324	0.00052
Streptomyces albulus	68570	S	4786	1460	6246	0.00051
Streptomyces cyanogenus	80860	S	4761	2211	6972	0.00057
Streptomyces pluripotens	1355015	S	4750	1130	5880	0.00048
Streptomyces glaucescens	1907	S	4731	2087	6818	0.00056
Streptomyces prasinus	67345	S	4730	1545	6275	0.00052
Streptomyces fagopyri	2662397	S	4681	1701	6382	0.00053
Streptomyces chromofuscus	42881	S	4621	1831	6452	0.00053
Streptomyces griseocarneus	51201	S	4606	1595	6201	0.00051
Streptomyces rectiverticillatus	173860	S	4576	1451	6027	0.00050
Streptomyces harbinensis	1176198	S	4570	1179	5749	0.00047
Streptomyces viridosporus	67581	S	4530	1830	6360	0.00052
Streptomyces clavuligerus	1901	S	4475	1103	5578	0.00046
Streptomyces luteoverticillatus	66425	S	4420	1453	5873	0.00048
Streptomyces peucetius	1950	S	4339	1189	5528	0.00046
Streptomyces ficellus	1977088	S	4336	1546	5882	0.00048
Streptomyces globosus	68209	S	4331	1574	5905	0.00049
Streptomyces hundungensis	1077946	S	4227	1360	5587	0.00046
Streptomyces inhibens	2293571	S	4217	1307	5524	0.00046
Streptomyces kanamyceticus	1967	S	4165	1504	5669	0.00047
Streptomyces tendae	1932	S	4161	1770	5931	0.00049
Streptomyces coeruleorubidus	116188	S	4148	2127	6275	0.00052
Streptomyces lavendulae	1914	S	4115	1445	5560	0.00046
Streptomyces exfoliatus	1905	S	4093	1413	5506	0.00045
Streptomyces hawaiiensis	67305	S	4081	1901	5982	0.00049
Streptomyces gilvosporeus	553510	S	4007	1311	5318	0.00044
Streptomyces vinaceus	1960	S	3916	1430	5346	0.00044
Streptomyces finlayi	67296	S	3831	882	4713	0.00039
Streptomyces subrutilus	36818	S	3823	1436	5259	0.00043
Streptomyces katrae	68223	S	3787	1425	5212	0.00043
Streptomyces pristinaespiralis	38300	S	3703	1474	5177	0.00043
Streptomyces tuirus	68278	S	3615	1933	5548	0.00046
Streptomyces nitrosporeus	28894	S	3589	1014	4603	0.00038
Streptomyces angustmyceticus	285578	S	3540	1468	5008	0.00041
Streptomyces spongiicola	1690221	S	3289	1471	4760	0.00039
Streptomyces tirandamycinicus	2174846	S	3255	1091	4346	0.00036
Streptomyces gardneri	66892	S	3242	1382	4624	0.00038
Streptomyces mobaraensis	35621	S	3182	141791	144973	0.01194
Streptomyces qinzhouensis	2599401	S	3172	785	3957	0.00033
Streptomyces huasconensis	1854574	S	3119	1278	4397	0.00036
Streptomyces gobiensis	2875706	S	2979	561	3540	0.00029
Streptomyces rutgersensis	53451	S	2950	1495	4445	0.00037
Streptomyces nojiriensis	66374	S	2875	1297	4172	0.00034
Streptomyces leeuwenhoekii	1437453	S	2433	1812	4245	0.00035
Streptomyces antimycoticus	68175	S	2306	2658	4964	0.00041
Streptomyces cyaneogriseus	68192	S	2270	1880	4150	0.00034
Streptomyces coelicolor	1902	S	1574	19486	21060	0.00174
Streptomyces olivaceus	47716	S	1985	8309	10294	0.00085
Streptomyces decoyicus	249567	S	1940	1161	3101	0.00026
Streptomyces auratus	114687	S	1831	1311	3142	0.00026
Streptomyces xiamenensis	408015	S	1812	1684	3496	0.00029
Streptomyces lydicamycinicus	1546107	S	1596	1032	2628	0.00022
Streptomyces platensis	58346	S	1577	1293	2870	0.00024
Streptomyces lividans	1916	S	1171	9526	10697	0.00088
Streptomyces alfalfae	1642299	S	1006	6605	7611	0.00063
Streptomyces mirabilis	68239	S	1006	7063	8069	0.00066
Yinghuangia sp. ASG 101	2896848	S	46198	7122	53320	0.00439
Kitasatospora sp. MMS16-BH015	2018025	S	8048	2645	10693	0.00088
Kitasatospora sp. NA04385	2742135	S	5975	3394	9369	0.00077
Kitasatospora setae	2066	S	5681	3076	8757	0.00072
Kitasatospora aureofaciens	1894	S	5455	2186	7641	0.00063
Kitasatospora albolonga	68173	S	1388	992	2380	0.00020
Streptacidiphilus sp. P02-A3a	2704468	S	5528	1626	7154	0.00059
Streptacidiphilus sp. PB12-B1b	2705012	S	4856	1843	6699	0.00055
Streptacidiphilus bronchialis	2126346	S	4695	1458	6153	0.00051
Microbacterium sp. No. 7	1714373	S	3505	1545	5050	0.00042
Microbacterium sp. 4R-513	2567934	S	3021	622	3643	0.00030
Microbacterium sp. SSW1-36	2851648	S	2546	825	3371	0.00028
Microbacterium sp. JZ31	1906274	S	2412	715	3127	0.00026
Microbacterium sp. 10M-3C3	2483401	S	2349	1426	3775	0.00031
Microbacterium sp. SSW1-51	2851650	S	2116	878	2994	0.00025
Microbacterium sp. YJN-G	2763257	S	1936	827	2763	0.00023
Microbacterium sp. BH-3-3-3	1906742	S	1927	512	2439	0.00020
Microbacterium sp. XT11	367477	S	1830	482	2312	0.00019
Microbacterium sp. ABRD_28	2268461	S	1757	262	2019	0.00017
Microbacterium sp. A18JL241	2782166	S	1679	516	2195	0.00018
Microbacterium sp. Y-01	2048898	S	1592	1083	2675	0.00022
Microbacterium sp. LKL04	912630	S	1580	416	1996	0.00016
Microbacterium sp. PM5	2014534	S	1572	329	1901	0.00016
Microbacterium sp. H1-D42	2925844	S	1567	329	1896	0.00016
Microbacterium sp. cx-55	2875948	S	1533	244	1777	0.00015
Microbacterium sp. NIBRBAC000506063	2734618	S	1522	623	2145	0.00018
Microbacterium sp. CBA3102	2603598	S	1381	648	2029	0.00017
Microbacterium sp. TPU 3598	1938334	S	1331	707	2038	0.00017
Microbacterium sp. 1S1	2606451	S	1327	1338	2665	0.00022
Microbacterium sp. Nx66	2766784	S	1101	1643	2744	0.00023
Microbacterium foliorum	104336	S	4956	1082	6038	0.00050
Microbacterium hominis	162426	S	3467	12383	15850	0.00131
Microbacterium cremeum	2782169	S	3456	698	4154	0.00034
Microbacterium oleivorans	273677	S	3117	588	3705	0.00031
Microbacterium atlanticum	2782168	S	3049	643	3692	0.00030
Microbacterium lemovicicum	1072463	S	2376	513	2889	0.00024
Microbacterium resistens	156977	S	2350	413	2763	0.00023
Microbacterium sediminis	904291	S	2114	898	3012	0.00025
Microbacterium pygmaeum	370764	S	2020	238	2258	0.00019
Microbacterium oryzae	743009	S	2017	567	2584	0.00021
Microbacterium testaceum	2033	S	1971	345	2316	0.00019
Microbacterium wangchenii	2541726	S	1833	425	2258	0.00019
Microbacterium caowuchunii	2614638	S	1779	320	2099	0.00017
Microbacterium aurum	36805	S	1775	530	2305	0.00019
Microbacterium oxydans	82380	S	1760	1636	3396	0.00028
Microbacterium luteum	2782167	S	1744	677	2421	0.00020
Microbacterium lushaniae	2614639	S	1714	409	2123	0.00017
Microbacterium protaetiae	2509458	S	1651	343	1994	0.00016
Microbacterium esteraromaticum	57043	S	1618	360	1978	0.00016
Microbacterium chocolatum	84292	S	1617	341	1958	0.00016
Microbacterium hydrocarbonoxydans	273678	S	1593	300	1893	0.00016
Microbacterium schleiferi	69362	S	1116	344	1460	0.00012
Agromyces sp. H17E-10	2932244	S	5545	1692	7237	0.00060
Agromyces sp. LHK192	2498704	S	3029	819	3848	0.00032
Agromyces sp. CFWR-12	2929802	S	2331	1223	3554	0.00029
Agromyces flavus	589382	S	3113	924	4037	0.00033
Agromyces soli	659012	S	3083	1059	4142	0.00034
Agromyces aureus	453304	S	3032	815	3847	0.00032
Agromyces protaetiae	2509455	S	2556	700	3256	0.00027
Agromyces marinus	1389020	S	2236	770	3006	0.00025
Agromyces intestinalis	2592652	S	2198	1101	3299	0.00027
Agromyces archimandritae	2781962	S	2165	597	2762	0.00023
Agromyces badenianii	2080742	S	1915	594	2509	0.00021
Agromyces laixinhei	2585717	S	1808	394	2202	0.00018
Curtobacterium sp. BH-2-1-1	1905847	S	2117	1123	3240	0.00027
Curtobacterium sp. L6-1	2841594	S	1821	776	2597	0.00021
Curtobacterium sp. MR_MD2014	1561023	S	1434	1490	2924	0.00024
Curtobacterium sp. YC1	2795488	S	1425	967	2392	0.00020
Curtobacterium sp. TC1	2862880	S	1334	1777	3111	0.00026
Curtobacterium sp. 24E2	2804758	S	1267	1795	3062	0.00025
Curtobacterium flaccumfaciens	2035	S	3040	1450	4490	0.00037
Curtobacterium luteum	33881	S	1866	663	2529	0.00021
Rathayibacter sp. VKM Ac-2759	2609252	S	2380	1082	3462	0.00029
Rathayibacter sp. VKM Ac-2760	2609253	S	2247	1934	4181	0.00034
Rathayibacter sp. VKM Ac-2804	2609257	S	1593	1920	3513	0.00029
Rathayibacter festucae	110937	S	2475	2797	5272	0.00043
Rathayibacter tanaceti	1671680	S	1422	368	1790	0.00015
Leifsonia sp. 21MFCrub1.1	1798223	S	3248	3947	7195	0.00059
Leifsonia sp. PS1209	2724914	S	2942	799	3741	0.00031
Leifsonia sp. ZF2019	2781978	S	2940	797	3737	0.00031
Leifsonia shinshuensis	150026	S	4272	1184	5456	0.00045
Leifsonia xyli	1575	S	1957	271	2228	0.00018
Clavibacter michiganensis	28447	S	10513	13697	24210	0.00199
Clavibacter zhangzhiyongii	2768071	S	1361	648	2009	0.00017
Leucobacter sp. H25R-14	2932245	S	1740	1453	3193	0.00026
Leucobacter sp. NB 10	2873270	S	1690	891	2581	0.00021
Leucobacter sp. Psy1	2875729	S	1250	362	1612	0.00013
Leucobacter sp. CX169	2813744	S	1028	418	1446	0.00012
Leucobacter muris	1935379	S	1784	674	2458	0.00020
Leucobacter triazinivorans	1784719	S	1675	1126	2801	0.00023
Agrococcus sp. SGAir0287	2070347	S	2759	835	3594	0.00030
Agrococcus sp. SCSIO52902	2933290	S	2384	1140	3524	0.00029
Agrococcus sp. Marseille-Q4369	2810513	S	2340	802	3142	0.00026
Agrococcus jejuensis	399736	S	3062	967	4029	0.00033
Agrococcus carbonis	684552	S	2480	1132	3612	0.00030
Protaetiibacter sp. SSC-01	2759943	S	2578	943	3521	0.00029
Protaetiibacter intestinalis	2419774	S	2527	897	3424	0.00028
Protaetiibacter larvae	2592654	S	1794	564	2358	0.00019
Salinibacterium sp. ZJ450	2708338	S	1620	257	1877	0.00015
Salinibacterium sp. ZJ70	2708084	S	1510	389	1899	0.00016
Salinibacterium sp. dk2585	2603292	S	1116	199	1315	0.00011
Cryobacterium sp. LW097	1978566	S	1321	394	1715	0.00014
Cryobacterium soli	2220095	S	1077	1203	2280	0.00019
Frondihabitans sp. PAMC 28766	1795630	S	2320	310	2630	0.00022
Frondihabitans sp. 762G35	1446794	S	2029	424	2453	0.00020
Microterricola viridarii	412690	S	3762	930	4692	0.00039
Microcella flavibacter	1804990	S	2135	994	3129	0.00026
Microcella alkaliphila	279828	S	1326	227	1553	0.00013
Cnuibacter physcomitrellae	1619308	S	2878	617	3495	0.00029
Herbiconiux sp. SALV-R1	2735133	S	2877	574	3451	0.00028
Gryllotalpicola protaetiae	2419771	S	2666	516	3182	0.00026
Frigoribacterium sp. NBH87	2596916	S	2582	754	3336	0.00027
Subtercola sp. AK-R2A1-2	2895559	S	1513	147	1660	0.00014
Humibacter sp. WJ7-1	2599293	S	2059	448	2507	0.00021
Amnibacterium sp. L3-i23	2905871	S	1998	476	2474	0.00020
Gulosibacter sediminis	1729695	S	1538	419	1957	0.00016
Marisediminicola antarctica	674079	S	1484	185	1669	0.00014
Diaminobutyricimonas sp. LJ205	2683590	S	1272	237	1509	0.00012
Glaciihabitans sp. INWT7	2596912	S	1251	99	1350	0.00011
Agreia sp. COWG	2773266	S	1213	150	1363	0.00011
Arthrobacter sp. FW305-BF8	2879617	S	22745	6784	29529	0.00243
Arthrobacter sp. QXT-31	1357915	S	16399	5060	21459	0.00177
Arthrobacter sp. NicSoilC5	2831000	S	12948	6521	19469	0.00160
Arthrobacter sp. NtRootA1	2830983	S	3130	957	4087	0.00034
Arthrobacter sp. PM3	2017685	S	2855	438	3293	0.00027
Arthrobacter sp. NicSoilB8	2830998	S	2747	768	3515	0.00029
Arthrobacter sp. KBS0702	2578107	S	2679	1149	3828	0.00032
Arthrobacter sp. UKPF54-2	2600159	S	2488	1130	3618	0.00030
Arthrobacter sp. 24S4-2	2575374	S	2407	578	2985	0.00025
Arthrobacter sp. PAMC25564	2565366	S	2140	629	2769	0.00023
Arthrobacter sp. PGP41	2079227	S	2082	662	2744	0.00023
Arthrobacter sp. FB24	290399	S	2070	635	2705	0.00022
Arthrobacter sp. NicSoilB4	2830997	S	2049	693	2742	0.00023
Arthrobacter sp. U41	1849032	S	2030	606	2636	0.00022
Arthrobacter sp. NicSoilB11	2830999	S	1825	7072	8897	0.00073
Arthrobacter sp. QL17	2895818	S	1810	538	2348	0.00019
Arthrobacter sp. StoSoilB19	2830994	S	1786	7932	9718	0.00080
Arthrobacter sp. FW306-2-2C-D06B	2879618	S	1677	360	2037	0.00017
Arthrobacter sp. PAMC25284	2861279	S	1466	417	1883	0.00016
Arthrobacter sp. ERGS1:01	1704044	S	1358	343	1701	0.00014
Arthrobacter sp. FW306-06-A	2879621	S	1324	4558	5882	0.00048
Arthrobacter agilis	37921	S	2724	503	3227	0.00027
Arthrobacter crystallopoietes	37928	S	2031	433	2464	0.00020
Arthrobacter woluwensis	156980	S	1432	365	1797	0.00015
Arthrobacter sulfonylureivorans	2486855	S	1242	232	1474	0.00012
Arthrobacter dokdonellae	2211210	S	1218	276	1494	0.00012
Pseudarthrobacter sp. L1SW	2851598	S	1548	650	2198	0.00018
Pseudarthrobacter sp. BIM B-2242	2772401	S	1409	379	1788	0.00015
Pseudarthrobacter sp. NIBRBAC000502771	2590774	S	1005	3453	4458	0.00037
Pseudarthrobacter sp. NIBRBAC000502770	2590785	S	1001	2979	3980	0.00033
Pseudarthrobacter chlorophenolicus	85085	S	1841	913	2754	0.00023
Pseudarthrobacter equi	728066	S	1692	913	2605	0.00021
Pseudarthrobacter phenanthrenivorans	361575	S	1549	740	2289	0.00019
Pseudarthrobacter psychrotolerans	2697569	S	1084	679	1763	0.00015
Kocuria rosea	1275	S	2491	811	3302	0.00027
Kocuria flava	446860	S	2234	1062	3296	0.00027
Kocuria turfanensis	388357	S	2060	746	2806	0.00023
Kocuria palustris	71999	S	1351	489	1840	0.00015
Kocuria rhizophila	72000	S	1144	2216	3360	0.00028
Sinomonas atrocyanea	37927	S	4710	1369	6079	0.00050
Sinomonas sp. R1AF57	2020377	S	3043	610	3653	0.00030
Micrococcus luteus	1270	S	3226	5917	9143	0.00075
Micrococcus sp. KD337-16	2856555	S	1256	672	1928	0.00016
Rothia kristinae	37923	S	1434	776	2210	0.00018
Citricoccus sp. SGAir0253	2567881	S	2126	536	2662	0.00022
Janibacter melonis	262209	S	4930	1703	6633	0.00055
Janibacter limosus	53458	S	3221	901	4122	0.00034
Janibacter indicus	857417	S	1669	3952	5621	0.00046
Phycicoccus sp. HDW14	2714941	S	7191	2401	9592	0.00079
Phycicoccus endophyticus	1690220	S	5014	1496	6510	0.00054
Pedococcus dokdonensis	443156	S	12362	3777	16139	0.00133
Intrasporangium calvum	53358	S	11821	3029	14850	0.00122
Tetrasphaera sp. HKS02	1813880	S	9155	2490	11645	0.00096
Arsenicicoccus sp. oral taxon 190	1658671	S	4251	1617	5868	0.00048
Cellulomonas sp. Y8	2591145	S	4232	1839	6071	0.00050
Cellulomonas sp. H30R-01	2704467	S	4139	1644	5783	0.00048
Cellulomonas sp. JZ18	2654191	S	3435	1487	4922	0.00041
Cellulomonas sp. C5510	2871170	S	3302	1338	4640	0.00038
Cellulomonas sp. zg-ZUI188	2819978	S	3291	917	4208	0.00035
Cellulomonas sp. zg-ZUI157	2819979	S	3012	1049	4061	0.00033
Cellulomonas sp. zg-ZUI222	2816956	S	2931	1117	4048	0.00033
Cellulomonas sp. EW123	2608402	S	2686	1595	4281	0.00035
Cellulomonas sp. PSBB021	2003551	S	2540	2028	4568	0.00038
Cellulomonas fimi	1708	S	3842	3389	7231	0.00060
Cellulomonas iranensis	76862	S	3331	1578	4909	0.00040
Cellulomonas shaoxiangyii	2566013	S	3253	1364	4617	0.00038
Cellulomonas flavigena	1711	S	2956	1130	4086	0.00034
Cellulomonas gilvus	11	S	2661	1175	3836	0.00032
Cellulomonas taurus	2729175	S	2085	672	2757	0.00023
Actinotalea sp. JY-7876	2758442	S	3334	1187	4521	0.00037
Oerskovia sp. KBS0722	1179673	S	2836	912	3748	0.00031
Pseudactinotalea sp. HY158	2654547	S	2274	331	2605	0.00021
Paraoerskovia marina	545619	S	1847	483	2330	0.00019
Cellulosimicrobium cellulans	1710	S	7330	9176	16506	0.00136
Cellulosimicrobium sp. BI34T	2587808	S	2806	1662	4468	0.00037
Xylanimonas protaetiae	2509457	S	3030	1353	4383	0.00036
Xylanimonas allomyrinae	2509459	S	2612	835	3447	0.00028
Xylanimonas cellulosilytica	186189	S	2542	919	3461	0.00029
Isoptericola variabilis	139208	S	3378	1786	5164	0.00043
Isoptericola dokdonensis	372663	S	3120	1222	4342	0.00036
Ornithinimicrobium avium	2283195	S	3729	973	4702	0.00039
Ornithinimicrobium sp. HY006	2508882	S	2627	901	3528	0.00029
Ornithinimicrobium flavum	1288636	S	2765	885	3650	0.00030
Ornithinimicrobium ciconiae	2594265	S	2233	348	2581	0.00021
Ornithinimicrobium pratense	2593973	S	1868	544	2412	0.00020
Serinicoccus chungangensis	767452	S	2666	871	3537	0.00029
Serinicoccus hydrothermalis	1758689	S	2648	1149	3797	0.00031
Serinicoccus profundi	1078471	S	2398	826	3224	0.00027
Serinicoccus marinus	247333	S	2091	949	3040	0.00025
Brachybacterium sp. CBA3105	2887346	S	2461	545	3006	0.00025
Brachybacterium sp. SGAir0954	2571029	S	2215	592	2807	0.00023
Brachybacterium sp. P6-10-X1	1903186	S	1950	329	2279	0.00019
Brachybacterium saurashtrense	556288	S	1995	549	2544	0.00021
Brachybacterium ginsengisoli	1331682	S	1992	561	2553	0.00021
Brachybacterium faecium	43669	S	1954	572	2526	0.00021
Brachybacterium vulturis	2017484	S	1367	477	1844	0.00015
Brachybacterium avium	2017485	S	1199	418	1617	0.00013
Brevibacterium sp. CS2	2575923	S	1998	808	2806	0.00023
Brevibacterium casei	33889	S	2342	3089	5431	0.00045
Brevibacterium luteolum	199591	S	1190	476	1666	0.00014
Brevibacterium linens	1703	S	1144	1552	2696	0.00022
Dermacoccus nishinomiyaensis	1274	S	2597	1107	3704	0.00031
Dermacoccus sp. PAMC28757	2762331	S	1894	688	2582	0.00021
Luteipulveratus mongoliensis	571913	S	3903	546	4449	0.00037
Allobranchiibius sp. GilTou73	2904523	S	3037	664	3701	0.00030
Yimella sp. cx-51	2770551	S	1704	346	2050	0.00017
Georgenia yuyongxinii	2589797	S	3314	806	4120	0.00034
Georgenia sp. TF02-10	2917725	S	3260	1159	4419	0.00036
Georgenia wutianyii	2585135	S	3051	1043	4094	0.00034
Georgenia faecalis	2483799	S	2728	733	3461	0.00029
Haloactinobacterium kanbiaonis	2675754	S	3690	532	4222	0.00035
Ruania sp. LR1S40	2897774	S	1960	409	2369	0.00020
Ruania sp. M4N3S171	2897773	S	1199	170	1369	0.00011
Ruania zhangjianzhongii	2603206	S	2105	208	2313	0.00019
Ruania alkalisoli	2779775	S	1439	245	1684	0.00014
Pengzhenrongella sicca	2819238	S	4023	1134	5157	0.00042
Luteimicrobium xylanilyticum	1133546	S	3621	1110	4731	0.00039
Beutenbergia cavernae	84757	S	4372	716	5088	0.00042
Miniimonas sp. S16	2171623	S	2986	1529	4515	0.00037
Sanguibacter keddieii	60920	S	2724	819	3543	0.00029
Sanguibacter sp. HDW7	2714931	S	2488	784	3272	0.00027
Gephyromycinifex aptenodytis	2716227	S	1161	148	1309	0.00011
Kytococcus sedentarius	1276	S	2234	789	3023	0.00025
Nocardioides sp. G188	2849501	S	82126	24770	106896	0.00881
Nocardioides sp. LMS-CY	2840457	S	12966	4228	17194	0.00142
Nocardioides sp. JS614	196162	S	12761	3798	16559	0.00136
Nocardioides sp. S5	2017486	S	11257	5693	16950	0.00140
Nocardioides sp. zg-1228	2763008	S	10079	4463	14542	0.00120
Nocardioides sp. HDW12B	2714939	S	9865	3170	13035	0.00107
Nocardioides sp. W7	2931390	S	9505	3247	12752	0.00105
Nocardioides sp. zg-579	2663857	S	9012	4570	13582	0.00112
Nocardioides sp. TF02-7	2917724	S	8924	2841	11765	0.00097
Nocardioides sp. cx-173	2898796	S	8646	2977	11623	0.00096
Nocardioides sp. S-1144	2582905	S	8349	3210	11559	0.00095
Nocardioides sp. InS609-2	2760705	S	7991	1850	9841	0.00081
Nocardioides sp. SCSIO 67246	2872154	S	7239	1906	9145	0.00075
Nocardioides sp. 603	2483798	S	7215	3338	10553	0.00087
Nocardioides sp. CF8	110319	S	6833	2834	9667	0.00080
Nocardioides sp. MC1495	2736757	S	6175	2197	8372	0.00069
Nocardioides sp. JQ2195	2592334	S	5802	1207	7009	0.00058
Nocardioides sp. zg-536	2803858	S	5334	2305	7639	0.00063
Nocardioides sp. dk884	2662361	S	4722	5289	10011	0.00082
Nocardioides sp. WS12	2486272	S	4687	833	5520	0.00045
Nocardioides sp. ZJ1313	2685869	S	4602	5203	9805	0.00081
Nocardioides sp. Kera G14	2884264	S	4408	933	5341	0.00044
Nocardioides ungokensis	1643322	S	37805	13041	50846	0.00419
Nocardioides mesophilus	433659	S	22142	6555	28697	0.00236
Nocardioides anomalus	2712223	S	12111	3614	15725	0.00130
Nocardioides cynanchi	2558918	S	11331	2682	14013	0.00115
Nocardioides okcheonensis	2894081	S	10890	5004	15894	0.00131
Nocardioides euryhalodurans	2518370	S	8409	2537	10946	0.00090
Nocardioides dongkuii	2760089	S	7854	3872	11726	0.00097
Nocardioides humi	449461	S	7838	2562	10400	0.00086
Nocardioides aromaticivorans	200618	S	7473	2801	10274	0.00085
Nocardioides aquaticus	160826	S	6700	2034	8734	0.00072
Nocardioides rotundus	1774216	S	6646	2463	9109	0.00075
Nocardioides marinisabuli	419476	S	6332	3520	9852	0.00081
Nocardioides dokdonensis	450734	S	5860	2728	8588	0.00071
Nocardioides sambongensis	2589074	S	5307	1501	6808	0.00056
Nocardioides seonyuensis	2518371	S	5096	1362	6458	0.00053
Nocardioides piscis	2714938	S	4517	1715	6232	0.00051
Nocardioides panacisoli	627624	S	4470	1093	5563	0.00046
Nocardioides houyundeii	2045452	S	4378	1333	5711	0.00047
Nocardioides daphniae	402297	S	3539	1595	5134	0.00042
Nocardioides jishulii	2575440	S	2960	1070	4030	0.00033
Nocardioides yefusunii	2500546	S	2179	644	2823	0.00023
Nocardioides baekrokdamisoli	1804624	S	2131	274	2405	0.00020
Aeromicrobium sp. Leaf245	1736306	S	3210	936	4146	0.00034
Aeromicrobium sp. zg-629	2663859	S	2425	756	3181	0.00026
Aeromicrobium sp. A1-2	2107713	S	2251	306	2557	0.00021
Aeromicrobium erythreum	2041	S	3560	1003	4563	0.00038
Aeromicrobium chenweiae	2079793	S	3280	1032	4312	0.00036
Aeromicrobium choanae	1736691	S	3153	899	4052	0.00033
Aeromicrobium yanjiei	2662028	S	3040	892	3932	0.00032
Aeromicrobium marinum	219314	S	2543	522	3065	0.00025
Marmoricola scoriae	642780	S	8204	2955	11159	0.00092
Pimelobacter simplex	2045	S	6569	2333	8902	0.00073
Friedmanniella luteola	546871	S	5604	1042	6646	0.00055
Mumia sp. ZJ1417	2708082	S	3950	669	4619	0.00038
Micropruina glycogenica	75385	S	1931	266	2197	0.00018
Kribbella flavida	182640	S	32254	6813	39067	0.00322
Kribbella qitaiheensis	1544730	S	25495	3704	29199	0.00241
Microlunatus sagamiharensis	546874	S	5300	1126	6426	0.00053
Microlunatus soli	630515	S	4311	397	4708	0.00039
Microlunatus elymi	2596828	S	3014	309	3323	0.00027
Microlunatus phosphovorus	29405	S	2826	308	3134	0.00026
Microlunatus sp. Gsoil 973	2672569	S	2577	189	2766	0.00023
Tessaracoccus sp. J1M15	2829499	S	1894	532	2426	0.00020
Tessaracoccus sp. MC1865	2760310	S	1303	319	1622	0.00013
Tessaracoccus defluvii	1285901	S	1969	1147	3116	0.00026
Tessaracoccus aquimaris	1332264	S	1858	788	2646	0.00022
Tessaracoccus flavescens	399497	S	1563	1089	2652	0.00022
Tessaracoccus flavus	1610493	S	1415	1014	2429	0.00020
Brevilactibacter coleopterorum	2714937	S	2704	1116	3820	0.00031
Brevilactibacter sp. MC1595	2819349	S	2335	872	3207	0.00026
Acidipropionibacterium acidipropionici	1748	S	1644	895	2539	0.00021
Acidipropionibacterium jensenii	1749	S	1483	814	2297	0.00019
Acidipropionibacterium virtanenii	2057246	S	1006	175	1181	0.00010
Propionibacterium acidifaciens	556499	S	1616	365	1981	0.00016
Propionibacterium freudenreichii	1744	S	1317	1013	2330	0.00019
Propionibacterium australiense	119981	S	1184	200	1384	0.00011
Auraticoccus monumenti	675864	S	3356	576	3932	0.00032
Raineyella fluvialis	2662261	S	2122	283	2405	0.00020
Arachnia propionica	1750	S	1235	181	1416	0.00012
Actinopolymorpha singaporensis	117157	S	9929	1044	10973	0.00090
Amycolatopsis sp. WQ 127309	2932773	S	36576	8912	45488	0.00375
Amycolatopsis sp. Hca4	2742131	S	32814	10134	42948	0.00354
Amycolatopsis sp. DSM 110486	2865832	S	13396	2472	15868	0.00131
Amycolatopsis sp. FDAARGOS 1241	2778070	S	9664	1971	11635	0.00096
Amycolatopsis sp. CA-230715	2745196	S	7700	1056	8756	0.00072
Amycolatopsis sp. YIM 10	2653857	S	6928	1720	8648	0.00071
Amycolatopsis sp. FU40	2914159	S	5415	2294	7709	0.00064
Amycolatopsis sp. AA4	1896961	S	4880	2401	7281	0.00060
Amycolatopsis sp. BJA-103	1911175	S	4089	1384	5473	0.00045
Amycolatopsis sp. TNS106	2861750	S	3227	1589	4816	0.00040
Amycolatopsis sp. EV170708-02-1	2919322	S	2655	2081	4736	0.00039
Amycolatopsis pretoriensis	218821	S	75005	19965	94970	0.00782
Amycolatopsis mediterranei	33910	S	31454	17239	48693	0.00401
Amycolatopsis acidiphila	715473	S	8862	1667	10529	0.00087
Amycolatopsis keratiniphila	129921	S	3915	2621	6536	0.00054
Amycolatopsis japonica	208439	S	2087	1621	3708	0.00031
Amycolatopsis thermalba	944492	S	6106	2148	8254	0.00068
Amycolatopsis albispora	1804986	S	6057	2904	8961	0.00074
Amycolatopsis methanolica	1814	S	5935	1965	7900	0.00065
Amycolatopsis aidingensis	2842453	S	4764	497	5261	0.00043
Amycolatopsis orientalis	31958	S	4367	1184	5551	0.00046
Pseudonocardia sp. DSM 110487	2865833	S	61721	8197	69918	0.00576
Pseudonocardia sp. CGMCC 4.1532	2761535	S	9246	5142	14388	0.00119
Pseudonocardia sp. HH130630-07	1690815	S	6514	5142	11656	0.00096
Pseudonocardia sp. AL041005-10	445576	S	5491	4155	9646	0.00079
Pseudonocardia sp. HH130629-09	1641402	S	4466	5941	10407	0.00086
Pseudonocardia broussonetiae	2736640	S	13458	4215	17673	0.00146
Pseudonocardia dioxanivorans	240495	S	12975	3152	16127	0.00133
Pseudonocardia abyssalis	2792008	S	7180	3516	10696	0.00088
Pseudonocardia autotrophica	2074	S	7107	1796	8903	0.00073
Saccharothrix sp. 6-C	2781735	S	11046	3363	14409	0.00119
Saccharothrix syringae	103733	S	9603	2985	12588	0.00104
Saccharothrix espanaensis	103731	S	7143	1890	9033	0.00074
Saccharopolyspora erythraea	1836	S	10014	2756	12770	0.00105
Saccharopolyspora gregorii	33914	S	6454	1191	7645	0.00063
Saccharopolyspora spinosa	60894	S	2470	1423	3893	0.00032
Saccharopolyspora pogona	333966	S	2257	2275	4532	0.00037
Saccharopolyspora sp. ASAGF58	2719023	S	1484	1662	3146	0.00026
Lentzea guizhouensis	1586287	S	16991	3238	20229	0.00167
Kutzneria sp. CA-103260	2802641	S	9803	1929	11732	0.00097
Kutzneria albida	43357	S	6536	1362	7898	0.00065
Saccharomonospora marina	632569	S	3473	709	4182	0.00034
Saccharomonospora azurea	40988	S	2600	736	3336	0.00027
Saccharomonospora cyanea	40989	S	2397	805	3202	0.00026
Saccharomonospora xinjiangensis	75294	S	2005	317	2322	0.00019
Saccharomonospora glauca	40990	S	1808	617	2425	0.00020
Saccharomonospora viridis	1852	S	1494	220	1714	0.00014
Actinoalloteichus hymeniacidonis	340345	S	5880	1723	7603	0.00063
Actinoalloteichus hoggarensis	1470176	S	3297	2792	6089	0.00050
Actinosynnema pretiosum	42197	S	2906	7680	10586	0.00087
Kibdelosporangium phytohabitans	860235	S	7481	806	8287	0.00068
Allokutzneria albata	211114	S	7120	1544	8664	0.00071
Alloactinosynnema sp. L-07	1653480	S	5597	1119	6716	0.00055
Prauserella marina	530584	S	3176	262	3438	0.00028
Allosaccharopolyspora coralli	2665642	S	2371	462	2833	0.00023
Mycolicibacterium litorale	758802	S	5026	1543	6569	0.00054
Mycolicibacterium sp. YH-1	2908837	S	3412	1638	5050	0.00042
Mycolicibacterium smegmatis	1772	S	4063	2857	6920	0.00057
Mycolicibacterium arabiense	1286181	S	3968	618	4586	0.00038
Mycolicibacterium rhodesiae	36814	S	3787	706	4493	0.00037
Mycolicibacterium gadium	1794	S	3782	588	4370	0.00036
Mycolicibacterium madagascariense	212765	S	3484	531	4015	0.00033
Mycolicibacterium sediminis	1286180	S	3466	649	4115	0.00034
Mycolicibacterium neoaurum	1795	S	3439	853	4292	0.00035
Mycolicibacterium rutilum	370526	S	3420	1142	4562	0.00038
Mycolicibacterium mageritense	53462	S	3204	619	3823	0.00031
Mycolicibacterium phlei	1771	S	3164	1142	4306	0.00035
Mycolicibacterium chubuense	1800	S	3097	791	3888	0.00032
Mycolicibacterium moriokaense	39691	S	3033	395	3428	0.00028
Mycolicibacterium vaccae	1810	S	2841	597	3438	0.00028
Mycolicibacterium parafortuitum	39692	S	2827	584	3411	0.00028
Mycolicibacterium psychrotolerans	216929	S	2805	691	3496	0.00029
Mycolicibacterium chitae	1792	S	2759	691	3450	0.00028
Mycolicibacterium hassiacum	46351	S	2731	796	3527	0.00029
Mycolicibacterium fortuitum	1766	S	2686	1223	3909	0.00032
Mycolicibacterium pulveris	36813	S	2653	480	3133	0.00026
Mycolicibacterium fluoranthenivorans	258505	S	2601	352	2953	0.00024
Mycolicibacterium aurum	1791	S	2523	343	2866	0.00024
Mycolicibacterium duvalii	39688	S	2474	512	2986	0.00025
Mycolicibacterium poriferae	39694	S	2452	581	3033	0.00025
Mycolicibacterium tokaiense	39695	S	2404	406	2810	0.00023
Mycolicibacterium monacense	85693	S	2338	1679	4017	0.00033
Mycolicibacterium phocaicum	319706	S	2334	1453	3787	0.00031
Mycolicibacterium baixiangningiae	2761578	S	2330	400	2730	0.00022
Mycolicibacterium celeriflavum	1249101	S	2321	519	2840	0.00023
Mycolicibacterium gilvum	1804	S	2318	1039	3357	0.00028
Mycolicibacterium thermoresistibile	1797	S	2274	527	2801	0.00023
Mycolicibacterium confluentis	28047	S	2183	341	2524	0.00021
Mycolicibacterium boenickei	146017	S	2111	3623	5734	0.00047
Mycolicibacterium aichiense	1799	S	2088	402	2490	0.00021
Mycolicibacterium fallax	1793	S	2068	884	2952	0.00024
Mycolicibacterium mengxianglii	2736649	S	1873	209	2082	0.00017
Mycolicibacterium insubricum	444597	S	1835	570	2405	0.00020
Mycolicibacterium helvum	1534349	S	1810	235	2045	0.00017
Mycolicibacterium anyangense	1431246	S	1809	313	2122	0.00017
Mycolicibacterium austroafricanum	39687	S	1782	8992	10774	0.00089
Mycolicibacterium mucogenicum	56689	S	1524	718	2242	0.00018
Mycolicibacterium alvei	67081	S	1515	507	2022	0.00017
Mycolicibacterium septicum	98668	S	1426	1220	2646	0.00022
Mycobacterium doricum	126673	S	1399	356	1755	0.00014
Mycolicibacterium sarraceniae	1534348	S	1335	189	1524	0.00013
Mycobacterium sp. JS623	212767	S	16456	2117	18573	0.00153
Mycobacterium sp. IDR2000157661	2867005	S	2422	733	3155	0.00026
Mycobacterium sp. EPa45	1545728	S	2303	783	3086	0.00025
Mycobacterium sp. YC-RL4	1682113	S	2272	1068	3340	0.00028
Mycobacterium sp. DL592	2675524	S	1963	525	2488	0.00021
Mycobacterium sp. DL440	2675523	S	1945	648	2593	0.00021
Mycobacterium sp. MS1601	1936029	S	1798	335	2133	0.00018
Mycobacterium sp. TY59	2775496	S	1369	508	1877	0.00015
Mycobacterium saskatchewanense	220927	S	2211	429	2640	0.00022
Mycobacterium parmense	185642	S	2145	399	2544	0.00021
Mycobacterium kubicae	120959	S	1981	346	2327	0.00019
Mycobacterium shigaense	722731	S	1725	249	1974	0.00016
Mycobacterium florentinum	292462	S	1638	362	2000	0.00016
Mycobacterium simiae	1784	S	1589	137	1726	0.00014
Mycobacterium lentiflavum	141349	S	1485	360	1845	0.00015
Mycobacterium stomatepiae	470076	S	1461	291	1752	0.00014
Mycobacterium heidelbergense	53376	S	1459	345	1804	0.00015
Mycobacterium avium	1764	S	3372	2871	6243	0.00051
Mycobacterium intracellulare	1767	S	1786	22550	24336	0.00201
Mycobacterium marseillense	701042	S	1738	429	2167	0.00018
Mycobacterium mantenii	560555	S	1731	214	1945	0.00016
Mycobacterium colombiense	339268	S	1656	285	1941	0.00016
Mycobacterium frederiksbergense	117567	S	3861	1411	5272	0.00043
Mycobacterium rufum	318424	S	3538	1189	4727	0.00039
Mycobacterium grossiae	1552759	S	3439	1108	4547	0.00037
Mycobacterium dioxanotrophicus	482462	S	2678	761	3439	0.00028
Mycobacterium holsaticum	152142	S	2470	425	2895	0.00024
Mycobacterium conspicuum	44010	S	2283	282	2565	0.00021
Mycobacterium diernhoferi	1801	S	2237	470	2707	0.00022
Mycobacterium branderi	43348	S	2147	281	2428	0.00020
Mycobacterium goodii	134601	S	2144	978	3122	0.00026
Mycobacterium paragordonae	1389713	S	2067	268	2335	0.00019
Mycobacterium cookii	1775	S	1804	183	1987	0.00016
Mycobacterium paraterrae	577492	S	1725	208	1933	0.00016
Mycobacterium gordonae	1778	S	1707	159	1866	0.00015
Mycobacterium koreense	1069220	S	1555	511	2066	0.00017
Mycobacterium paraseoulense	590652	S	1480	299	1779	0.00015
Mycobacterium riyadhense	486698	S	1474	62	1536	0.00013
Mycobacterium vicinigordonae	1719132	S	1436	77	1513	0.00012
Mycobacterium noviomagense	459858	S	1382	111	1493	0.00012
Mycobacterium kansasii	1768	S	1353	141	1494	0.00012
Mycobacterium heckeshornense	110505	S	1347	106	1453	0.00012
Mycobacterium malmoense	1780	S	1343	209	1552	0.00013
Mycobacterium lacus	169765	S	1338	99	1437	0.00012
Mycobacterium seoulense	386911	S	1306	305	1611	0.00013
Mycobacterium shinjukuense	398694	S	1279	125	1404	0.00012
Mycobacterium ostraviense	2738409	S	1246	125	1371	0.00011
Mycobacterium xenopi	1789	S	1181	151	1332	0.00011
Mycobacterium virginiense	1795032	S	1165	381	1546	0.00013
Mycobacterium basiliense	2094119	S	1069	38	1107	0.00009
Mycobacterium spongiae	886343	S	1028	28	1056	0.00009
Mycolicibacter sp. MYC340	2855503	S	1175	1053	2228	0.00018
Mycolicibacter sp. MYC098	2872309	S	1028	1010	2038	0.00017
Mycolicibacter terrae	1788	S	1343	520	1863	0.00015
Mycolicibacter hiberniae	29314	S	1312	319	1631	0.00013
Mycobacteroides abscessus	36809	S	2191	2458	4649	0.00038
Mycobacteroides chelonae	1774	S	1367	529	1896	0.00016
Mycolicibacillus parakoreensis	1069221	S	1733	597	2330	0.00019
Nocardia asteroides	1824	S	13919	4611	18530	0.00153
Nocardia brasiliensis	37326	S	8358	2239	10597	0.00087
Nocardia cyriacigeorgica	135487	S	5754	2414	8168	0.00067
Nocardia terpenica	455432	S	5508	955	6463	0.00053
Nocardia farcinica	37329	S	4231	2485	6716	0.00055
Nocardia nova	37330	S	4187	578	4765	0.00039
Nocardia arthritidis	228602	S	3634	446	4080	0.00034
Nocardia wallacei	480035	S	3587	1005	4592	0.00038
Nocardia yamanashiensis	209247	S	2908	571	3479	0.00029
Nocardia sp. CS682	1047172	S	2894	679	3573	0.00029
Nocardia gipuzkoensis	2749991	S	2887	1045	3932	0.00032
Nocardia huaxiensis	2755382	S	2843	552	3395	0.00028
Nocardia tengchongensis	2055889	S	2739	673	3412	0.00028
Nocardia iowensis	204891	S	2712	580	3292	0.00027
Nocardia otitidiscaviarum	1823	S	2689	520	3209	0.00026
Nocardia mangyaensis	2213200	S	2598	669	3267	0.00027
Nocardia yunnanensis	2382165	S	2586	622	3208	0.00026
Nocardia seriolae	37332	S	2438	646	3084	0.00025
Rhodococcus sp. X156	2499145	S	3011	969	3980	0.00033
Rhodococcus sp. MTM3W5.2	1805827	S	2839	692	3531	0.00029
Rhodococcus sp. SGAir0479	2567884	S	2440	779	3219	0.00027
Rhodococcus sp. W8901	2742603	S	2313	684	2997	0.00025
Rhodococcus sp. PBTS 1	1653478	S	2167	547	2714	0.00022
Rhodococcus sp. R79	2811421	S	1514	2651	4165	0.00034
Rhodococcus sp. ABRD24	2507582	S	1471	291	1762	0.00015
Rhodococcus sp. USK10	2789739	S	1201	2188	3389	0.00028
Rhodococcus sp. B7740	1564114	S	1089	172	1261	0.00010
Rhodococcus sp. P1Y	1302308	S	1055	105	1160	0.00010
Rhodococcus opacus	37919	S	7274	12156	19430	0.00160
Rhodococcus equi	43767	S	3742	1401	5143	0.00042
Rhodococcus fascians	1828	S	3201	760	3961	0.00033
Rhodococcus rhodochrous	1829	S	2119	1708	3827	0.00032
Rhodococcus triatomae	300028	S	1895	558	2453	0.00020
Rhodococcus koreensis	99653	S	1814	808	2622	0.00022
Rhodococcus coprophilus	38310	S	1444	254	1698	0.00014
Rhodococcus jostii	132919	S	1399	893	2292	0.00019
Rhodococcus pyridinivorans	103816	S	1138	6631	7769	0.00064
Rhodococcus ruber	1830	S	1002	5018	6020	0.00050
Corynebacterium cyclohexanicum	322009	S	2546	839	3385	0.00028
Corynebacterium frankenforstense	1230998	S	1638	915	2553	0.00021
Corynebacterium xerosis	1725	S	1565	2139	3704	0.00031
Corynebacterium sphenisci	191493	S	1537	672	2209	0.00018
Corynebacterium bovis	36808	S	1443	575	2018	0.00017
Corynebacterium halotolerans	225326	S	1217	742	1959	0.00016
Corynebacterium nuruki	1032851	S	1139	570	1709	0.00014
Corynebacterium freneyi	134034	S	1049	1468	2517	0.00021
Gordonia sp. PP30	2935861	S	2134	657	2791	0.00023
Gordonia sp. YC-JH1	2059875	S	1601	1186	2787	0.00023
Gordonia sp. KTR9	337191	S	1568	666	2234	0.00018
Gordonia sp. PDNC005	2811424	S	1221	198	1419	0.00012
Gordonia polyisoprenivorans	84595	S	3549	923	4472	0.00037
Gordonia terrae	2055	S	2363	3583	5946	0.00049
Gordonia insulae	2420509	S	2159	460	2619	0.00022
Gordonia phthalatica	1136941	S	1874	799	2673	0.00022
Gordonia amarae	36821	S	1858	410	2268	0.00019
Gordonia bronchialis	2054	S	1829	2994	4823	0.00040
Gordonia jinghuaiqii	2758710	S	1789	426	2215	0.00018
Gordonia iterans	1004901	S	1691	597	2288	0.00019
Gordonia rubripertincta	36822	S	1556	1961	3517	0.00029
Gordonia pseudoamarae	2831662	S	1449	338	1787	0.00015
Gordonia otitidis	249058	S	1418	322	1740	0.00014
Skermania piniformis	39122	S	1775	207	1982	0.00016
Tsukamurella paurometabola	2061	S	3603	1716	5319	0.00044
Tsukamurella tyrosinosolvens	57704	S	3023	1301	4324	0.00036
Tsukamurella pulmonis	47312	S	2185	753	2938	0.00024
Tsukamurella sp. PLM1	2929795	S	2133	673	2806	0.00023
Dietzia sp. oral taxon 368	712270	S	1183	2153	3336	0.00027
Dietzia lutea	546160	S	1350	762	2112	0.00017
Dietzia psychralcaliphila	139021	S	1300	364	1664	0.00014
Dietzia timorensis	499555	S	1067	573	1640	0.00014
Tomitella gaofuii	2760083	S	2037	623	2660	0.00022
Tomitella fengzijianii	2597660	S	1833	604	2437	0.00020
Segniliparus rotundus	286802	S	1059	58	1117	0.00009
Actinomadura sp. WMMA1423	2591108	S	48813	12258	61071	0.00503
Actinomadura sp. NAK00032	2742128	S	33813	10113	43926	0.00362
Actinomadura sp. WMMB 499	1219491	S	14947	3128	18075	0.00149
Actinomadura verrucosospora	46165	S	70377	17714	88091	0.00726
Actinomadura madurae	1993	S	59363	14507	73870	0.00609
Actinomadura graeca	2750812	S	13119	2597	15716	0.00129
Thermomonospora amylolytica	1411117	S	6771	2216	8987	0.00074
Thermomonospora curvata	2020	S	4487	1226	5713	0.00047
Nonomuraea nitratireducens	2656914	S	16425	3450	19875	0.00164
Nonomuraea sp. ATCC 55076	1909395	S	14057	4479	18536	0.00153
Nonomuraea coxensis	404386	S	14048	3914	17962	0.00148
Nonomuraea gerenzanensis	93944	S	12706	4249	16955	0.00140
Streptosporangium roseum	2001	S	11142	2872	14014	0.00115
Streptosporangium sp. 'caverna'	2202249	S	10962	2244	13206	0.00109
Thermobispora bispora	2006	S	4958	1078	6036	0.00050
Nocardiopsis sp. MT53	2865672	S	4445	1002	5447	0.00045
Nocardiopsis sp. HDS12	2831968	S	1511	1297	2808	0.00023
Nocardiopsis gilva	280236	S	3210	609	3819	0.00031
Nocardiopsis alba	53437	S	2593	446	3039	0.00025
Nocardiopsis dassonvillei	2014	S	2532	2288	4820	0.00040
Thermobifida halotolerans	483545	S	2463	722	3185	0.00026
Thermobifida alba	53522	S	2353	845	3198	0.00026
Thermobifida fusca	2021	S	1157	182	1339	0.00011
Streptomonospora litoralis	2498135	S	3554	659	4213	0.00035
Spiractinospora alimapuensis	2820884	S	2431	149	2580	0.00021
Micromonospora sp. WMMC415	2675222	S	4679	1619	6298	0.00052
Micromonospora sp. WMMA2032	2039870	S	3805	2318	6123	0.00050
Micromonospora sp. HM134	2583243	S	3795	1593	5388	0.00044
Micromonospora sp. B006	2201999	S	3041	2225	5266	0.00043
Micromonospora terminaliae	1914461	S	8158	3833	11991	0.00099
Micromonospora carbonacea	47853	S	5359	2211	7570	0.00062
Micromonospora echinofusca	47858	S	5348	2238	7586	0.00063
Micromonospora krabiensis	307121	S	5183	1644	6827	0.00056
Micromonospora inositola	47865	S	5177	2367	7544	0.00062
Micromonospora echinaurantiaca	47857	S	5070	2259	7329	0.00060
Micromonospora viridifaciens	1881	S	4384	1776	6160	0.00051
Micromonospora purpureochromogenes	47872	S	4348	2148	6496	0.00054
Micromonospora coriariae	285665	S	4335	1438	5773	0.00048
Micromonospora ferruginea	2749844	S	4265	2298	6563	0.00054
Micromonospora siamensis	299152	S	4202	1876	6078	0.00050
Micromonospora auratinigra	261654	S	4180	2053	6233	0.00051
Micromonospora coxensis	356852	S	4048	2082	6130	0.00051
Micromonospora echinospora	1877	S	3924	1269	5193	0.00043
Micromonospora narathiwatensis	299146	S	3811	1677	5488	0.00045
Micromonospora zamorensis	709883	S	3704	1107	4811	0.00040
Micromonospora sagamiensis	47875	S	3526	1254	4780	0.00039
Micromonospora maris	1003110	S	3373	948	4321	0.00036
Micromonospora endophytica (Xie et al. 2001) Li et al. 2019	515350	S	3368	953	4321	0.00036
Micromonospora chokoriensis	356851	S	3317	1002	4319	0.00036
Micromonospora rifamycinica	291594	S	3279	1385	4664	0.00038
Micromonospora craniellae	2294034	S	2629	1533	4162	0.00034
Micromonospora tulbaghiae	479978	S	2288	2370	4658	0.00038
Micromonospora aurantiaca	47850	S	1661	11170	12831	0.00106
Actinoplanes sp. L3-i22	2836373	S	15091	9756	24847	0.00205
Actinoplanes sp. N902-109	649831	S	10860	3033	13893	0.00114
Actinoplanes sp. OR16	946334	S	9103	3953	13056	0.00108
Actinoplanes friuliensis	196914	S	11680	1789	13469	0.00111
Actinoplanes ianthinogenes	122358	S	10323	3801	14124	0.00116
Actinoplanes teichomyceticus	1867	S	8145	3174	11319	0.00093
Actinoplanes missouriensis	1866	S	7929	2397	10326	0.00085
Actinoplanes derwentensis	113562	S	7087	1026	8113	0.00067
Dactylosporangium vinaceum	53362	S	21515	2299	23814	0.00196
Phytohabitans suffuscus	624315	S	9561	2239	11800	0.00097
Phytohabitans flavus	1076124	S	7786	1413	9199	0.00076
Couchioplanes caeruleus	56438	S	17449	4214	21663	0.00178
Actinocatenispora thailandica	227318	S	6474	1679	8153	0.00067
Actinocatenispora sera	390989	S	6325	1725	8050	0.00066
Plantactinospora sp. KBS50	2024580	S	5451	1290	6741	0.00056
Plantactinospora sp. BB1	2071627	S	1207	3320	4527	0.00037
Plantactinospora sp. BC1	2108470	S	1149	3195	4344	0.00036
Catellatospora sp. IY07-71	2728827	S	11228	2382	13610	0.00112
Polymorphospora rubra	338584	S	6567	1388	7955	0.00066
Natronosporangium hydrolyticum	2811111	S	3659	245	3904	0.00032
Verrucosispora sp. NA02020	2742132	S	2892	2097	4989	0.00041
Salinispora tropica	168695	S	2035	333	2368	0.00020
Blastococcus sp. PRF04-17	2933797	S	22614	7546	30160	0.00248
Blastococcus saxobsidens	138336	S	17400	5200	22600	0.00186
Modestobacter marinus	477641	S	16961	5798	22759	0.00188
Modestobacter sp. L9-4	2851567	S	10265	3872	14137	0.00116
Geodermatophilus obscurus	1861	S	18611	6090	24701	0.00204
Frankia inefficax	298654	S	9330	1091	10421	0.00086
Frankia sp. QA3	710111	S	3522	1344	4866	0.00040
Frankia sp. ArI3	1858	S	2733	1637	4370	0.00036
Candidatus Frankia datiscae	2716812	S	3330	607	3937	0.00032
Frankia alni	1859	S	2891	1804	4695	0.00039
Frankia casuarinae	106370	S	2855	292	3147	0.00026
Actinomyces sp. oral taxon 414	712122	S	1313	2019	3332	0.00027
Actinomyces radicidentis	111015	S	1607	2057	3664	0.00030
Actinomyces howellii	52771	S	1280	1076	2356	0.00019
Jiangella sp. DSM 45060	1798224	S	10613	2824	13437	0.00111
Jiangella alkaliphila	419479	S	8014	2050	10064	0.00083
Nakamurella multipartita	53461	S	6511	1146	7657	0.00063
Nakamurella panacisegetis	1090615	S	2721	340	3061	0.00025
Nakamurella sp. PAMC28650	2762325	S	2623	251	2874	0.00024
Bifidobacterium choerinum	35760	S	1054	948	2002	0.00017
Bifidobacterium pseudolongum	1694	S	1018	1704	2722	0.00022
Catenulispora acidiphila	304895	S	8089	1113	9202	0.00076
Jatrophihabitans telluris	2038343	S	3067	264	3331	0.00027
Jatrophihabitans sp. GAS493	1907575	S	2946	274	3220	0.00027
Stackebrandtia nassauensis	283811	S	3628	308	3936	0.00032
Kineococcus radiotolerans	131568	S	3789	996	4785	0.00039
Epidermidibacterium keratini	1891644	S	2450	1040	3490	0.00029
Actinopolyspora erythraea	414996	S	1845	181	2026	0.00017
Acidothermus cellulolyticus	28049	S	1314	74	1388	0.00011
Conexibacter sp. SYSU D00693	2812560	S	50373	12552	62925	0.00518
Conexibacter sp. DBS9H8	2937801	S	11724	1154	12878	0.00106
Conexibacter sp. S30A1	2937800	S	11552	1282	12834	0.00106
Conexibacter woesei	191495	S	51234	9632	60866	0.00501
Miltoncostaea oceani	2843216	S	12021	1944	13965	0.00115
Miltoncostaea marina	2843215	S	11662	3175	14837	0.00122
Baekduia soli	496014	S	52783	8895	61678	0.00508
Rubrobacter xylanophilus	49319	S	6249	886	7135	0.00059
Rubrobacter marinus	2653852	S	4380	381	4761	0.00039
Rubrobacter tropicus	2653851	S	3673	274	3947	0.00033
Rubrobacter radiotolerans	42256	S	2062	262	2324	0.00019
Rubrobacter indicoceani	2051957	S	1105	85	1190	0.00010
Aquihabitans sp. Kera 3	2884263	S	9511	1550	11061	0.00091
Aquihabitans sp. G128	2849779	S	9306	1893	11199	0.00092
Iamia sp. SCSIO 61187	2722752	S	9060	1445	10505	0.00087
Actinomarinicola tropica	2789776	S	8810	1759	10569	0.00087
Ilumatobacter coccineus	467094	S	4231	280	4511	0.00037
Acidimicrobium ferrooxidans	53635	S	1591	138	1729	0.00014
Eggerthella lenta	84112	S	1165	1273	2438	0.00020
Eggerthella guodeyinii	2690837	S	1045	600	1645	0.00014
Arabiibacter massiliensis	1870985	S	1207	430	1637	0.00013
Egibacter rhizosphaerae	1670831	S	4214	247	4461	0.00037
Egicoccus halophilus	1670830	S	3911	593	4504	0.00037
Euzebya pacifica	1608957	S	3742	304	4046	0.00033
Paenibacillus sp. B01	2660554	S	1675	3027	4702	0.00039
Paenibacillus sp. HWE-109	1306526	S	1423	587	2010	0.00017
Paenibacillus mucilaginosus	61624	S	1579	261	1840	0.00015
Paenibacillus albicereus	2726185	S	1421	2207	3628	0.00030
Paenibacillus lycopersici	2704462	S	1298	465	1763	0.00015
Thermobacillus composti	377615	S	1373	400	1773	0.00015
Saccharibacillus brassicae	2583377	S	1040	231	1271	0.00010
Priestia megaterium	1404	S	12998	16483	29481	0.00243
Neobacillus drentensis	220684	S	1643	1131	2774	0.00023
Hydrogenibacillus sp. N12	2866627	S	1372	419	1791	0.00015
Alicyclobacillus acidocaldarius	405212	S	1607	231	1838	0.00015
Faecalibacterium prausnitzii	853	S	1256	2571	3827	0.00032
Thermaerobacter sp. FW80	2546351	S	1731	470	2201	0.00018
Thermaerobacter sp. PB12/4term	2293838	S	1221	366	1587	0.00013
Thermaerobacter marianensis	73919	S	1496	417	1913	0.00016
Symbiobacterium thermophilum	2734	S	2015	303	2318	0.00019
Limnochorda pilosa	1555112	S	1848	97	1945	0.00016
Deinococcus sp. NW-56	2080419	S	1185	277	1462	0.00012
Deinococcus sp. TS-293	2737050	S	1083	179	1262	0.00010
Deinococcus maricopensis	309887	S	1681	214	1895	0.00016
Deinococcus gobiensis	502394	S	1551	332	1883	0.00016
Deinococcus actinosclerus	1768108	S	1545	1877	3422	0.00028
Deinococcus metallilatus	1211322	S	1409	274	1683	0.00014
Deinococcus ficus	317577	S	1390	211	1601	0.00013
Deinococcus irradiatisoli	2202254	S	1104	157	1261	0.00010
Oceanithermus profundus	187137	S	1801	235	2036	0.00017
Marinithermus hydrothermalis	186192	S	1234	249	1483	0.00012
Truepera radiovictrix	332249	S	1737	120	1857	0.00015
Gloeobacter kilaueensis	1416614	S	1077	1474	2551	0.00021
Sphaerobacter thermophilus	2057	S	4711	273	4984	0.00041
Thermomicrobium roseum	500	S	1135	21	1156	0.00010
Roseiflexus castenholzii	120962	S	1419	197	1616	0.00013
Roseiflexus sp. RS-1	357808	S	1411	174	1585	0.00013
Tepidiforma bonchosmolovskayae	2601677	S	2851	139	2990	0.00025
Candidatus Promineofilum breve	1806508	S	2663	62	2725	0.00022
Ktedonosporobacter rubrisoli	2509675	S	2152	60	2212	0.00018
Caldilinea aerophila	133453	S	1350	81	1431	0.00012
Fimbriimonas ginsengisoli	1005039	S	1764	12	1776	0.00015
Bradyrhizobium sp. 200	2782665	S	66522	14672	81194	0.00669
Bradyrhizobium sp. 170	2782641	S	46010	11567	57577	0.00474
Bradyrhizobium sp. 195	2782662	S	28637	9895	38532	0.00317
Bradyrhizobium sp. CCBAU 051011	858422	S	23598	4124	27722	0.00228
Bradyrhizobium sp. CCBAU 53351	1325114	S	19419	9027	28446	0.00234
Bradyrhizobium sp. CCBAU 51753	1325100	S	13551	2723	16274	0.00134
Bradyrhizobium sp. SK17	2057741	S	8560	2641	11201	0.00092
Bradyrhizobium sp. 186	2782654	S	8141	2153	10294	0.00085
Bradyrhizobium sp. A19	2898149	S	7722	1268	8990	0.00074
Bradyrhizobium sp. BTAi1	288000	S	7550	1300	8850	0.00073
Bradyrhizobium sp. ORS 278	114615	S	7389	1616	9005	0.00074
Bradyrhizobium sp. CCBAU 53421	1325120	S	7358	2176	9534	0.00079
Bradyrhizobium sp. ORS 285	115808	S	7192	1550	8742	0.00072
Bradyrhizobium sp. CCBAU 53338	1325111	S	6848	2556	9404	0.00077
Bradyrhizobium sp. 1(2017)	1404888	S	6523	1928	8451	0.00070
Bradyrhizobium sp. CCBAU 53340	1325112	S	6152	2183	8335	0.00069
Bradyrhizobium sp. 6(2017)	1197460	S	5546	2487	8033	0.00066
Bradyrhizobium sp. S2-11-2	2840472	S	4882	3973	8855	0.00073
Bradyrhizobium sp. CCGE-LA001	1223566	S	4314	1504	5818	0.00048
Bradyrhizobium sp. 41S5	1404443	S	4142	2605	6747	0.00056
Bradyrhizobium sp. S2-20-1	2840469	S	4030	3516	7546	0.00062
Bradyrhizobium sp. S2-11-4	2840473	S	3801	3658	7459	0.00061
Bradyrhizobium sp. I71	2590772	S	3351	3102	6453	0.00053
Bradyrhizobium sp. CCBAU 51765	1325102	S	3279	3115	6394	0.00053
Bradyrhizobium sp. 191	2782659	S	3173	3296	6469	0.00053
Bradyrhizobium sp. C-145	574727	S	2236	2017	4253	0.00035
Bradyrhizobium sp.	376	S	1836	5511	7347	0.00061
Bradyrhizobium sp. 144S4	2823807	S	1832	4289	6121	0.00050
Bradyrhizobium sp. 323S2	1404649	S	1731	4113	5844	0.00048
Bradyrhizobium sp. 40	2782674	S	1591	3850	5441	0.00045
Bradyrhizobium sp. 4	2782678	S	1383	3772	5155	0.00042
Bradyrhizobium sp. 192	2782660	S	1182	2679	3861	0.00032
Bradyrhizobium erythrophlei	1437360	S	31518	2288	33806	0.00279
Bradyrhizobium diazoefficiens	1355477	S	24933	33752	58685	0.00483
Bradyrhizobium paxllaeri	190148	S	19121	3110	22231	0.00183
Bradyrhizobium icense	1274631	S	17749	2191	19940	0.00164
Bradyrhizobium japonicum	375	S	12741	16845	29586	0.00244
Bradyrhizobium lablabi	722472	S	10624	10555	21179	0.00174
Bradyrhizobium canariense	255045	S	9495	13390	22885	0.00189
Bradyrhizobium genosp. L	83637	S	8963	1620	10583	0.00087
Bradyrhizobium arachidis	858423	S	8522	2180	10702	0.00088
Bradyrhizobium oligotrophicum	44255	S	6474	1026	7500	0.00062
Bradyrhizobium guangdongense	1325090	S	5884	2022	7906	0.00065
Bradyrhizobium genosp. B	83627	S	5671	1084	6755	0.00056
Bradyrhizobium quebecense	2748629	S	5479	2763	8242	0.00068
Bradyrhizobium guangzhouense	1325095	S	5468	1863	7331	0.00060
Bradyrhizobium cosmicum	1404864	S	5214	1523	6737	0.00056
Bradyrhizobium vignae	1549949	S	5150	1087	6237	0.00051
Bradyrhizobium guangxiense	1325115	S	5098	1989	7087	0.00058
Bradyrhizobium septentrionale	1404411	S	4615	2501	7116	0.00059
Bradyrhizobium symbiodeficiens	1404367	S	4227	5679	9906	0.00082
Bradyrhizobium amphicarpaeae	1404768	S	3862	1435	5297	0.00044
Bradyrhizobium betae	244734	S	3468	1670	5138	0.00042
Bradyrhizobium daqingense	993502	S	3438	1664	5102	0.00042
Bradyrhizobium elkanii	29448	S	2880	7608	10488	0.00086
Bradyrhizobium zhanjiangense	1325107	S	1965	1760	3725	0.00031
Bradyrhizobium ottawaense	931866	S	1260	6864	8124	0.00067
Rhodopseudomonas palustris	1076	S	21052	6352	27404	0.00226
Rhodopseudomonas sp. SK50-23	340268	S	3673	674	4347	0.00036
Rhodopseudomonas boonkerdii	475937	S	3459	771	4230	0.00035
Tardiphaga sp. 37S4	1404741	S	1916	6111	8027	0.00066
Tardiphaga robiniae	943830	S	1851	1216	3067	0.00025
Afipia carboxidovorans	40137	S	4716	692	5408	0.00045
Afipia sp. GAS231	1882747	S	4677	2439	7116	0.00059
Nitrobacter hamburgensis	912	S	5949	876	6825	0.00056
Nitrobacter winogradskyi	913	S	2675	413	3088	0.00025
Variibacter gotjawalensis	1333996	S	5865	430	6295	0.00052
Mesorhizobium sp. B2-8-5	2589903	S	15995	4858	20853	0.00172
Mesorhizobium sp. B2-1-1	2589974	S	15091	3140	18231	0.00150
Mesorhizobium sp. J8	2777475	S	9064	2684	11748	0.00097
Mesorhizobium sp. M1B.F.Ca.ET.045.04.1.1	2493673	S	4399	1560	5959	0.00049
Mesorhizobium sp. M2A.F.Ca.ET.043.05.1.1	2493671	S	4206	3373	7579	0.00062
Mesorhizobium sp. 8	2584466	S	3880	833	4713	0.00039
Mesorhizobium sp. M1E.F.Ca.ET.045.02.1.1	2493672	S	3686	1703	5389	0.00044
Mesorhizobium sp. M1D.F.Ca.ET.043.01.1.1	2493669	S	3599	2005	5604	0.00046
Mesorhizobium sp. B1-1-8	2589976	S	3593	816	4409	0.00036
Mesorhizobium sp. M4B.F.Ca.ET.058.02.1.1	2493675	S	3398	1323	4721	0.00039
Mesorhizobium sp. 131-2-1	2744518	S	3384	1656	5040	0.00042
Mesorhizobium sp. M1A.F.Ca.IN.022.06.1.1	2493680	S	3181	937	4118	0.00034
Mesorhizobium sp. M3A.F.Ca.ET.080.04.2.1	2493676	S	3134	872	4006	0.00033
Mesorhizobium sp. DCY119	2108445	S	2938	596	3534	0.00029
Mesorhizobium sp. Pch-S	2082387	S	2583	320	2903	0.00024
Mesorhizobium sp. INR15	2654248	S	2404	315	2719	0.00022
Mesorhizobium sp. PAMC28654	2880934	S	2245	382	2627	0.00022
Mesorhizobium sp. M2A.F.Ca.ET.043.02.1.1	2493670	S	2177	5286	7463	0.00061
Mesorhizobium sp. M2A.F.Ca.ET.046.03.2.1	2493674	S	2047	5225	7272	0.00060
Mesorhizobium sp. 113-3-3	2744516	S	1940	997	2937	0.00024
Mesorhizobium sp. B4-1-4	2589888	S	1938	428	2366	0.00019
Mesorhizobium sp. B2-1-8	2589967	S	1932	545	2477	0.00020
Mesorhizobium sp. M8A.F.Ca.ET.057.01.1.1	2493679	S	1900	663	2563	0.00021
Mesorhizobium sp. M9A.F.Ca.ET.002.03.1.2	2493668	S	1854	791	2645	0.00022
Mesorhizobium sp. M7D.F.Ca.US.005.01.1.1	2493678	S	1837	584	2421	0.00020
Mesorhizobium sp. L-2-11	2744521	S	1783	626	2409	0.00020
Mesorhizobium sp. M6A.T.Cr.TU.016.01.1.1	2493677	S	1741	538	2279	0.00019
Mesorhizobium sp. NZP2298	2483403	S	1627	918	2545	0.00021
Mesorhizobium sp. 113-1-2	2744515	S	1580	730	2310	0.00019
Mesorhizobium sp. NZP2077	2483404	S	1570	483	2053	0.00017
Mesorhizobium sp. M7A.F.Ce.TU.012.03.2.1	2493681	S	1305	448	1753	0.00014
Mesorhizobium sp. 113-3-9	2744517	S	1299	919	2218	0.00018
Mesorhizobium opportunistum	593909	S	2565	980	3545	0.00029
Mesorhizobium terrae	2725666	S	2493	706	3199	0.00026
Mesorhizobium amorphae	71433	S	2207	473	2680	0.00022
Mesorhizobium loti	381	S	1947	15373	17320	0.00143
Mesorhizobium australicum	536018	S	1458	422	1880	0.00015
Mesorhizobium huakuii	28104	S	1453	1110	2563	0.00021
Mesorhizobium ciceri	39645	S	1418	3509	4927	0.00041
Mesorhizobium erdmanii	1777866	S	1345	350	1695	0.00014
Mesorhizobium japonicum	2066070	S	1324	932	2256	0.00019
Aquibium microcysteis	675281	S	4062	1037	5099	0.00042
Aquibium oceanicum	1670800	S	2876	604	3480	0.00029
Aminobacter sp. MSH1	374606	S	2330	4008	6338	0.00052
Nitratireductor sp. SY7	2599600	S	2571	426	2997	0.00025
Nitratireductor sp. OM-1	1756988	S	1306	236	1542	0.00013
Phyllobacterium zundukense	1867719	S	1021	146	1167	0.00010
Roseitalea porphyridii	1852022	S	2127	333	2460	0.00020
Oricola thermophila	2742145	S	1480	190	1670	0.00014
Rhizobium sp. BG4	2613770	S	3110	664	3774	0.00031
Rhizobium sp. WYJ-E13	2849093	S	2930	431	3361	0.00028
Rhizobium sp. NXC24	2048897	S	1484	264	1748	0.00014
Rhizobium sp. L51/94	2819999	S	1469	6302	7771	0.00064
Rhizobium sp. ACO-34A	1571470	S	1200	285	1485	0.00012
Rhizobium sp. WL3	2603277	S	1158	260	1418	0.00012
Rhizobium sp. SL42	2806346	S	1131	220	1351	0.00011
Rhizobium sp. 11515TR	2028343	S	1119	585	1704	0.00014
Rhizobium sp. AB2/73	2795216	S	1097	1114	2211	0.00018
Rhizobium leguminosarum	384	S	9417	17417	26834	0.00221
Rhizobium etli	29449	S	2185	3581	5766	0.00048
Rhizobium jaguaris	1312183	S	1724	232	1956	0.00016
Rhizobium pseudoryzae	379684	S	1388	311	1699	0.00014
Rhizobium phaseoli	396	S	1349	3852	5201	0.00043
Rhizobium gallicum	56730	S	1213	2096	3309	0.00027
Rhizobium bangladeshense	1138189	S	1078	312	1390	0.00011
Agrobacterium tumefaciens	358	S	4108	7867	11975	0.00099
Agrobacterium vitis	373	S	2824	420	3244	0.00027
Neorhizobium galegae	399	S	4136	1199	5335	0.00044
Neorhizobium sp. NCHU2750	1825976	S	1346	398	1744	0.00014
Neorhizobium sp. SOG26	2060726	S	1106	233	1339	0.00011
Sinorhizobium fredii	380	S	4385	5688	10073	0.00083
Sinorhizobium meliloti	382	S	3307	4937	8244	0.00068
Sinorhizobium sp. BG8	2613773	S	1411	239	1650	0.00014
Sinorhizobium americanum	194963	S	1537	564	2101	0.00017
Sinorhizobium medicae	110321	S	1357	188	1545	0.00013
Ensifer adhaerens	106592	S	4196	3187	7383	0.00061
Ensifer mexicanus	375549	S	2065	311	2376	0.00020
Ensifer sp. PDNC004	2811423	S	1301	607	1908	0.00016
Ensifer alkalisoli	1752398	S	1429	284	1713	0.00014
Ensifer sojae	716925	S	1339	481	1820	0.00015
Shinella sp. HZN7	879274	S	3094	2674	5768	0.00048
Shinella sp. PSBB067	2715959	S	2212	1695	3907	0.00032
Shinella sp. XGS7	2877941	S	1778	1980	3758	0.00031
Shinella sp. H4-D48	2925841	S	1029	404	1433	0.00012
Shinella zoogloeoides	352475	S	2353	3332	5685	0.00047
Shinella oryzae	2871820	S	1294	565	1859	0.00015
Ciceribacter thiooxidans	1969821	S	1547	311	1858	0.00015
Georhizobium profundi	2341112	S	1318	266	1584	0.00013
Methylobacterium sp. 17Sr1-1	2202826	S	2821	1527	4348	0.00036
Methylobacterium sp. WL1	2603276	S	2749	624	3373	0.00028
Methylobacterium nodulans	114616	S	5764	788	6552	0.00054
Methylobacterium aquaticum	270351	S	5652	2801	8453	0.00070
Methylobacterium oryzae	334852	S	4420	6062	10482	0.00086
Methylobacterium durans	2202825	S	4045	601	4646	0.00038
Methylobacterium currus	2051553	S	3643	1692	5335	0.00044
Methylobacterium radiodurans	2202828	S	3605	926	4531	0.00037
Methylobacterium tardum	374432	S	3040	1203	4243	0.00035
Methylobacterium terrae	2202827	S	2939	1538	4477	0.00037
Methylobacterium organophilum	410	S	2909	2582	5491	0.00045
Methylobacterium mesophilicum	39956	S	2801	645	3446	0.00028
Methylobacterium brachiatum	269660	S	2792	1038	3830	0.00032
Methylobacterium indicum	1775910	S	2508	1421	3929	0.00032
Methylobacterium radiotolerans	31998	S	1114	7323	8437	0.00070
Microvirga sp. VF16	2807101	S	7863	1224	9087	0.00075
Microvirga sp. 17 mud 1-3	2082949	S	3180	675	3855	0.00032
Microvirga ossetica	1882682	S	8060	1424	9484	0.00078
Microvirga thermotolerans	2651334	S	3800	1063	4863	0.00040
Methylorubrum populi	223967	S	5096	2122	7218	0.00059
Methylorubrum extorquens	408	S	5033	7731	12764	0.00105
Methylorubrum sp. B1-46	2897334	S	1665	624	2289	0.00019
Rhodoplanes sp. Z2-YC6860	674703	S	55358	5013	60371	0.00497
Hyphomicrobium denitrificans	53399	S	4531	488	5019	0.00041
Hyphomicrobium nitrativorans	1427356	S	2602	221	2823	0.00023
Hyphomicrobium sp. MC1	717785	S	2247	160	2407	0.00020
Methyloceanibacter caenitepidi	1384459	S	1550	336	1886	0.00016
Methyloceanibacter sp. wino2	2170729	S	1527	354	1881	0.00015
Aquabacter sp. L1I39	2820278	S	2427	374	2801	0.00023
Methyloligella sp. GL2	2742204	S	2306	267	2573	0.00021
Rhodomicrobium vannielii	1069	S	1754	119	1873	0.00015
Pseudolabrys taiwanensis	331696	S	21358	3497	24855	0.00205
Pseudolabrys sp. FHR47	2562284	S	14364	2487	16851	0.00139
Starkeya sp. ORNL1	2709380	S	5616	1101	6717	0.00055
Starkeya novella	921	S	4233	1521	5754	0.00047
Xanthobacter dioxanivorans	2528964	S	4081	1387	5468	0.00045
Xanthobacter sp. YC-JY1	2419844	S	1364	1435	2799	0.00023
Xanthobacter autotrophicus	280	S	1249	1426	2675	0.00022
Ancylobacter polymorphus	223390	S	3013	1439	4452	0.00037
Ancylobacter sp. TS-1	1850374	S	2998	1208	4206	0.00035
Ancylobacter pratisalsi	1745854	S	2441	531	2972	0.00024
Labrys sp. KNU-23	2789216	S	3788	383	4171	0.00034
Azorhizobium caulinodans	7	S	2962	611	3573	0.00029
Bosea sp. AS-1	2015316	S	5367	1483	6850	0.00056
Bosea sp. ANAM02	2020412	S	5219	1679	6898	0.00057
Bosea sp. F3-2	2599640	S	4542	1275	5817	0.00048
Bosea sp. Tri-49	1867715	S	4356	895	5251	0.00043
Bosea sp. RAC05	1842539	S	3789	1086	4875	0.00040
Bosea sp. PAMC 26642	1792307	S	2871	540	3411	0.00028
Bosea vaviloviae	1526658	S	3565	774	4339	0.00036
Devosia sp. A16	1736675	S	7690	929	8619	0.00071
Devosia sp. JXJ CY 41	2917991	S	1750	320	2070	0.00017
Devosia sp. SL43	2806348	S	1703	314	2017	0.00017
Devosia sp. 1566	2499144	S	1382	154	1536	0.00013
Devosia sp. I507	2083786	S	1098	334	1432	0.00012
Devosia ginsengisoli	400770	S	1902	344	2246	0.00019
Devosia beringensis	2657486	S	1653	246	1899	0.00016
Devosia oryziradicis	2801335	S	1514	280	1794	0.00015
Devosia salina	2860336	S	1427	476	1903	0.00016
Devosia rhizoryzae	2774137	S	1307	137	1444	0.00012
Youhaiella tibetensis	1447062	S	2369	511	2880	0.00024
Paradevosia shaoguanensis	1335043	S	2236	833	3069	0.00025
Pelagibacterium halotolerans	531813	S	1043	149	1192	0.00010
Aureimonas sp. SA4125	2826993	S	2607	464	3071	0.00025
Aureimonas sp. AU20	1349819	S	2424	327	2751	0.00023
Aureimonas sp. OT7	2816454	S	1179	917	2096	0.00017
Aureimonas populi	1701758	S	1976	370	2346	0.00019
Aureimonas mangrovi	2758041	S	1846	379	2225	0.00018
Aureimonas altamirensis	370622	S	1311	412	1723	0.00014
Martelella mediterranea	293089	S	1447	1115	2562	0.00021
Martelella endophytica	1486262	S	1217	382	1599	0.00013
Aurantimonas sp. HBX-1	2906072	S	3244	927	4171	0.00034
Nordella sp. HKS 07	2712222	S	9229	494	9723	0.00080
Pseudorhodoplanes sinuspersici	1235591	S	7577	520	8097	0.00067
Terrihabitans soli	708113	S	2000	215	2215	0.00018
Methylocystis parvus	134	S	2098	246	2344	0.00019
Methylocystis bryophila	655015	S	1930	193	2123	0.00017
Methylocystis sp. SC2	187303	S	1193	444	1637	0.00013
Methylocystis heyeri	391905	S	1690	190	1880	0.00015
Methylocystis rosea	173366	S	1315	1479	2794	0.00023
Methylosinus trichosporium	426	S	2853	555	3408	0.00028
Methylosinus sp. C49	2699395	S	2212	424	2636	0.00022
Phreatobacter stygius	1940610	S	5532	791	6323	0.00052
Phreatobacter cathodiphilus	1868589	S	4254	1215	5469	0.00045
Phreatobacter sp. NMCR1094	2570229	S	3164	573	3737	0.00031
Stappia indica	538381	S	3146	735	3881	0.00032
Stappia sp. ES.058	1881061	S	1633	206	1839	0.00015
Roseibium aggregatum	187304	S	1745	261	2006	0.00017
Pannonibacter phragmitetus	121719	S	2197	1426	3623	0.00030
Labrenzia sp. VG12	2021862	S	1021	131	1152	0.00009
Methylocella silvestris	199596	S	2014	229	2243	0.00018
Methylocella tundrae	227605	S	1738	170	1908	0.00016
Methylovirgula ligni	569860	S	1708	187	1895	0.00016
Methylovirgula sp. HY1	2822761	S	1397	78	1475	0.00012
Blastochloris tepida	2233851	S	3861	1265	5126	0.00042
Blastochloris viridis	1079	S	3496	943	4439	0.00037
Kaustia mangrovi	2593653	S	3813	367	4180	0.00034
Parvibaculum lavamentivorans	256618	S	1785	1395	3180	0.00026
Pyruvatibacter mobilis	1712261	S	1171	160	1331	0.00011
Chelatococcus sp. CO-6	1702325	S	3484	1988	5472	0.00045
Chelatococcus daeguensis	444444	S	1934	1108	3042	0.00025
Kaistia sp. 32K	2795690	S	4528	1082	5610	0.00046
Acuticoccus sp. I52.16.1	2928472	S	4396	495	4891	0.00040
Hartmannibacter diazotrophicus	1482074	S	2591	439	3030	0.00025
Breoghania sp. L-A4	2304600	S	2561	332	2893	0.00024
Sphingomonas sp. S8-45	2938948	S	4883	623	5506	0.00045
Sphingomonas sp. DM2-R-LB4	2899123	S	4754	1685	6439	0.00053
Sphingomonas sp. HDW15A	2714942	S	4031	358	4389	0.00036
Sphingomonas sp. Cra20	1327635	S	3686	570	4256	0.00035
Sphingomonas sp. AK-PDB1-5	2872652	S	3559	591	4150	0.00034
Sphingomonas sp. CL5.1	2653203	S	3514	1221	4735	0.00039
Sphingomonas sp. LM7	1938607	S	3266	696	3962	0.00033
Sphingomonas sp. AP4-R1	2735134	S	3059	408	3467	0.00029
Sphingomonas sp. MM-1	745310	S	2984	4335	7319	0.00060
Sphingomonas sp. AAP5	1523415	S	2630	685	3315	0.00027
Sphingomonas sp. NBWT7	2596913	S	2531	921	3452	0.00028
Sphingomonas sp. S2-65	2903960	S	2347	491	2838	0.00023
Sphingomonas sp. FARSPH	2219696	S	2340	1962	4302	0.00035
Sphingomonas sp. PAMC26645	2565555	S	2102	650	2752	0.00023
Sphingomonas sp. HMP9	1517554	S	1997	827	2824	0.00023
Sphingomonas sp. KC8	1030157	S	1743	237	1980	0.00016
Sphingomonas sp. HMP6	1517551	S	1556	295	1851	0.00015
Sphingomonas sp. LK11	1390395	S	1225	1146	2371	0.00020
Sphingomonas sp. NIC1	1961362	S	1113	3117	4230	0.00035
Sphingomonas lutea	1045317	S	14246	1978	16224	0.00134
Sphingomonas sediminicola	386874	S	10343	1043	11386	0.00094
Sphingomonas daechungensis	1176646	S	9749	987	10736	0.00088
Sphingomonas sabuli	2764186	S	7932	1051	8983	0.00074
Sphingomonas sinipercae	2714944	S	7559	1094	8653	0.00071
Sphingomonas ginsengisoli An et al. 2013	363835	S	7252	1048	8300	0.00068
Sphingomonas piscis	2714943	S	5430	545	5975	0.00049
Sphingomonas rhizophila	2071607	S	4996	1229	6225	0.00051
Sphingomonas alpina	653931	S	4433	378	4811	0.00040
Sphingomonas profundi	2681549	S	3839	640	4479	0.00037
Sphingomonas sanxanigenens	397260	S	3837	1860	5697	0.00047
Sphingomonas panacis	1560345	S	3602	550	4152	0.00034
Sphingomonas xanthus	2594473	S	3514	749	4263	0.00035
Sphingomonas taxi	1549858	S	2974	923	3897	0.00032
Sphingomonas hengshuiensis	1609977	S	2935	387	3322	0.00027
Sphingomonas koreensis	93064	S	2680	1945	4625	0.00038
Sphingomonas changnyeongensis	2698679	S	2529	534	3063	0.00025
Sphingomonas panacisoli	1813879	S	2411	335	2746	0.00023
Sphingomonas radiodurans	2890321	S	2125	295	2420	0.00020
Sphingomonas suaedae	2599297	S	2028	266	2294	0.00019
Sphingomonas insulae	424800	S	1862	529	2391	0.00020
Sphingomonas aliaeris	2759526	S	1794	237	2031	0.00017
Sphingomonas paucimobilis	13689	S	1725	1066	2791	0.00023
Sphingomonas sanguinis	33051	S	1290	1054	2344	0.00019
Sphingomonas melonis	152682	S	1277	4718	5995	0.00049
Sphingopyxis sp. BSN-002	2911495	S	2970	570	3540	0.00029
Sphingopyxis sp. OPL5	2486273	S	2736	550	3286	0.00027
Sphingopyxis sp. QXT-31	1357916	S	2679	774	3453	0.00028
Sphingopyxis sp. YF1	2482763	S	2665	662	3327	0.00027
Sphingopyxis sp. PAMC25046	2565556	S	2582	1220	3802	0.00031
Sphingopyxis sp. 113P3	292913	S	2226	890	3116	0.00026
Sphingopyxis sp. FD7	1914525	S	1951	860	2811	0.00023
Sphingopyxis sp. EG6	1874061	S	1820	959	2779	0.00023
Sphingopyxis macrogoltabida	33050	S	4881	2570	7451	0.00061
Sphingopyxis lindanitolerans	2054227	S	2906	1602	4508	0.00037
Sphingopyxis fribergensis	1515612	S	2565	1049	3614	0.00030
Sphingopyxis terrae	33052	S	2561	1669	4230	0.00035
Sphingopyxis granuli	267128	S	1651	4682	6333	0.00052
Sphingopyxis alaskensis	117207	S	1537	376	1913	0.00016
Sphingobium sp. TKS	1315974	S	7793	13607	21400	0.00176
Sphingobium sp. SYK-6	627192	S	2124	641	2765	0.00023
Sphingobium sp. YG1	2082188	S	1399	682	2081	0.00017
Sphingobium sp. CAP-1	2676077	S	1370	1024	2394	0.00020
Sphingobium sp. EP60837	1855519	S	1200	430	1630	0.00013
Sphingobium sp. RAC03	1843368	S	1174	267	1441	0.00012
Sphingobium sp. SCG-1	2072936	S	1114	102	1216	0.00010
Sphingobium sp. Cam5-1	2789327	S	1082	513	1595	0.00013
Sphingobium sp. KCTC 72723	2733867	S	1068	231	1299	0.00011
Sphingobium yanoikuyae	13690	S	2858	7450	10308	0.00085
Sphingobium indicum	332055	S	2083	2242	4325	0.00036
Sphingobium chlorophenolicum	46429	S	1791	941	2732	0.00023
Sphingobium amiense	135719	S	1529	2107	3636	0.00030
Sphingobium phenoxybenzoativorans	1592790	S	1484	658	2142	0.00018
Sphingobium cloacae	120107	S	1220	1971	3191	0.00026
Sphingobium xenophagum	121428	S	1169	882	2051	0.00017
Sphingobium baderi	1332080	S	1005	1165	2170	0.00018
Novosphingobium sp. Sx8-5	2896849	S	3560	784	4344	0.00036
Novosphingobium sp. Gsoil 351	2675225	S	2716	278	2994	0.00025
Novosphingobium sp. EMRT-2	2571749	S	2694	1773	4467	0.00037
Novosphingobium sp. P6W	1609758	S	2511	553	3064	0.00025
Novosphingobium sp. ES2-1	2780074	S	1693	1227	2920	0.00024
Novosphingobium sp. THN1	1016987	S	1441	612	2053	0.00017
Novosphingobium resinovorum	158500	S	3748	2359	6107	0.00050
Novosphingobium aromaticivorans	48935	S	2224	1615	3839	0.00032
Novosphingobium decolorationis	2698673	S	1938	1230	3168	0.00026
Novosphingobium ginsenosidimutans	1176536	S	1640	208	1848	0.00015
Rhizorhabdus wittichii	160791	S	4812	3072	7884	0.00065
Rhizorhabdus dicambivorans	1850238	S	2928	2443	5371	0.00044
Rhizorhabdus phycosphaerae	2711156	S	2226	301	2527	0.00021
Sphingosinithalassobacter sp. CS137	2762748	S	2207	492	2699	0.00022
Sphingosinithalassobacter tenebrarum	2711215	S	1944	640	2584	0.00021
Allosphingosinicella indica	941907	S	3762	522	4284	0.00035
Parasphingopyxis algicola	2026624	S	1911	145	2056	0.00017
Tardibacter chloracetimidivorans	1921510	S	1593	1332	2925	0.00024
Hankyongella ginsenosidimutans	1763828	S	1488	309	1797	0.00015
Citromicrobium sp. JL477	1634516	S	1275	630	1905	0.00016
Novosphingopyxis iocasae	2762729	S	1103	663	1766	0.00015
Erythrobacter sp. HL-111	1798193	S	1568	627	2195	0.00018
Erythrobacter sp. HKB08	2502843	S	1287	547	1834	0.00015
Erythrobacter sp. JK5	2829500	S	1191	703	1894	0.00016
Erythrobacter sp. SDW2	2907154	S	1034	480	1514	0.00012
Erythrobacter litoralis	39960	S	2004	1074	3078	0.00025
Porphyrobacter sp. CACIAM 03H1	2003315	S	1778	744	2522	0.00021
Qipengyuania flava	192812	S	2392	2366	4758	0.00039
Qipengyuania sediminis	1532023	S	1328	293	1621	0.00013
Croceicoccus sp. YJ47	2798724	S	1133	1222	2355	0.00019
Croceicoccus marinus	450378	S	2031	1551	3582	0.00030
Tsuneonella amylolytica	2338327	S	1665	584	2249	0.00019
Tsuneonella dongtanensis	692370	S	1563	379	1942	0.00016
Tsuneonella mangrovi	1982042	S	1140	217	1357	0.00011
Altererythrobacter sp. B11	2060312	S	1574	1021	2595	0.00021
Altererythrobacter sp. TH136	2067415	S	1319	310	1629	0.00013
Pelagerythrobacter marensis	543877	S	1079	200	1279	0.00011
Sphingosinicella sp. BN140058	1892855	S	4356	449	4805	0.00040
Sphingosinicella flava	2771430	S	1845	290	2135	0.00018
Sphingosinicella microcystinivorans	335406	S	1844	254	2098	0.00017
Polymorphobacter sp. PAMC 29362	2835787	S	1252	823	2075	0.00017
Polymorphobacter sp. PAMC 29334	2862331	S	1210	822	2032	0.00017
Sandaracinobacter sp. M6	2759707	S	1650	127	1777	0.00015
Azospirillum sp. B510	137722	S	2310	861	3171	0.00026
Azospirillum sp. TSH100	652764	S	1897	872	2769	0.00023
Azospirillum sp. TSA2s	709810	S	1761	1337	3098	0.00026
Azospirillum sp. TSH58	664962	S	1297	1729	3026	0.00025
Azospirillum brasilense	192	S	7128	6284	13412	0.00111
Azospirillum thermophilum	2202148	S	4600	1120	5720	0.00047
Azospirillum thiophilum	528244	S	2878	969	3847	0.00032
Azospirillum ramasamyi	682998	S	1610	948	2558	0.00021
Azospirillum humicireducens	1226968	S	1425	837	2262	0.00019
Azospirillum lipoferum	193	S	1345	1001	2346	0.00019
Azospirillum oryzae	286727	S	1297	1127	2424	0.00020
Skermanella mucosa	1789672	S	2556	1722	4278	0.00035
Skermanella sp. TT6	2775420	S	2327	2315	4642	0.00038
Skermanella rosea	1817965	S	2176	1913	4089	0.00034
Skermanella pratensis	2233999	S	2035	1102	3137	0.00026
Nitrospirillum amazonense	28077	S	3120	389	3509	0.00029
Indioceanicola profundi	2220096	S	2269	333	2602	0.00021
Niveispirillum cyanobacteriorum	1612173	S	1229	140	1369	0.00011
Roseomonas sp. OT10	2897332	S	4775	1404	6179	0.00051
Roseomonas sp. S08	1750527	S	4571	346	4917	0.00041
Roseomonas gilardii	257708	S	3777	4375	8152	0.00067
Roseomonas haemaphysalidis	2768162	S	3370	516	3886	0.00032
Roseomonas marmotae	2768161	S	2836	450	3286	0.00027
Rhodovastum atsumiense	504468	S	5639	691	6330	0.00052
Komagataeibacter xylinus	28448	S	1053	2725	3778	0.00031
Roseococcus microcysteis	2771361	S	3047	348	3395	0.00028
Lichenicola cladoniae	1484109	S	2489	147	2636	0.00022
Sediminicoccus rosea	1225128	S	2406	153	2559	0.00021
Acidibrevibacterium fodinaquatile	1969806	S	2373	240	2613	0.00022
Gluconacetobacter diazotrophicus	33996	S	1513	444	1957	0.00016
Granulibacter bethesdensis	364410	S	1032	119	1151	0.00009
Hypericibacter adhaerens	2602016	S	6088	1020	7108	0.00059
Hypericibacter terrae	2602015	S	5495	716	6211	0.00051
Magnetospirillum sp. XM-1	1663591	S	1450	459	1909	0.00016
Magnetospirillum sp. ME-1	1639348	S	1302	445	1747	0.00014
Magnetospirillum gryphiswaldense	55518	S	1710	162092	163802	0.01350
Magnetospirillum magneticum	84159	S	1489	180	1669	0.00014
Rhodospirillum centenum	34018	S	2920	451	3371	0.00028
Rhodospirillum rubrum	1085	S	1579	1041	2620	0.00022
Tistrella mobilis	171437	S	3282	1734	5016	0.00041
Ferrovibrio terrae	2594003	S	2508	173	2681	0.00022
Defluviicoccus vanus	111831	S	1669	162	1831	0.00015
Stella humosa	94	S	7073	540	7613	0.00063
Elioraea tepida	2843330	S	3258	187	3445	0.00028
Paracoccus sp. MC1862	2760307	S	1136	154	1290	0.00011
Paracoccus sp. MA	2895796	S	1075	757	1832	0.00015
Paracoccus sanguinis	1545044	S	1799	551	2350	0.00019
Paracoccus yeei	147645	S	1437	2789	4226	0.00035
Paracoccus denitrificans	266	S	1282	746	2028	0.00017
Paracoccus liaowanqingii	2560053	S	1232	168	1400	0.00012
Paracoccus aminovorans	34004	S	1172	392	1564	0.00013
Paracoccus zhejiangensis	1077935	S	1154	320	1474	0.00012
Paracoccus pantotrophus	82367	S	1060	762	1822	0.00015
Paracoccus suum	2259340	S	1054	210	1264	0.00010
Cereibacter sphaeroides	1063	S	4024	3043	7067	0.00058
Rhodobacter sp. CZR27	2033869	S	1562	526	2088	0.00017
Rhodobacter sp. N10	2807096	S	1303	171	1474	0.00012
Rhodobacter sp. LPB0142	1850250	S	1275	1058	2333	0.00019
Rhodobacter capsulatus	1061	S	1761	400	2161	0.00018
Rhodovulum sulfidophilum	35806	S	1329	895	2224	0.00018
Polymorphum gilvum	991904	S	2576	666	3242	0.00027
Paroceanicella profunda	2579971	S	2530	818	3348	0.00028
Pikeienuella piscinae	2748098	S	1721	174	1895	0.00016
Pontivivens ytuae	2789856	S	1680	149	1829	0.00015
Pelagovum pacificum	2588711	S	1447	208	1655	0.00014
Silicimonas algicola	1826607	S	1431	98	1529	0.00013
Frigidibacter mobilis	1335048	S	1203	578	1781	0.00015
Pukyongiella litopenaei	2605946	S	1186	356	1542	0.00013
Brevirhabdus pacifica	1267768	S	1018	621	1639	0.00014
Roseovarius sp. SCSIO 43702	2823043	S	1159	857	2016	0.00017
Roseovarius indicus	540747	S	1576	1021	2597	0.00021
Salipiger profundus	1229727	S	1995	1146	3141	0.00026
Salipiger abyssi	1250539	S	1501	746	2247	0.00019
Salipiger sp. CCB-MM3	1792508	S	1276	230	1506	0.00012
Roseivivax marinus	1379903	S	1704	355	2059	0.00017
Celeribacter indicus	1208324	S	1530	961	2491	0.00021
Sulfitobacter pseudonitzschiae	1402135	S	1082	517	1599	0.00013
Yangia pacifica	311180	S	1576	347	1923	0.00016
Sagittula sp. P11	2009329	S	1523	853	2376	0.00020
Ponticoccus alexandrii	1943633	S	1133	219	1352	0.00011
Mameliella alba	561184	S	1060	265	1325	0.00011
Dinoroseobacter shibae	215813	S	1001	500	1501	0.00012
Caulobacter sp. S6	2823693	S	4728	554	5282	0.00044
Caulobacter sp. FWC26	69665	S	1632	713	2345	0.00019
Caulobacter segnis	88688	S	5696	1886	7582	0.00062
Caulobacter mirabilis	69666	S	4439	876	5315	0.00044
Caulobacter flavus	1679497	S	3675	1058	4733	0.00039
Caulobacter vibrioides	155892	S	3551	1469	5020	0.00041
Caulobacter rhizosphaerae	2010972	S	3438	1008	4446	0.00037
Caulobacter soli	2708539	S	3141	1005	4146	0.00034
Caulobacter henricii	69395	S	1410	245	1655	0.00014
Brevundimonas sp. M20	2591463	S	1425	465	1890	0.00016
Brevundimonas sp. PAMC22021	2861285	S	1327	1092	2419	0.00020
Brevundimonas sp. LM2	1938605	S	1300	708	2008	0.00017
Brevundimonas sp. MF30-B	2561924	S	1112	463	1575	0.00013
Brevundimonas naejangsanensis	588932	S	2297	1990	4287	0.00035
Brevundimonas albigilva	1312364	S	1714	1835	3549	0.00029
Brevundimonas goettingensis	2774190	S	1557	460	2017	0.00017
Brevundimonas subvibrioides	74313	S	1214	458	1672	0.00014
Brevundimonas pondensis	2774189	S	1076	749	1825	0.00015
Phenylobacterium zucineum	284016	S	11164	2411	13575	0.00112
Phenylobacterium parvum	2201350	S	2561	304	2865	0.00024
Terricaulis silvestris	2686094	S	1726	63	1789	0.00015
Marinicauda algicola	2029849	S	1929	347	2276	0.00019
Burkholderia multivorans	87883	S	5838	17618	23456	0.00193
Burkholderia ubonensis	101571	S	5709	3531	9240	0.00076
Burkholderia cenocepacia	95486	S	4568	28742	33310	0.00274
Burkholderia cepacia	292	S	3906	16014	19920	0.00164
Burkholderia pyrrocinia	60550	S	2518	1428	3946	0.00033
Burkholderia contaminans	488447	S	2089	1297	3386	0.00028
Burkholderia ambifaria	152480	S	2084	2055	4139	0.00034
Burkholderia stagnalis	1503054	S	1877	689	2566	0.00021
Burkholderia anthina	179879	S	1804	1880	3684	0.00030
Burkholderia stabilis	95485	S	1722	1290	3012	0.00025
Burkholderia lata	482957	S	1643	1376	3019	0.00025
Burkholderia dolosa	152500	S	1621	8492	10113	0.00083
Burkholderia territorii	1503055	S	1385	701	2086	0.00017
Burkholderia seminalis	488731	S	1055	493	1548	0.00013
Burkholderia vietnamiensis	60552	S	1045	3132	4177	0.00034
Burkholderia pseudomallei	28450	S	2553	20574	23127	0.00191
Burkholderia mayonis	1385591	S	1835	486	2321	0.00019
Burkholderia thailandensis	57975	S	1742	10062	11804	0.00097
Burkholderia oklahomensis	342113	S	1234	574	1808	0.00015
Burkholderia sp. DHOD12	2571746	S	2789	1109	3898	0.00032
Burkholderia sp. Bp7605	1740163	S	1636	1112	2748	0.00023
Burkholderia gladioli	28095	S	6879	2689	9568	0.00079
Burkholderia glumae	337	S	2345	1075	3420	0.00028
Burkholderia plantarii	41899	S	1929	840	2769	0.00023
Burkholderia perseverans	2615214	S	1628	762	2390	0.00020
Paraburkholderia graminis	60548	S	6085	1573	7658	0.00063
Paraburkholderia sp. SOS3	1926494	S	2771	436	3207	0.00026
Paraburkholderia sp. PGU16	2735433	S	1231	683	1914	0.00016
Paraburkholderia sp. PGU19	2735434	S	1001	851	1852	0.00015
Paraburkholderia edwinii	2861782	S	4928	725	5653	0.00047
Paraburkholderia pallida	2547399	S	3162	631	3793	0.00031
Paraburkholderia aromaticivorans	2026199	S	2914	1340	4254	0.00035
Paraburkholderia caribensis	75105	S	2705	2014	4719	0.00039
Paraburkholderia acidisoli	2571748	S	2622	520	3142	0.00026
Paraburkholderia tropica	92647	S	2574	632	3206	0.00026
Paraburkholderia acidiphila	2571747	S	2336	507	2843	0.00023
Paraburkholderia phytofirmans	261302	S	2206	959	3165	0.00026
Paraburkholderia terricola	169427	S	2010	646	2656	0.00022
Paraburkholderia phymatum	148447	S	1882	497	2379	0.00020
Paraburkholderia atlantica	2654982	S	1872	486	2358	0.00019
Paraburkholderia caledonica	134536	S	1844	357	2201	0.00018
Paraburkholderia sprentiae	948107	S	1843	431	2274	0.00019
Paraburkholderia megapolitana	420953	S	1756	189	1945	0.00016
Paraburkholderia fungorum	134537	S	1666	410	2076	0.00017
Paraburkholderia phenoliruptrix	252970	S	1623	483	2106	0.00017
Paraburkholderia ginsengisoli	311231	S	1565	505	2070	0.00017
Paraburkholderia terrae	311230	S	1530	1721	3251	0.00027
Paraburkholderia caffeinilytica	1761016	S	1306	354	1660	0.00014
Paraburkholderia hospita	169430	S	1249	1412	2661	0.00022
Paraburkholderia xenovorans	36873	S	1248	1774	3022	0.00025
Paraburkholderia dokdonella	2211211	S	1194	345	1539	0.00013
Cupriavidus taiwanensis	164546	S	9988	13273	23261	0.00192
Cupriavidus pauculus	82633	S	8770	4813	13583	0.00112
Cupriavidus necator	106590	S	4118	5854	9972	0.00082
Cupriavidus basilensis	68895	S	4114	2649	6763	0.00056
Cupriavidus sp. EM10	2839983	S	1867	1672	3539	0.00029
Cupriavidus oxalaticus	96344	S	3908	2348	6256	0.00052
Cupriavidus campinensis	151783	S	3401	1666	5067	0.00042
Cupriavidus pinatubonensis	248026	S	2614	572	3186	0.00026
Cupriavidus metallidurans	119219	S	2569	9773	12342	0.00102
Ralstonia solanacearum	305	S	5740	20216	25956	0.00214
Ralstonia insidiosa	190721	S	1597	1400	2997	0.00025
Ralstonia sp. 56D2	2842456	S	1317	222	1539	0.00013
Ralstonia mannitolilytica	105219	S	1114	1362	2476	0.00020
Ralstonia pickettii	329	S	1108	484	1592	0.00013
Pandoraea pnomenusa	93220	S	2289	1319	3608	0.00030
Pandoraea pulmonicola	93221	S	1710	454	2164	0.00018
Pandoraea thiooxydans	445709	S	1709	166	1875	0.00015
Pandoraea sp. XY-2	2518599	S	1602	1026	2628	0.00022
Pandoraea vervacti	656178	S	1329	475	1804	0.00015
Pandoraea norimbergensis	93219	S	1222	236	1458	0.00012
Pandoraea faecigallinarum	656179	S	1203	398	1601	0.00013
Pandoraea apista	93218	S	1123	758	1881	0.00015
Pandoraea fibrosis	1891094	S	1014	416	1430	0.00012
Caballeronia sp. Lep1P3	2878150	S	1760	2801	4561	0.00038
Caballeronia sp. TF1N1	2878153	S	1566	726	2292	0.00019
Caballeronia zhejiangensis	871203	S	2461	689	3150	0.00026
Caballeronia grimmiae	1071679	S	2156	1339	3495	0.00029
Caballeronia insecticola	758793	S	2082	522	2604	0.00021
Lautropia mirabilis	47671	S	1167	261	1428	0.00012
Chitinimonas arctica	2594795	S	1060	105	1165	0.00010
Variovorax sp. HW608	1034889	S	6301	1256	7557	0.00062
Variovorax sp. PBS-H4	434008	S	3679	2912	6591	0.00054
Variovorax sp. RA8	662548	S	3295	3224	6519	0.00054
Variovorax sp. PBL-H6	434009	S	3167	3778	6945	0.00057
Variovorax sp. WDL1	207745	S	2993	5784	8777	0.00072
Variovorax sp. RKNM96	2681552	S	2585	1116	3701	0.00030
Variovorax sp. PAMC 28711	1795631	S	2575	517	3092	0.00025
Variovorax sp. PAMC26660	2762322	S	2349	676	3025	0.00025
Variovorax sp. PAMC28562	2762323	S	2050	211	2261	0.00019
Variovorax sp. SRS16	282217	S	1721	4829	6550	0.00054
Variovorax sp. 38R	2774875	S	1579	2315	3894	0.00032
Variovorax sp. PBL-E5	434014	S	1506	4895	6401	0.00053
Variovorax paradoxus	34073	S	12793	13048	25841	0.00213
Variovorax boronicumulans	436515	S	2056	1670	3726	0.00031
Hydrogenophaga sp. BA0156	2716225	S	3104	2746	5850	0.00048
Hydrogenophaga sp. YM1	2806262	S	2656	1664	4320	0.00036
Hydrogenophaga sp. BPS33	2651974	S	2630	2718	5348	0.00044
Hydrogenophaga sp. PBC	795665	S	2471	3654	6125	0.00050
Hydrogenophaga sp. SL48	2806347	S	2085	1128	3213	0.00026
Hydrogenophaga sp. PBL-H3	434010	S	1542	1789	3331	0.00027
Hydrogenophaga sp. RAC07	1842537	S	1516	652	2168	0.00018
Hydrogenophaga taeniospiralis	65656	S	1781	1501	3282	0.00027
Acidovorax sp. YS12	2738413	S	1763	1840	3603	0.00030
Acidovorax sp. RAC01	1842533	S	1186	1234	2420	0.00020
Acidovorax sp. KKS102	358220	S	1124	994	2118	0.00017
Acidovorax sp. HDW3	2714923	S	1050	933	1983	0.00016
Acidovorax sp. JMULE5	2518343	S	1041	352	1393	0.00011
Acidovorax avenae	80867	S	4126	3280	7406	0.00061
Acidovorax monticola	1926868	S	2258	1055	3313	0.00027
Acidovorax antarcticus	2743470	S	2170	2036	4206	0.00035
Acidovorax carolinensis	553814	S	1324	1309	2633	0.00022
Acidovorax citrulli	80869	S	1102	1285	2387	0.00020
Ramlibacter tataouinensis	94132	S	17518	8028	25546	0.00210
Comamonas sp. NLF-7-7	2597701	S	1368	1243	2611	0.00022
Comamonas sp. NLF-1-9	2853163	S	1243	871	2114	0.00017
Comamonas serinivorans	1082851	S	1731	599	2330	0.00019
Comamonas aquatica	225991	S	1694	2175	3869	0.00032
Comamonas testosteroni	285	S	1191	3051	4242	0.00035
Rhodoferax sp. BAB1	2741720	S	1933	643	2576	0.00021
Rhodoferax koreense	1842727	S	3296	2159	5455	0.00045
Rhodoferax sediminis	2509614	S	2438	454	2892	0.00024
Diaphorobacter sp. HDW4A	2714924	S	1341	1972	3313	0.00027
Diaphorobacter sp. HDW4B	2714925	S	1289	564	1853	0.00015
Diaphorobacter ruginosibacter	1715720	S	1539	737	2276	0.00019
Diaphorobacter aerolatus	1288495	S	1247	2868	4115	0.00034
Schlegelella thermodepolymerans	215580	S	3804	2192	5996	0.00049
Schlegelella brevitalea	413882	S	3533	605	4138	0.00034
Delftia tsuruhatensis	180282	S	1590	4787	6377	0.00053
Delftia acidovorans	80866	S	1262	11000	12262	0.00101
Polaromonas sp. JS666	296591	S	1939	2065	4004	0.00033
Polaromonas naphthalenivorans	216465	S	1509	277	1786	0.00015
Kinneretia sp. DAIF2	2714952	S	3610	1560	5170	0.00043
Kinneretia sp. XES5	2877940	S	1529	2395	3924	0.00032
Ottowia sp. 27C	2816950	S	1817	418	2235	0.00018
Ottowia oryzae	2109914	S	1453	370	1823	0.00015
Alicycliphilus denitrificans	179636	S	3553	7188	10741	0.00088
Melaminivora sp. SC2-9	2109913	S	1678	2417	4095	0.00034
Melaminivora jejuensis	1267217	S	1331	1264	2595	0.00021
Serpentinimonas maccroryi	1458426	S	1064	479	1543	0.00013
Verminephrobacter eiseniae	364317	S	1686	244	1930	0.00016
Hylemonella gracilis	80880	S	1471	249	1720	0.00014
Pulveribacter suum	2116657	S	1328	800	2128	0.00018
Simplicispira suum	2109915	S	1095	515	1610	0.00013
Massilia sp. WG5	1707785	S	5726	3978	9704	0.00080
Massilia sp. LPB0304	2769491	S	2951	2032	4983	0.00041
Massilia sp. HC52	2852099	S	2894	1615	4509	0.00037
Massilia sp. DM-R-R2A-13	2899220	S	2266	1008	3274	0.00027
Massilia sp. YMA4	1593482	S	2195	1624	3819	0.00031
Massilia sp. NP310	2861282	S	2132	1994	4126	0.00034
Massilia sp. PAMC28688	2861283	S	1633	454	2087	0.00017
Massilia putida	1141883	S	6747	2374	9121	0.00075
Massilia violaceinigra	2045208	S	3978	1218	5196	0.00043
Massilia flava	871742	S	3473	960	4433	0.00037
Massilia umbonata	864828	S	2353	1023	3376	0.00028
Massilia albidiflava	321983	S	2346	1004	3350	0.00028
Massilia lutea	321985	S	2267	761	3028	0.00025
Massilia armeniaca	2072590	S	2093	1159	3252	0.00027
Massilia plicata	321984	S	1986	584	2570	0.00021
Massilia oculi	945844	S	1858	1234	3092	0.00025
Massilia antarctica	2765360	S	1725	674	2399	0.00020
Duganella sp. GN2-R2	2728020	S	3284	1567	4851	0.00040
Duganella sp. AF9R3	2728021	S	1979	470	2449	0.00020
Herbaspirillum robiniae	2014887	S	2232	958	3190	0.00026
Herbaspirillum hiltneri	341045	S	1804	359	2163	0.00018
Herbaspirillum seropedicae	964	S	1601	750	2351	0.00019
Herbaspirillum frisingense	92645	S	1500	529	2029	0.00017
Herbaspirillum rubrisubalbicans	80842	S	1438	740	2178	0.00018
Herbaspirillum huttiense	863372	S	1409	639	2048	0.00017
Janthinobacterium sp. 17J80-10	2497863	S	1291	235	1526	0.00013
Janthinobacterium sp. 1_2014MBL_MicDiv	1644131	S	1129	778	1907	0.00016
Janthinobacterium agaricidamnosum	55508	S	1831	4024	5855	0.00048
Collimonas fungivorans	158899	S	1866	595	2461	0.00020
Collimonas arenae	279058	S	1480	222	1702	0.00014
Collimonas pratensis	279113	S	1368	318	1686	0.00014
Noviherbaspirillum sp. UKPF54	2601898	S	3102	638	3740	0.00031
Achromobacter xylosoxidans	85698	S	6380	13662	20042	0.00165
Achromobacter sp. AONIH1	1758194	S	2053	3580	5633	0.00046
Achromobacter sp. MFA1 R4	1881016	S	1655	1255	2910	0.00024
Achromobacter spanius	217203	S	3502	1782	5284	0.00044
Achromobacter denitrificans	32002	S	2973	2733	5706	0.00047
Achromobacter deleyi	1353891	S	2237	1987	4224	0.00035
Achromobacter insolitus	217204	S	1626	565	2191	0.00018
Achromobacter pestifer	1353889	S	1229	1057	2286	0.00019
Bordetella sp. H567	1697043	S	2304	316	2620	0.00022
Bordetella sp. N	1746199	S	2143	275	2418	0.00020
Bordetella genomosp. 8	1416806	S	2437	325	2762	0.00023
Bordetella bronchialis	463025	S	2402	368	2770	0.00023
Bordetella genomosp. 13	463040	S	2360	2061	4421	0.00036
Bordetella genomosp. 9	1416803	S	2069	637	2706	0.00022
Bordetella flabilis	463014	S	2032	202	2234	0.00018
Bordetella hinzii	103855	S	1775	875	2650	0.00022
Bordetella petrii	94624	S	1753	2900	4653	0.00038
Bordetella trematum	123899	S	1256	667	1923	0.00016
Bordetella pseudohinzii	1331258	S	1084	534	1618	0.00013
Bordetella bronchiseptica	518	S	1048	12887	13935	0.00115
Pigmentiphaga sp. H8	2488560	S	3991	609	4600	0.00038
Pigmentiphaga aceris	1940612	S	1007	85	1092	0.00009
Orrella dioscoreae	1851544	S	1847	783	2630	0.00022
Castellaniella defragrans	75697	S	2061	1733	3794	0.00031
Rhizobacter sp. AJA081-3	2753607	S	5121	1515	6636	0.00055
Rhizobacter gummiphilus	946333	S	4930	1160	6090	0.00050
Sphaerotilus sp. FB-5	2914710	S	3188	2507	5695	0.00047
Sphaerotilus natans	34103	S	3039	1418	4457	0.00037
Methylibium petroleiphilum	105560	S	1758	1914	3672	0.00030
Methylibium sp. Pch-M	2082386	S	1756	1706	3462	0.00029
Rubrivivax gelatinosus	28068	S	4999	1874	6873	0.00057
Thiomonas sp. X19	1050370	S	1566	1167	2733	0.00023
Thiomonas intermedia	926	S	1091	390	1481	0.00012
Aquincola tertiaricarbonis	391953	S	3751	1566	5317	0.00044
Mitsuaria sp. 7	1658665	S	3710	878	4588	0.00038
Leptothrix cholodnii	34029	S	3319	1242	4561	0.00038
Xylophilus rhododendri	2697032	S	2985	1042	4027	0.00033
Ideonella dechloratans	36863	S	1937	1390	3327	0.00027
Tepidimonas taiwanensis	307486	S	1932	875	2807	0.00023
Roseateles depolymerans	76731	S	1644	376	2020	0.00017
Aquabacterium olei	1296669	S	1597	509	2106	0.00017
Inhella inkyongensis	392593	S	1138	221	1359	0.00011
Thauera sp. MZ1T	85643	S	3162	3857	7019	0.00058
Thauera sp. K11	2005884	S	2855	2110	4965	0.00041
Thauera humireducens	1134435	S	1938	1411	3349	0.00028
Thauera chlorobenzoica	96773	S	1499	1487	2986	0.00025
Thauera aromatica	59405	S	1354	2210	3564	0.00029
Azoarcus sp. KH32C	748247	S	3326	732	4058	0.00033
Azoarcus sp. DD4	2027405	S	2447	1841	4288	0.00035
Azoarcus olearius	418699	S	2783	1195	3978	0.00033
Azoarcus communis	41977	S	2092	985	3077	0.00025
Nitrogeniibacter mangrovi	2016596	S	2305	594	2899	0.00024
Nitrogeniibacter aestuarii	2815343	S	1134	153	1287	0.00011
Aromatoleum petrolei	76116	S	3014	875	3889	0.00032
Aromatoleum aromaticum	551760	S	2277	1804	4081	0.00034
Aromatoleum pumilum	2067960	S	2110	997	3107	0.00026
Aromatoleum bremense	76115	S	1941	1280	3221	0.00027
Azospira restricta	404405	S	5072	4258	9330	0.00077
Niveibacterium microcysteis	2811415	S	1911	350	2261	0.00019
Oryzomicrobium terrae	1735038	S	1398	442	1840	0.00015
Dechloromonas denitrificans	281362	S	2099	731	2830	0.00023
Ferribacterium limneticum	76259	S	2732	549	3281	0.00027
Quatrionicoccus australiensis	138118	S	1228	420	1648	0.00014
Usitatibacter rugosus	2732067	S	11862	1679	13541	0.00112
Usitatibacter palustris	2732487	S	9229	1385	10614	0.00087
Denitratisoma sp. DHT3	1981880	S	1804	1724	3528	0.00029
Sulfuritalea hydrogenivorans	748811	S	2328	443	2771	0.00023
Methyloversatilis sp. RAC08	1842540	S	2095	362	2457	0.00020
Sterolibacterium denitrificans	157592	S	1454	518	1972	0.00016
Nitrosospira multiformis	1231	S	1385	384	1769	0.00015
Nitrosospira lacus	1288494	S	1288	423	1711	0.00014
Sideroxydans sp. MIZ01	2764705	S	1189	360	1549	0.00013
Ferrigenium kumadai	1682490	S	1347	378	1725	0.00014
Thiobacillus denitrificans	36861	S	2891	730	3621	0.00030
Sulfuritortus calidifontis	1914471	S	1820	990	2810	0.00023
Sulfurimicrobium lacus	2715678	S	1615	292	1907	0.00016
Chromobacterium sp. ATCC 53434	2059672	S	1476	1149	2625	0.00022
Chromobacterium vaccinii	1108595	S	1535	1861	3396	0.00028
Chromobacterium violaceum	536	S	1426	2393	3819	0.00031
Jeongeupia sp. USM3	1906741	S	2027	706	2733	0.00023
Pseudogulbenkiania sp. NH8B	748280	S	1735	803	2538	0.00021
Vogesella sp. LIG4	1192162	S	1101	413	1514	0.00012
Microvirgula aerodenitrificans	57480	S	1272	323	1595	0.00013
Crenobacter cavernae	2290923	S	2252	1375	3627	0.00030
Chitinolyticbacter meiyuanensis	682798	S	1370	374	1744	0.00014
Casimicrobium huifangae	2591109	S	1662	976	2638	0.00022
Lysobacter sp. KIS68-7	2904252	S	8843	2331	11174	0.00092
Lysobacter sp. TY2-98	2290922	S	4515	969	5484	0.00045
Lysobacter sp. 5GHs7-4	2904253	S	2784	1168	3952	0.00033
Lysobacter sp. CECT 30171	2822368	S	2431	797	3228	0.00027
Lysobacter sp. S4-A87	2925843	S	2392	1136	3528	0.00029
Lysobacter sp. K5869	2820808	S	2082	1502	3584	0.00030
Lysobacter sp. CW239	2762611	S	1754	1372	3126	0.00026
Lysobacter enzymogenes	69	S	7747	4040	11787	0.00097
Lysobacter capsici	435897	S	7049	11746	18795	0.00155
Lysobacter soli	453783	S	6913	1900	8813	0.00073
Lysobacter solisilvae (ex Woo and Kim 2022)	2865112	S	5347	2088	7435	0.00061
Lysobacter solisilvae (ex Kim et al. 2021)	2763317	S	3747	1000	4747	0.00039
Lysobacter lycopersici	1324796	S	3552	969	4521	0.00037
Lysobacter antibioticus	84531	S	3107	916	4023	0.00033
Lysobacter maris	1605891	S	2627	836	3463	0.00029
Lysobacter arenosi	2795387	S	2337	1073	3410	0.00028
Lysobacter alkalisoli	2591633	S	2012	480	2492	0.00021
Lysobacter oculi	2698682	S	1963	670	2633	0.00022
Stenotrophomonas maltophilia	40324	S	8358	18132	26490	0.00218
Stenotrophomonas sp. LM091	1904944	S	1088	885	1973	0.00016
Stenotrophomonas rhizophila	216778	S	3576	1392	4968	0.00041
Stenotrophomonas acidaminiphila	128780	S	1778	5703	7481	0.00062
Xanthomonas translucens	343	S	3334	4889	8223	0.00068
Xanthomonas campestris	339	S	2549	2449	4998	0.00041
Xanthomonas sacchari	56458	S	1668	687	2355	0.00019
Xanthomonas arboricola	56448	S	1528	1814	3342	0.00028
Xanthomonas oryzae	347	S	1261	627	1888	0.00016
Xanthomonas theicola	56464	S	1160	454	1614	0.00013
Xanthomonas citri	346	S	1025	21204	22229	0.00183
Luteimonas sp. MC1750	2799326	S	2092	922	3014	0.00025
Luteimonas sp. S4-F44	2925842	S	2046	491	2537	0.00021
Luteimonas sp. D4P002	2901869	S	1945	637	2582	0.00021
Luteimonas sp. MC1572	2799325	S	1735	961	2696	0.00022
Luteimonas sp. YGD11-2	2508168	S	1696	857	2553	0.00021
Luteimonas sp. JM171	1896164	S	1618	412	2030	0.00017
Luteimonas sp. MC1825	2761107	S	1580	900	2480	0.00020
Luteimonas granuli	1176533	S	2024	896	2920	0.00024
Luteimonas chenhongjianii	2006110	S	1683	433	2116	0.00017
Luteimonas yindakuii	2565782	S	1613	702	2315	0.00019
Pseudoxanthomonas suwonensis	314722	S	3900	2449	6349	0.00052
Pseudoxanthomonas mexicana	128785	S	2387	4025	6412	0.00053
Pseudoxanthomonas sp. X-1	2571115	S	2258	2485	4743	0.00039
Pseudoxanthomonas daejeonensis	266062	S	1664	517	2181	0.00018
Pseudoxanthomonas spadix	415229	S	1223	654	1877	0.00015
Thermomonas sp. XSG	2771436	S	1540	833	2373	0.00020
Thermomonas sp. HDW16	2714945	S	1209	394	1603	0.00013
Thermomonas brevis	215691	S	2256	1099	3355	0.00028
Thermomonas aquatica	2202149	S	1961	1257	3218	0.00027
Thermomonas carbonis	1463158	S	1757	469	2226	0.00018
Arenimonas daejeonensis	370777	S	2215	582	2797	0.00023
Pseudolysobacter antarcticus	2511995	S	1608	63	1671	0.00014
Frateuria sp. 5GH9-34	2898793	S	8220	2615	10835	0.00089
Frateuria sp. 5GH9-11	1542730	S	3798	1532	5330	0.00044
Rhodanobacter denitrificans	666685	S	4050	1659	5709	0.00047
Rhodanobacter sp. FDAARGOS 1247	2778082	S	2704	1022	3726	0.00031
Rhodanobacter thiooxydans	416169	S	2378	1154	3532	0.00029
Rhodanobacter glycinis	582702	S	1678	333	2011	0.00017
Luteibacter sp. 321	2911537	S	2007	678	2685	0.00022
Luteibacter sp. EIF3	2780091	S	1545	261	1806	0.00015
Luteibacter sp. 335	2911538	S	1374	315	1689	0.00014
Luteibacter sp. 353	2911539	S	1291	430	1721	0.00014
Luteibacter rhizovicinus	242606	S	1581	240	1821	0.00015
Luteibacter pinisoli	2589080	S	1568	424	1992	0.00016
Luteibacter anthropi	564369	S	1214	233	1447	0.00012
Dyella thiooxydans	445710	S	4660	1528	6188	0.00051
Dyella japonica	231455	S	1618	505	2123	0.00017
Dyella telluris	2763498	S	1533	427	1960	0.00016
Dyella terrae	522259	S	1149	177	1326	0.00011
Dokdonella koreensis	323415	S	4415	957	5372	0.00044
Aerosticca soli	2010829	S	2210	3480	5690	0.00047
Ahniella affigens	2021234	S	1070	39	1109	0.00009
Pseudomonas sp. ATCC 13867	1294143	S	1705	3154	4859	0.00040
Pseudomonas sp. PDNC002	2811422	S	1668	2119	3787	0.00031
Pseudomonas sp. SCB32	2653853	S	1418	1962	3380	0.00028
Pseudomonas sp. FDAARGOS_380	2018067	S	1015	3590	4605	0.00038
Pseudomonas putida	303	S	9884	20432	30316	0.00250
Pseudomonas oryzihabitans	47885	S	1985	671	2656	0.00022
Pseudomonas fulva	47880	S	1225	4924	6149	0.00051
Pseudomonas fluorescens	294	S	5593	7824	13417	0.00111
Pseudomonas protegens	380021	S	1257	9583	10840	0.00089
Pseudomonas aeruginosa	287	S	5229	63600	68829	0.00567
Pseudomonas mendocina	300	S	1954	1056	3010	0.00025
Pseudomonas multiresinivorans	95301	S	1259	649	1908	0.00016
Pseudomonas alcaligenes	43263	S	1711	1588	3299	0.00027
Pseudomonas furukawaii	1149133	S	1058	443	1501	0.00012
Pseudomonas resinovorans	53412	S	1115	373	1488	0.00012
Pseudomonas stutzeri	316	S	7425	6881	14306	0.00118
Pseudomonas balearica	74829	S	1288	2333	3621	0.00030
Pseudomonas syringae	317	S	1613	4137	5750	0.00047
Pseudomonas viridiflava	33069	S	1005	227	1232	0.00010
Pseudomonas chlororaphis	587753	S	3187	5303	8490	0.00070
Pseudomonas knackmussii	65741	S	1876	2253	4129	0.00034
Pseudomonas otitidis	319939	S	1865	642	2507	0.00021
Pseudomonas psychrotolerans	237610	S	1818	637	2455	0.00020
Pseudomonas entomophila	312306	S	1513	1021	2534	0.00021
Pseudomonas oryzae	1392877	S	1493	747	2240	0.00018
Pseudomonas umsongensis	198618	S	1184	296	1480	0.00012
Pseudomonas guangdongensis	1245526	S	1158	600	1758	0.00014
Pseudomonas cavernae	2320867	S	1100	277	1377	0.00011
Azotobacter chroococcum	353	S	1513	1531	3044	0.00025
Azotobacter vinelandii	354	S	1078	0	1078	0.00009
Serratia marcescens	615	S	1516	10782	12298	0.00101
Pantoea agglomerans	549	S	1132	1818	2950	0.00024
Thioalkalivibrio paradoxus	108010	S	1291	410	1701	0.00014
Thioalkalivibrio sulfidiphilus	1033854	S	1284	1228	2512	0.00021
Thioalkalivibrio nitratireducens	186931	S	1183	338	1521	0.00013
Thioalkalivibrio sp. K90mix	396595	S	1026	166	1192	0.00010
Thioalkalivibrio versutus	106634	S	1006	167	1173	0.00010
Spiribacter sp. E85	2182432	S	2659	363	3022	0.00025
Acidihalobacter aeolianus	2792603	S	1212	222	1434	0.00012
Acidihalobacter ferrooxydans	1765967	S	1012	141	1153	0.00010
Halorhodospira halophila	1053	S	1190	168	1358	0.00011
Aquisalimonas sp. 2447	2740807	S	1310	120	1430	0.00012
Alkalilimnicola ehrlichii	351052	S	1206	204	1410	0.00012
Allochromatium vinosum	1049	S	1030	457	1487	0.00012
Allochromatium tepidum	553982	S	1028	565	1593	0.00013
Candidatus Thiodictyon syntrophicum	1166950	S	2293	165	2458	0.00020
Marichromatium purpuratum	37487	S	2078	537	2615	0.00022
Thioflavicoccus mobilis	80679	S	2016	252	2268	0.00019
Thiocapsa bogorovii	521689	S	1602	116	1718	0.00014
Thiocystis violascens	73141	S	1175	134	1309	0.00011
Wenzhouxiangella marina	1579979	S	1329	130	1459	0.00012
Guyparkeria halophila	47960	S	1316	441	1757	0.00014
Sulfurivermis fontis	1972068	S	1235	706	1941	0.00016
Halomonas sp. THAF5a	2587844	S	1249	2551	3800	0.00031
Halomonas sp. THAF12	2587849	S	1010	3078	4088	0.00034
Halomonas beimenensis	475662	S	1258	1404	2662	0.00022
Halomonas aestuarii	1897729	S	1035	1426	2461	0.00020
Halotalea alkalilenta	376489	S	1303	561	1864	0.00015
Salinicola tamaricis	1771309	S	1229	547	1776	0.00015
Aeromonas hydrophila	644	S	1266	10550	11816	0.00097
Methylococcus sp. EFPC2	2812648	S	1148	175	1323	0.00011
Methylococcus sp. Mc7	2860258	S	1007	751	1758	0.00014
Methylomagnum ishizawai	1760988	S	1380	134	1514	0.00012
Methylomicrobium album	39775	S	1085	111	1196	0.00010
Methylogaea oryzae	1295382	S	1196	211	1407	0.00012
Methylocaldum marinum	1432792	S	1135	149	1284	0.00011
Solimonas sp. K1W22B-7	2303331	S	4540	659	5199	0.00043
Flagellatimonas centrodinii	2806210	S	1346	134	1480	0.00012
Steroidobacter denitrificans	465721	S	4184	2114	6298	0.00052
Sulfurifustis variabilis	1675686	S	4454	400	4854	0.00040
Sulfuricaulis limicola	1620215	S	2093	232	2325	0.00019
Immundisolibacter cernigliae	1810504	S	2185	566	2751	0.00023
Salinisphaera sp. LB1	2183911	S	1481	91	1572	0.00013
endosymbiont of unidentified scaly snail isolate Monju	1248727	S	1153	159	1312	0.00011
Myxococcus xanthus	34	S	6537	37606	44143	0.00364
Myxococcus hansupus	1297742	S	3611	303	3914	0.00032
Myxococcus stipitatus	83455	S	3188	320	3508	0.00029
Myxococcus sp. SCHIC003	2813577	S	2800	286	3086	0.00025
Corallococcus coralloides	184914	S	7679	2953	10632	0.00088
Corallococcus macrosporus	35	S	3974	663	4637	0.00038
Corallococcus sp. EGB	1521117	S	3961	1381	5342	0.00044
Pyxidicoccus sp. SCPEA002	2813578	S	11429	566	11995	0.00099
Anaeromyxobacter sp. Red232	2918170	S	11379	1409	12788	0.00105
Anaeromyxobacter sp. Fw109-5	404589	S	8748	1325	10073	0.00083
Anaeromyxobacter sp. Red630	2918171	S	8359	1331	9690	0.00080
Anaeromyxobacter sp. K	447217	S	2097	4318	6415	0.00053
Anaeromyxobacter dehalogenans	161493	S	6673	5150	11823	0.00097
Archangium violaceum	83451	S	14824	3058	17882	0.00147
Archangium gephyra	48	S	7789	1857	9646	0.00079
Stigmatella aurantiaca	41	S	6717	558	7275	0.00060
Cystobacter fuscus	43	S	6080	1695	7775	0.00064
Melittangium boletus	83453	S	4653	1186	5839	0.00048
Vulgatibacter incomptus	1391653	S	5401	517	5918	0.00049
Sorangium cellulosum	56	S	77549	10187	87736	0.00723
Polyangium aurulentum	2567896	S	18005	1694	19699	0.00162
Chondromyces crocatus	52	S	8488	404	8892	0.00073
Sandaracinus amylolyticus	927083	S	27975	1819	29794	0.00245
Labilithrix luteola	1391654	S	13321	617	13938	0.00115
Haliangium ochraceum	80816	S	10987	717	11704	0.00096
Geomonas sp. RF6	2897342	S	1676	255	1931	0.00016
Geomonas paludis	2740185	S	1373	668	2041	0.00017
Geomonas nitrogeniifigens	2847991	S	1194	601	1795	0.00015
Geomonas subterranea	2847989	S	1130	514	1644	0.00014
Geomonas oryzisoli	2847992	S	1066	566	1632	0.00013
Geobacter sp. FeAm09	2597769	S	1137	198	1335	0.00011
Geobacter sulfurreducens	35554	S	1230	374	1604	0.00013
Geobacter pickeringii	345632	S	1137	416	1553	0.00013
Citrifermentans bemidjiense	225194	S	1027	392	1419	0.00012
Citrifermentans bremense	60035	S	1013	422	1435	0.00012
Desulfuromonas versatilis	2802975	S	1936	462	2398	0.00020
Desulfuromonas sp. DDH964	1823759	S	1314	332	1646	0.00014
Desulfuromonas soudanensis	1603606	S	1188	177	1365	0.00011
Pseudodesulfovibrio mercurii	641491	S	1048	784	1832	0.00015
Solidesulfovibrio carbinoliphilus	345370	S	1311	1148	2459	0.00020
Oceanidesulfovibrio marinus	370038	S	1319	283	1602	0.00013
Persicimonas caeni	2292766	S	4010	149	4159	0.00034
Bradymonas sediminis	1548548	S	1386	116	1502	0.00012
Desulfarculus baarsii	453230	S	1488	1151	2639	0.00022
Gemmata obscuriglobus	114	S	11445	1924	13369	0.00110
Gemmata massiliana	1210884	S	5345	2230	7575	0.00062
Gemmata sp. SH-PL17	1630693	S	4864	2283	7147	0.00059
Urbifossiella limnaea	2528023	S	20401	1982	22383	0.00184
Frigoriglobus tundricola	2774151	S	13946	2351	16297	0.00134
Limnoglobus roseus	2598579	S	10755	543	11298	0.00093
Tuwongella immobilis	692036	S	1306	56	1362	0.00011
Telmatocola sphagniphila	1123043	S	1096	11	1107	0.00009
Aquisphaera giovannonii	406548	S	14272	2483	16755	0.00138
Tautonia plasticadhaerens	2527974	S	12660	1155	13815	0.00114
Paludisphaera borealis	1387353	S	10823	2295	13118	0.00108
Singulisphaera acidiphila	466153	S	9879	1397	11276	0.00093
Isosphaera pallida	128	S	1383	96	1479	0.00012
Anatilimnocola aggregata	2528021	S	3215	400	3615	0.00030
Lignipirellula cremea	2528010	S	3115	417	3532	0.00029
Stieleria neptunia	2527979	S	1514	169	1683	0.00014
Stieleria maiorica	2795974	S	1481	299	1780	0.00015
Pirellula staleyi	125	S	1809	76	1885	0.00016
Bremerella volcania	2527984	S	1896	157	2053	0.00017
Roseimaritima ulvae	980254	S	1275	95	1370	0.00011
Lacipirellula parvula	2650471	S	4157	509	4666	0.00038
Lacipirellula limnantheis	2528024	S	3633	507	4140	0.00034
Pirellulimonas nuda	2528009	S	3868	489	4357	0.00036
Botrimarina mediterranea	2528022	S	3429	364	3793	0.00031
Aeoliella mucimassa	2527972	S	1346	125	1471	0.00012
Planctomyces sp. SH-PL62	1636152	S	8370	2944	11314	0.00093
Planctomyces sp. SH-PL14	1632864	S	4904	368	5272	0.00043
Gimesia panareensis	2527978	S	1130	813	1943	0.00016
Caulifigura coniformis	2527983	S	4084	311	4395	0.00036
Maioricimonas rarisocia	2528026	S	3062	449	3511	0.00029
Alienimonas californiensis	2527989	S	3013	259	3272	0.00027
Symmachiella dynata	2527995	S	1449	100	1549	0.00013
Humisphaera borealis	2807512	S	6971	218	7189	0.00059
Phycisphaera mikurensis	547188	S	2883	277	3160	0.00026
Mucisphaera calidilacus	2527982	S	1289	75	1364	0.00011
Opitutus sp. GAS368	1882749	S	6330	991	7321	0.00060
Opitutus terrae	107709	S	5134	271	5405	0.00045
Lacunisphaera limnophila	1838286	S	3400	515	3915	0.00032
Oleiharenicola sp. KSB-15	2862869	S	2545	150	2695	0.00022
Nibricoccus aquaticus	2576891	S	2128	104	2232	0.00018
Ereboglobus luteus	1796921	S	1436	88	1524	0.00013
Verrucomicrobium sp. GAS474	1882831	S	1985	278	2263	0.00019
Verrucomicrobium spinosum	2736	S	1308	102	1410	0.00012
Luteolibacter ambystomatis	2824561	S	1459	120	1579	0.00013
Luteolibacter luteus	2728835	S	1408	71	1479	0.00012
Roseimicrobium sp. ORNL1	2711231	S	2556	117	2673	0.00022
Niastella koreensis	354356	S	22805	2846	25651	0.00211
Paraflavitalea soli	2315862	S	1086	128	1214	0.00010
Chryseolinea soli	2321403	S	3422	1272	4694	0.00039
Rhodocaloribacter litoris	2558931	S	3001	696	3697	0.00030
Rhodothermus marinus	29549	S	2928	381	3309	0.00027
Salinibacter ruber	146919	S	1975	88	2063	0.00017
Gemmatirosa kalamazoonesis	861299	S	58042	6596	64638	0.00533
Gemmatimonas groenlandica	2732249	S	7733	888	8621	0.00071
Gemmatimonas aurantiaca	173480	S	5368	554	5922	0.00049
Gemmatimonas phototrophica	1379270	S	4377	603	4980	0.00041
Luteitalea sp. TBR-22	2802971	S	20607	4133	24740	0.00204
Luteitalea pratensis	1855912	S	17803	2231	20034	0.00165
Granulicella sp. WH15	2602070	S	2482	456	2938	0.00024
Granulicella sp. 5B5	1617967	S	1925	314	2239	0.00018
Granulicella mallensis	940614	S	2090	257	2347	0.00019
Granulicella tundricola	940615	S	1628	219	1847	0.00015
Terriglobus roseus	392734	S	2712	579	3291	0.00027
Terriglobus albidus	1592106	S	1931	190	2121	0.00017
Terriglobus saanensis	870903	S	1222	159	1381	0.00011
Acidobacterium capsulatum	33075	S	2388	313	2701	0.00022
Acidobacterium sp. 4Y35	2763107	S	2370	171	2541	0.00021
Candidatus Koribacter versatilis	658062	S	4664	175	4839	0.00040
Edaphobacter sp. 12200R-103	2703788	S	2248	444	2692	0.00022
Acidisarcina polymorpha	2211140	S	1687	127	1814	0.00015
Paludibaculum fermentans	1473598	S	6372	212	6584	0.00054
Sulfidibacter corallicola	2818388	S	1738	42	1780	0.00015
Nitrospira moscoviensis	42253	S	3251	237	3488	0.00029
Nitrospira japonica	1325564	S	1721	157	1878	0.00015
Candidatus Nitrospira inopinata	1715989	S	1175	82	1257	0.00010
Nitrospira sp. KM1	1936990	S	1137	78	1215	0.00010
Fusarium acuminatum	5515	S	4183	455	4638	0.00038
Fusarium oxysporum	5507	S	2175	1382	3557	0.00029
Cordyceps fumosorosea	114497	S	1313	141	1454	0.00012
Purpureocillium lilacinum	33203	S	2336	310	2646	0.00022
Drechmeria coniospora	98403	S	1155	94	1249	0.00010
Colletotrichum higginsianum	80884	S	1636	532	2168	0.00018
Thermothielavioides terrestris	2587410	S	1968	158	2126	0.00018
Thermothelomyces thermophilus	78579	S	1693	98	1791	0.00015
Aspergillus puulaauensis	1220207	S	1713	153	1866	0.00015
Aspergillus chevalieri	182096	S	1025	224	1249	0.00010
Talaromyces rugulosus	121627	S	1175	139	1314	0.00011
Pseudozyma flocculosa	84751	S	2164	85	2249	0.00019
Phytophthora cinnamomi	4785	S	1437	391	1828	0.00015
Phytophthora fragariae	53985	S	1134	295	1429	0.00012
