name	taxonomy_id	taxonomy_lvl	kraken_assigned_reads	added_reads	new_est_reads	fraction_total_reads
Streptomycetaceae	2062	F	1665395	344645	2010040	0.12531
Microbacteriaceae	85023	F	638762	84328	723090	0.04508
Micrococcaceae	1268	F	351724	79559	431283	0.02689
Intrasporangiaceae	85021	F	111714	26056	137770	0.00859
Cellulomonadaceae	85016	F	102716	31173	133889	0.00835
Promicromonosporaceae	85017	F	46127	16299	62426	0.00389
Ornithinimicrobiaceae	2805590	F	39105	7601	46706	0.00291
Dermabacteraceae	85020	F	26527	4721	31248	0.00195
Brevibacteriaceae	85019	F	25515	4796	30311	0.00189
Dermacoccaceae	145357	F	22174	4806	26980	0.00168
Bogoriellaceae	145358	F	18778	5259	24037	0.00150
Ruaniaceae	1331736	F	15765	17149	32914	0.00205
Beutenbergiaceae	125316	F	11089	3297	14386	0.00090
Sanguibacteraceae	145360	F	7958	2297	10255	0.00064
Dermatophilaceae	85018	F	3519	315	3834	0.00024
Kytococcaceae	2805426	F	3438	2287	5725	0.00036
Demequinaceae	1042322	F	1187	89	1276	0.00008
Mycobacteriaceae	1762	F	398231	52841	451072	0.02812
Nocardiaceae	85025	F	227322	43245	270567	0.01687
Corynebacteriaceae	1653	F	66704	15204	81908	0.00511
Gordoniaceae	85026	F	56451	11021	67472	0.00421
Tsukamurellaceae	85028	F	17511	4066	21577	0.00135
Dietziaceae	85029	F	10338	9810	20148	0.00126
Segniliparaceae	316606	F	1682	86	1768	0.00011
Nocardioidaceae	85015	F	616060	117281	733341	0.04572
Propionibacteriaceae	31957	F	80186	15813	95999	0.00598
Kribbellaceae	2726069	F	56974	8103	65077	0.00406
Actinopolymorphaceae	2805400	F	13174	1416	14590	0.00091
Pseudonocardiaceae	2070	F	521502	73869	595371	0.03712
Micromonosporaceae	28056	F	505594	63189	568783	0.03546
Thermomonosporaceae	2012	F	206770	38011	244781	0.01526
Streptosporangiaceae	2004	F	90631	13813	104444	0.00651
Nocardiopsaceae	83676	F	39919	5902	45821	0.00286
Geodermatophilaceae	85030	F	128428	30397	158825	0.00990
Actinomycetaceae	2049	F	42057	5753	47810	0.00298
Frankiaceae	74712	F	42027	3901	45928	0.00286
Jiangellaceae	1217100	F	24396	4062	28458	0.00177
Catenulisporaceae	414877	F	21293	2929	24222	0.00151
Nakamurellaceae	85031	F	17372	2169	19541	0.00122
Bifidobacteriaceae	31953	F	16706	3926	20632	0.00129
Jatrophihabitantaceae	2805416	F	11332	928	12260	0.00076
Glycomycetaceae	85034	F	5952	451	6403	0.00040
Kineosporiaceae	83778	F	5286	1379	6665	0.00042
Sporichthyaceae	85033	F	3580	1642	5222	0.00033
Actinopolysporaceae	622451	F	2695	259	2954	0.00018
Acidothermaceae	85032	F	2198	103	2301	0.00014
Conexibacteraceae	320583	F	207006	28728	235734	0.01470
Miltoncostaeaceae	2843199	F	49494	6062	55556	0.00346
Baekduiaceae	2600303	F	81185	13003	94188	0.00587
Rubrobacteraceae	84997	F	29214	1139	30353	0.00189
Iamiaceae	633392	F	45385	5514	50899	0.00317
Ilumatobacteraceae	2448023	F	5218	302	5520	0.00034
Acidimicrobiaceae	84994	F	2099	151	2250	0.00014
Eggerthellaceae	1643826	F	14665	2173	16838	0.00105
Atopobiaceae	1643824	F	7544	1599	9143	0.00057
Coriobacteriaceae	84107	F	3282	772	4054	0.00025
Egibacteraceae	1747769	F	6959	391	7350	0.00046
Egicoccaceae	1755824	F	5549	816	6365	0.00040
Euzebyaceae	908622	F	5319	417	5736	0.00036
Bacillaceae	186817	F	87284	72746	160030	0.00998
Paenibacillaceae	186822	F	74914	5756	80670	0.00503
Alicyclobacillaceae	186823	F	6517	869	7386	0.00046
Planococcaceae	186818	F	3910	1038	4948	0.00031
Thermoactinomycetaceae	186824	F	2368	253	2621	0.00016
Staphylococcaceae	90964	F	1707	4516	6223	0.00039
Lactobacillaceae	33958	F	4316	1357	5673	0.00035
Streptococcaceae	1300	F	1679	3425	5104	0.00032
Oscillospiraceae	216572	F	9797	3288	13085	0.00082
Clostridiales Family XVII. Incertae Sedis	539000	F	7677	1554	9231	0.00058
Lachnospiraceae	186803	F	3298	1122	4420	0.00028
Clostridiaceae	31979	F	3214	4356	7570	0.00047
Symbiobacteriaceae	543349	F	3028	232	3260	0.00020
Peptococcaceae	186807	F	1932	160	2092	0.00013
Christensenellaceae	990719	F	1026	398	1424	0.00009
Thermoanaerobacteraceae	186814	F	3575	635	4210	0.00026
Selenomonadaceae	1843491	F	3962	193	4155	0.00026
Veillonellaceae	31977	F	1179	300	1479	0.00009
Limnochordaceae	1676650	F	3046	104	3150	0.00020
Deinococcaceae	183710	F	34057	1810	35867	0.00224
Thermaceae	188786	F	12371	649	13020	0.00081
Trueperaceae	332247	F	2523	119	2642	0.00016
Sphaerobacteraceae	85002	F	10803	738	11541	0.00072
Thermomicrobiaceae	189777	F	2157	53	2210	0.00014
Roseiflexaceae	1508635	F	4942	295	5237	0.00033
Chloroflexaceae	1106	F	1839	79	1918	0.00012
Tepidiformaceae	2682227	F	5469	215	5684	0.00035
Ardenticatenaceae	1382930	F	4662	86	4748	0.00030
Ktedonosporobacteraceae	2692416	F	3359	122	3481	0.00022
Caldilineaceae	475964	F	2063	159	2222	0.00014
Anaerolineaceae	292628	F	1687	1144	2831	0.00018
Synechococcaceae	1890426	F	15048	1496	16544	0.00103
Prochlorococcaceae	2881426	F	3462	645	4107	0.00026
Nostocaceae	1162	F	2352	904	3256	0.00020
Calotrichaceae	2661849	F	1128	166	1294	0.00008
Gloeobacteraceae	1890422	F	4264	92	4356	0.00027
Leptolyngbyaceae	1890438	F	2246	177	2423	0.00015
Fimbriimonadaceae	1663426	F	2394	11	2405	0.00015
Bradyrhizobiaceae	41294	F	945225	68590	1013815	0.06320
Phyllobacteriaceae	69277	F	274185	35485	309670	0.01931
Rhizobiaceae	82115	F	189628	70405	260033	0.01621
Methylobacteriaceae	119045	F	138091	16553	154644	0.00964
Hyphomicrobiaceae	45401	F	128455	8278	136733	0.00852
Xanthobacteraceae	335928	F	127507	15102	142609	0.00889
Devosiaceae	2831106	F	51266	3473	54739	0.00341
Boseaceae	2831100	F	51211	6140	57351	0.00358
Aurantimonadaceae	255475	F	30116	4530	34646	0.00216
Methylocystaceae	31993	F	22933	20324	43257	0.00270
Phreatobacteraceae	2843305	F	17551	2200	19751	0.00123
Stappiaceae	2821832	F	17099	2950	20049	0.00125
Beijerinckiaceae	45404	F	11648	633	12281	0.00077
Parvibaculaceae	2813035	F	11053	2247	13300	0.00083
Blastochloridaceae	2831090	F	10414	1848	12262	0.00076
Chelatococcaceae	2036754	F	9198	1549	10747	0.00067
Brucellaceae	118882	F	6294	1971	8265	0.00052
Kaistiaceae	2831111	F	6058	1111	7169	0.00045
Amorphaceae	2685818	F	5890	495	6385	0.00040
Pleomorphomonadaceae	2843308	F	3755	495	4250	0.00026
Lichenihabitantaceae	2723775	F	3682	132	3814	0.00024
Breoghaniaceae	2831104	F	3516	351	3867	0.00024
Sphingomonadaceae	41297	F	314572	38976	353548	0.02204
Erythrobacteraceae	335929	F	55099	9030	64129	0.00400
Sphingosinicellaceae	2820280	F	14940	973	15913	0.00099
Azospirillaceae	2829815	F	84446	7447	91893	0.00573
Acetobacteraceae	433	F	84168	8284	92452	0.00576
Rhodospirillaceae	41295	F	59670	186404	246074	0.01534
Stellaceae	2844601	F	10028	584	10612	0.00066
Elioraeaceae	2690195	F	4597	193	4790	0.00030
Thalassospiraceae	2844866	F	3219	179	3398	0.00021
Rhodobacteraceae	31989	F	97874	11377	109251	0.00681
Roseobacteraceae	2854170	F	68559	7096	75655	0.00472
Caulobacteraceae	76892	F	120454	9547	130001	0.00810
Maricaulaceae	2800061	F	5619	474	6093	0.00038
Hyphomonadaceae	69657	F	4850	163	5013	0.00031
Parvularculaceae	255474	F	1697	95	1792	0.00011
Burkholderiaceae	119060	F	447721	145521	593242	0.03698
Comamonadaceae	80864	F	383419	103309	486728	0.03034
Oxalobacteraceae	75682	F	147746	15945	163691	0.01020
Alcaligenaceae	506	F	102504	119367	221871	0.01383
Sutterellaceae	995019	F	1909	139	2048	0.00013
Nitrosomonadaceae	206379	F	45660	1338	46998	0.00293
Usitatibacteraceae	2803844	F	23759	1599	25358	0.00158
Sterolibacteriaceae	2008793	F	9532	2119	11651	0.00073
Gallionellaceae	90627	F	5930	577	6507	0.00041
Thiobacillaceae	2008790	F	5878	1352	7230	0.00045
Sulfuricellaceae	2772226	F	5302	576	5878	0.00037
Methylophilaceae	32011	F	2029	153	2182	0.00014
Zoogloeaceae	2008794	F	32195	11021	43216	0.00269
Rhodocyclaceae	75787	F	23994	6396	30390	0.00189
Azonexaceae	2008795	F	8675	793	9468	0.00059
Chromobacteriaceae	1499392	F	31523	5157	36680	0.00229
Neisseriaceae	481	F	13591	2409	16000	0.00100
Casimicrobiaceae	2705999	F	1856	789	2645	0.00016
Xanthomonadaceae	32033	F	205082	34908	239990	0.01496
Rhodanobacteraceae	1775411	F	141818	17880	159698	0.00996
Pseudomonadaceae	135621	F	258169	75017	333186	0.02077
Marinobacteraceae	2887365	F	6196	439	6635	0.00041
Enterobacteriaceae	543	F	42472	118948	161420	0.01006
Yersiniaceae	1903411	F	17180	3744	20924	0.00130
Erwiniaceae	1903409	F	13260	2082	15342	0.00096
Pectobacteriaceae	1903410	F	8033	1069	9102	0.00057
Hafniaceae	1903412	F	2592	1071	3663	0.00023
Morganellaceae	1903414	F	1915	763	2678	0.00017
Bruguierivoracaceae	2812006	F	1501	93	1594	0.00010
Ectothiorhodospiraceae	72276	F	22517	1705	24222	0.00151
Chromatiaceae	1046	F	17515	1025	18540	0.00116
Wenzhouxiangellaceae	1676141	F	2593	2293	4886	0.00030
Thioalkalibacteraceae	2035710	F	1584	319	1903	0.00012
Thioalkalispiraceae	1096778	F	1303	407	1710	0.00011
Halothiobacillaceae	255526	F	1010	70	1080	0.00007
Halomonadaceae	28256	F	39697	4133	43830	0.00273
Alcanivoracaceae	224372	F	4152	1612	5764	0.00036
Oceanospirillaceae	135620	F	2997	286	3283	0.00020
Aeromonadaceae	84642	F	19454	14117	33571	0.00209
Methylococcaceae	403	F	16993	659	17652	0.00110
Shewanellaceae	267890	F	5254	849	6103	0.00038
Alteromonadaceae	72275	F	2302	264	2566	0.00016
Pseudoalteromonadaceae	267888	F	1594	185	1779	0.00011
Microbulbiferaceae	1706373	F	4900	248	5148	0.00032
Halieaceae	1706372	F	2086	172	2258	0.00014
Cellvibrionaceae	1706371	F	2036	61	2097	0.00013
Spongiibacteraceae	1706375	F	1022	69	1091	0.00007
Acidiferrobacteraceae	1692041	F	9235	365	9600	0.00060
Sinobacteraceae	568386	F	6319	750	7069	0.00044
Steroidobacteraceae	2689614	F	1693	385	2078	0.00013
Vibrionaceae	641	F	6419	1740	8159	0.00051
Moraxellaceae	468	F	3501	1068	4569	0.00028
Legionellaceae	444	F	2055	144	2199	0.00014
Piscirickettsiaceae	135616	F	1350	104	1454	0.00009
Immundisolibacteraceae	1934946	F	2412	368	2780	0.00017
Salinisphaeraceae	742031	F	1751	61	1812	0.00011
Pasteurellaceae	712	F	1511	2308	3819	0.00024
Cardiobacteriaceae	868	F	1118	125	1243	0.00008
Anaeromyxobacteraceae	1524215	F	52141	2776	54917	0.00342
Myxococcaceae	31	F	48391	83037	131428	0.00819
Archangiaceae	39	F	37087	1026	38113	0.00238
Vulgatibacteraceae	1524213	F	5892	316	6208	0.00039
Polyangiaceae	49	F	99573	5454	105027	0.00655
Sandaracinaceae	1055686	F	28309	1179	29488	0.00184
Labilitrichaceae	1524216	F	17549	622	18171	0.00113
Kofleriaceae	224464	F	13473	452	13925	0.00087
Geobacteraceae	213422	F	23624	1591	25215	0.00157
Desulfuromonadaceae	213421	F	6924	788	7712	0.00048
Syntrophotaleaceae	2812024	F	1316	113	1429	0.00009
Desulfovibrionaceae	194924	F	23415	1320	24735	0.00154
Desulfomicrobiaceae	213116	F	1131	71	1202	0.00007
Desulfobacteraceae	213119	F	5192	254	5446	0.00034
Desulfobulbaceae	213121	F	2380	181	2561	0.00016
Bradymonadaceae	1779135	F	6431	801	7232	0.00045
Desulfarculaceae	453228	F	1887	467	2354	0.00015
Syntrophobacteraceae	213465	F	1720	192	1912	0.00012
Syntrophaceae	213468	F	1042	190	1232	0.00008
Campylobacteraceae	72294	F	1123	187	1310	0.00008
Bdellovibrionaceae	213483	F	3091	37	3128	0.00020
Acidithiobacillaceae	225058	F	2545	208	2753	0.00017
Sphingobacteriaceae	84566	F	47399	1221	48620	0.00303
Hymenobacteraceae	1853232	F	24744	867	25611	0.00160
Cytophagaceae	89373	F	4169	159	4328	0.00027
Spirosomaceae	2896860	F	2936	127	3063	0.00019
Fulvivirgaceae	2762286	F	1056	25	1081	0.00007
Rikenellaceae	171550	F	5632	1318	6950	0.00043
Prevotellaceae	171552	F	2146	218	2364	0.00015
Bacteroidaceae	815	F	1777	522	2299	0.00014
Tannerellaceae	2005525	F	1020	247	1267	0.00008
Rhodothermaceae	563843	F	10780	434	11214	0.00070
Flavobacteriaceae	49546	F	7100	392	7492	0.00047
Weeksellaceae	2762318	F	2470	514	2984	0.00019
Chitinophagaceae	563835	F	7116	100	7216	0.00045
Chlorobiaceae	191412	F	4427	482	4909	0.00031
Gemmatimonadaceae	219687	F	106370	5278	111648	0.00696
Gemmataceae	1914233	F	61741	1522	63263	0.00394
Isosphaeraceae	1763524	F	56285	4223	60508	0.00377
Pirellulaceae	2691357	F	17351	546	17897	0.00112
Lacipirellulaceae	2691359	F	15318	554	15872	0.00099
Planctomycetaceae	126	F	33173	2647	35820	0.00223
Tepidisphaeraceae	1771355	F	7094	145	7239	0.00045
Phycisphaeraceae	666507	F	5308	260	5568	0.00035
Opitutaceae	134623	F	17293	546	17839	0.00111
Puniceicoccaceae	415002	F	1025	100	1125	0.00007
Verrucomicrobiaceae	203557	F	8913	311	9224	0.00058
Akkermansiaceae	1647988	F	1533	1572	3105	0.00019
Kiritimatiellaceae	1921783	F	1069	878	1947	0.00012
Acidobacteriaceae	204434	F	54162	1031	55193	0.00344
Bryobacteraceae	1962910	F	8805	206	9011	0.00056
Vicinamibacteraceae	2211325	F	25366	4746	30112	0.00188
Acanthopleuribacteraceae	533207	F	1951	32	1983	0.00012
Nitrospiraceae	189779	F	8039	110	8149	0.00051
Treponemataceae	2845253	F	1233	170	1403	0.00009
Spirochaetaceae	137	F	1119	33	1152	0.00007
Synergistaceae	649777	F	4018	303	4321	0.00027
Nectriaceae	110618	F	18993	970	19963	0.00124
Hypocreaceae	5129	F	5762	259	6021	0.00038
Cordycipitaceae	474943	F	5085	169	5254	0.00033
Clavicipitaceae	34397	F	4395	450	4845	0.00030
Ophiocordycipitaceae	474942	F	3265	181	3446	0.00021
Glomerellaceae	681950	F	1861	363	2224	0.00014
Chaetomiaceae	35718	F	3740	98	3838	0.00024
Pyriculariaceae	2528436	F	2387	18	2405	0.00015
Sporocadaceae	1812776	F	1124	16	1140	0.00007
Aspergillaceae	1131492	F	2978	172	3150	0.00020
Saccharomycetaceae	4893	F	1403	269	1672	0.00010
Ustilaginaceae	5268	F	4174	100	4274	0.00027
Phanerochaetaceae	396331	F	1033	8	1041	0.00006
Peronosporaceae	4777	F	7859	1205	9064	0.00057
