name	taxonomy_id	taxonomy_lvl	kraken_assigned_reads	added_reads	new_est_reads	fraction_total_reads
Bradyrhizobium sp. CCBAU 51765	1325102	S	9317	8817	18134	0.00301
Bradyrhizobium sp. CCBAU 53351	1325114	S	8324	12361	20685	0.00343
Bradyrhizobium sp. CCBAU 051011	858422	S	3483	1956	5439	0.00090
Bradyrhizobium sp. CCBAU 51753	1325100	S	3110	2088	5198	0.00086
Bradyrhizobium sp. CCGE-LA001	1223566	S	2874	2402	5276	0.00088
Bradyrhizobium sp. BTAi1	288000	S	2721	1393	4114	0.00068
Bradyrhizobium sp. 1(2017)	1404888	S	2667	2479	5146	0.00085
Bradyrhizobium sp. ORS 278	114615	S	2642	1716	4358	0.00072
Bradyrhizobium sp. ORS 285	115808	S	2610	1729	4339	0.00072
Bradyrhizobium sp. CCBAU 53340	1325112	S	2126	2581	4707	0.00078
Bradyrhizobium sp. SK17	2057741	S	2066	1914	3980	0.00066
Bradyrhizobium sp. CCBAU 53338	1325111	S	2043	2590	4633	0.00077
Bradyrhizobium sp. 6(2017)	1197460	S	2026	1427	3453	0.00057
Bradyrhizobium sp. CCBAU 53421	1325120	S	1876	1660	3536	0.00059
Bradyrhizobium sp. PSBB068	2715960	S	1767	1637	3404	0.00056
Bradyrhizobium sp.	376	S	1519	5104	6623	0.00110
Bradyrhizobium sp. WSM471	319017	S	640	2685	3325	0.00055
Bradyrhizobium sp. SG09	2599805	S	282	3943	4225	0.00070
Bradyrhizobium sp. LCT2	2493093	S	278	1379	1657	0.00027
Bradyrhizobium sp. TM102	2599819	S	258	3717	3975	0.00066
Bradyrhizobium diazoefficiens	1355477	S	10805	28019	38824	0.00644
Bradyrhizobium erythrophlei	1437360	S	8167	2353	10520	0.00174
Bradyrhizobium guangxiense	1325115	S	5393	7467	12860	0.00213
Bradyrhizobium symbiodeficiens	1404367	S	3897	4713	8610	0.00143
Bradyrhizobium icense	1274631	S	3773	1599	5372	0.00089
Bradyrhizobium paxllaeri	190148	S	3639	2207	5846	0.00097
Bradyrhizobium amphicarpaeae	1404768	S	2858	3635	6493	0.00108
Bradyrhizobium vignae	1549949	S	2808	2019	4827	0.00080
Bradyrhizobium guangdongense	1325090	S	2717	3283	6000	0.00100
Bradyrhizobium lablabi	722472	S	2708	5137	7845	0.00130
Bradyrhizobium oligotrophicum	44255	S	2707	1324	4031	0.00067
Bradyrhizobium zhanjiangense	1325107	S	2680	1919	4599	0.00076
Bradyrhizobium japonicum	375	S	2671	6963	9634	0.00160
Bradyrhizobium arachidis	858423	S	2519	2229	4748	0.00079
Bradyrhizobium genosp. L	83637	S	2478	1521	3999	0.00066
Bradyrhizobium cosmicum	1404864	S	2430	2548	4978	0.00083
Bradyrhizobium canariense	255045	S	2133	590	2723	0.00045
Bradyrhizobium guangzhouense	1325095	S	2056	2472	4528	0.00075
Bradyrhizobium genosp. B	83627	S	2018	1416	3434	0.00057
Bradyrhizobium betae	244734	S	1476	1920	3396	0.00056
Bradyrhizobium ottawaense	931866	S	470	5412	5882	0.00098
Bosea sp. Tri-49	1867715	S	2710	1336	4046	0.00067
Bosea sp. F3-2	2599640	S	2328	1413	3741	0.00062
Bosea sp. RAC05	1842539	S	2300	1244	3544	0.00059
Bosea sp. AS-1	2015316	S	2210	1319	3529	0.00059
Bosea sp. ANAM02	2020412	S	1956	1225	3181	0.00053
Bosea sp. PAMC 26642	1792307	S	1520	757	2277	0.00038
Bosea vaviloviae	1526658	S	2092	1072	3164	0.00052
Rhodopseudomonas palustris	1076	S	15358	12470	27828	0.00462
Tardiphaga robiniae	943830	S	1849	736	2585	0.00043
Afipia carboxidovorans	40137	S	2149	376	2525	0.00042
Afipia sp. GAS231	1882747	S	1553	1938	3491	0.00058
Nitrobacter hamburgensis	912	S	1866	736	2602	0.00043
Nitrobacter winogradskyi	913	S	1415	680	2095	0.00035
Variibacter gotjawalensis	1333996	S	3240	744	3984	0.00066
Rhizobium sp. 11515TR	2028343	S	1487	659	2146	0.00036
Rhizobium sp. BG4	2613770	S	1266	527	1793	0.00030
Rhizobium sp. NXC24	2048897	S	829	336	1165	0.00019
Rhizobium sp. ACO-34A	1571470	S	772	352	1124	0.00019
Rhizobium sp. WL3	2603277	S	759	327	1086	0.00018
Rhizobium sp. NZLR1	2731096	S	523	555	1078	0.00018
Rhizobium sp. CIAT894	2020312	S	509	628	1137	0.00019
Rhizobium sp. NXC14	1981173	S	494	697	1191	0.00020
Rhizobium sp. ADMK78	1813451	S	492	150	642	0.00011
Rhizobium sp. NLR16a	2731112	S	466	780	1246	0.00021
Rhizobium sp. Khangiran2	1435607	S	432	927	1359	0.00023
Rhizobium sp. 007	2785056	S	218	415	633	0.00011
Rhizobium sp. TCK	136098	S	179	995	1174	0.00019
Rhizobium sp. IE4771	1301032	S	161	721	882	0.00015
Rhizobium sp. Kim5	2020311	S	147	810	957	0.00016
Rhizobium leguminosarum	384	S	4685	11768	16453	0.00273
Rhizobium etli	29449	S	1421	3534	4955	0.00082
Rhizobium pseudoryzae	379684	S	1245	513	1758	0.00029
Rhizobium jaguaris	1312183	S	1006	316	1322	0.00022
Rhizobium favelukesii	348824	S	986	347	1333	0.00022
Rhizobium tropici	398	S	856	538	1394	0.00023
Rhizobium phaseoli	396	S	732	2707	3439	0.00057
Rhizobium bangladeshense	1138189	S	680	476	1156	0.00019
Rhizobium lusitanum	293958	S	668	306	974	0.00016
Rhizobium gallicum	56730	S	631	1379	2010	0.00033
Rhizobium lentis	1138194	S	602	497	1099	0.00018
Rhizobium rhizoryzae	451876	S	591	126	717	0.00012
Rhizobium rosettiformans	1368430	S	566	414	980	0.00016
Rhizobium daejeonense	240521	S	545	342	887	0.00015
Rhizobium flavum	1335061	S	518	773	1291	0.00021
Rhizobium binae	1138190	S	468	455	923	0.00015
Rhizobium oryzihabitans	2267833	S	356	402	758	0.00013
Rhizobium indicum	2583231	S	313	572	885	0.00015
Rhizobium acidisoli	1538158	S	309	420	729	0.00012
Rhizobium pusense	648995	S	245	1540	1785	0.00030
Rhizobium hidalgonense	1538159	S	125	444	569	0.00009
Agrobacterium tumefaciens	358	S	2688	4438	7126	0.00118
Agrobacterium fabrum	1176649	S	267	710	977	0.00016
Agrobacterium vitis	373	S	1140	306	1446	0.00024
Agrobacterium sp. T29	2580515	S	246	388	634	0.00011
Agrobacterium sp. MA01	2664893	S	172	504	676	0.00011
Agrobacterium sp. RAC06	1842536	S	153	482	635	0.00011
Agrobacterium rhizogenes	359	S	553	1099	1652	0.00027
Agrobacterium rubi	28099	S	445	173	618	0.00010
Agrobacterium larrymoorei	160699	S	399	111	510	0.00008
Neorhizobium galegae	399	S	5342	1802	7144	0.00119
Neorhizobium sp. SOG26	2060726	S	1602	652	2254	0.00037
Neorhizobium sp. NCHU2750	1825976	S	1235	564	1799	0.00030
Pseudorhizobium banfieldiae	1125847	S	180	891	1071	0.00018
Sinorhizobium meliloti	382	S	6081	3452	9533	0.00158
Sinorhizobium fredii	380	S	4750	11167	15917	0.00264
Sinorhizobium sp. RAC02	1842534	S	1210	613	1823	0.00030
Sinorhizobium sp. BG8	2613773	S	1001	320	1321	0.00022
Sinorhizobium sp. CCBAU 05631	794846	S	184	518	702	0.00012
Sinorhizobium americanum	194963	S	1211	1022	2233	0.00037
Sinorhizobium medicae	110321	S	1176	423	1599	0.00027
Ensifer adhaerens	106592	S	2354	2039	4393	0.00073
Ensifer mexicanus	375549	S	1787	625	2412	0.00040
Ensifer alkalisoli	1752398	S	1239	656	1895	0.00031
Ensifer sojae	716925	S	1066	782	1848	0.00031
Ensifer sp. PDNC004	2811423	S	1042	758	1800	0.00030
Shinella sp. HZN7	879274	S	2220	1930	4150	0.00069
Shinella sp. PSBB067	2715959	S	1678	1679	3357	0.00056
Kaistia sp. 32K	2795690	S	2916	1307	4223	0.00070
Ciceribacter thiooxidans	1969821	S	1187	476	1663	0.00028
Georhizobium profundi	2341112	S	1094	417	1511	0.00025
Mesorhizobium sp. J8	2777475	S	3683	2839	6522	0.00108
Mesorhizobium sp. N3	675281	S	2904	1376	4280	0.00071
Mesorhizobium sp. 8	2584466	S	2557	1469	4026	0.00067
Mesorhizobium sp. Pch-S	2082387	S	1865	633	2498	0.00041
Mesorhizobium sp. M1B.F.Ca.ET.045.04.1.1	2493673	S	1460	1278	2738	0.00045
Mesorhizobium sp. DCY119	2108445	S	1337	704	2041	0.00034
Mesorhizobium sp. M3A.F.Ca.ET.080.04.2.1	2493676	S	1307	940	2247	0.00037
Mesorhizobium sp. M1A.F.Ca.IN.022.06.1.1	2493680	S	1296	1070	2366	0.00039
Mesorhizobium sp. M1D.F.Ca.ET.043.01.1.1	2493669	S	1229	1419	2648	0.00044
Mesorhizobium sp. 131-2-1	2744518	S	1189	1242	2431	0.00040
Mesorhizobium sp. M1E.F.Ca.ET.045.02.1.1	2493672	S	1185	1243	2428	0.00040
Mesorhizobium sp. M4B.F.Ca.ET.058.02.1.1	2493675	S	1057	1041	2098	0.00035
Mesorhizobium sp. M2A.F.Ca.ET.043.05.1.1	2493671	S	1027	1801	2828	0.00047
Mesorhizobium sp. INR15	2654248	S	977	413	1390	0.00023
Mesorhizobium sp. M9A.F.Ca.ET.002.03.1.2	2493668	S	905	923	1828	0.00030
Mesorhizobium sp. M6A.T.Cr.TU.016.01.1.1	2493677	S	858	760	1618	0.00027
Mesorhizobium sp. L-2-11	2744521	S	840	700	1540	0.00026
Mesorhizobium sp. M8A.F.Ca.ET.057.01.1.1	2493679	S	829	711	1540	0.00026
Mesorhizobium sp. M7D.F.Ca.US.005.01.1.1	2493678	S	724	648	1372	0.00023
Mesorhizobium sp. NZP2077	2483404	S	665	562	1227	0.00020
Mesorhizobium sp. 113-3-3	2744516	S	656	763	1419	0.00024
Mesorhizobium sp. M7A.F.Ce.TU.012.03.2.1	2493681	S	625	659	1284	0.00021
Mesorhizobium sp. M2A.F.Ca.ET.046.03.2.1	2493674	S	570	2373	2943	0.00049
Mesorhizobium sp. M2A.F.Ca.ET.043.02.1.1	2493670	S	539	2261	2800	0.00046
Mesorhizobium sp. L-8-10	2744523	S	538	2413	2951	0.00049
Mesorhizobium sp. NBSH29	2654249	S	484	112	596	0.00010
Mesorhizobium sp. 113-3-9	2744517	S	462	767	1229	0.00020
Mesorhizobium sp. NZP2298	2483403	S	459	659	1118	0.00019
Mesorhizobium sp. L-8-3	2744522	S	439	2031	2470	0.00041
Mesorhizobium sp. AA22	1854057	S	418	664	1082	0.00018
Mesorhizobium sp. 113-1-2	2744515	S	149	763	912	0.00015
Mesorhizobium oceanicum	1670800	S	1960	900	2860	0.00047
Mesorhizobium amorphae	71433	S	1062	619	1681	0.00028
Mesorhizobium loti	381	S	1015	9530	10545	0.00175
Mesorhizobium opportunistum	593909	S	920	782	1702	0.00028
Mesorhizobium australicum	536018	S	792	664	1456	0.00024
Mesorhizobium erdmanii	1777866	S	687	594	1281	0.00021
Mesorhizobium ciceri	39645	S	665	4363	5028	0.00083
Mesorhizobium huakuii	28104	S	642	911	1553	0.00026
Mesorhizobium japonicum	2066070	S	587	1186	1773	0.00029
Aminobacter sp. MSH1	374606	S	1351	1048	2399	0.00040
Aminobacter sp. SR38	2774562	S	275	1248	1523	0.00025
Aminobacter sp. MDW-2	2666139	S	144	1161	1305	0.00022
Aminobacter aminovorans	83263	S	174	788	962	0.00016
Nitratireductor sp. SY7	2599600	S	1842	885	2727	0.00045
Nitratireductor sp. OM-1	1756988	S	907	290	1197	0.00020
Roseitalea porphyridii	1852022	S	1598	742	2340	0.00039
Chelativorans sp. BNC1	266779	S	1345	396	1741	0.00029
Hoeflea sp. IMCC20628	1620421	S	681	178	859	0.00014
Hoeflea phototrophica	244596	S	614	186	800	0.00013
Oricola thermophila	2742145	S	1104	387	1491	0.00025
Phyllobacterium zundukense	1867719	S	654	182	836	0.00014
Phyllobacterium sp. 628	2718938	S	344	63	407	0.00007
Salaquimonas pukyongi	2712698	S	478	88	566	0.00009
Rhodoplanes sp. Z2-YC6860	674703	S	29461	7223	36684	0.00608
Devosia sp. A16	1736675	S	4153	1338	5491	0.00091
Devosia sp. G19	2801335	S	1104	536	1640	0.00027
Devosia sp. S02	2657486	S	1095	506	1601	0.00027
Devosia sp. LEGU1	2774137	S	961	332	1293	0.00021
Devosia sp. 1566	2499144	S	896	251	1147	0.00019
Devosia sp. I507	2083786	S	784	279	1063	0.00018
Devosia sp. D6-9	2664417	S	580	1482	2062	0.00034
Devosia sp. MC521	2759954	S	390	80	470	0.00008
Devosia ginsengisoli	400770	S	1336	562	1898	0.00031
Hyphomicrobium denitrificans	53399	S	2404	469	2873	0.00048
Hyphomicrobium sp. MC1	717785	S	1940	331	2271	0.00038
Hyphomicrobium nitrativorans	1427356	S	1803	349	2152	0.00036
Blastochloris tepida	2233851	S	2515	1564	4079	0.00068
Blastochloris viridis	1079	S	2076	1260	3336	0.00055
Methyloceanibacter caenitepidi	1384459	S	1019	348	1367	0.00023
Methyloceanibacter sp. wino2	2170729	S	1000	370	1370	0.00023
Aquabacter sp. L1I39	2820278	S	1725	662	2387	0.00040
Youhaiella tibetensis	1447062	S	1667	610	2277	0.00038
Methyloligella sp. GL2	2742204	S	1462	400	1862	0.00031
Rhodomicrobium vannielii	1069	S	1223	225	1448	0.00024
Pelagibacterium halotolerans	531813	S	862	193	1055	0.00018
Paradevosia shaoguanensis	1335043	S	661	1770	2431	0.00040
Caenibius tardaugens	169176	S	588	461	1049	0.00017
Candidatus Filomicrobium marinum	1608628	S	527	34	561	0.00009
Maritalea myrionectae	454601	S	169	10	179	0.00003
Methylobacterium sp. 4-46	426117	S	3002	1386	4388	0.00073
Methylobacterium sp. 17Sr1-43	2202828	S	1885	960	2845	0.00047
Methylobacterium sp. WL1	2603276	S	1321	726	2047	0.00034
Methylobacterium sp. 17Sr1-1	2202826	S	1308	1523	2831	0.00047
Methylobacterium sp. AMS5	925818	S	559	710	1269	0.00021
Methylobacterium sp. DM1	2067957	S	428	1483	1911	0.00032
Methylobacterium sp. C1	1479019	S	236	1928	2164	0.00036
Methylobacterium sp. XJLW	739141	S	100	1552	1652	0.00027
Methylobacterium nodulans	114616	S	2801	920	3721	0.00062
Methylobacterium aquaticum	270351	S	2686	2662	5348	0.00089
Methylobacterium durans	2202825	S	2001	703	2704	0.00045
Methylobacterium mesophilicum	39956	S	1416	739	2155	0.00036
Methylobacterium terrae	2202827	S	1393	1565	2958	0.00049
Methylobacterium currus	2051553	S	1371	1407	2778	0.00046
Methylobacterium brachiatum	269660	S	1343	1010	2353	0.00039
Methylobacterium indicum	1775910	S	1077	1271	2348	0.00039
Methylobacterium radiotolerans	31998	S	321	1475	1796	0.00030
Methylobacterium phyllosphaerae	418223	S	203	1321	1524	0.00025
Microvirga sp. VF16	2807101	S	5073	1658	6731	0.00112
Microvirga sp. 17 mud 1-3	2082949	S	2873	1390	4263	0.00071
Microvirga ossetica	1882682	S	4571	1626	6197	0.00103
Microvirga thermotolerans	2651334	S	2894	1750	4644	0.00077
Methylorubrum populi	223967	S	2519	2375	4894	0.00081
Methylorubrum extorquens	408	S	1629	5852	7481	0.00124
Pseudolabrys sp. FHR47	2562284	S	19402	8162	27564	0.00457
Pseudolabrys taiwanensis	331696	S	11560	4299	15859	0.00263
Starkeya sp. ORNL1	2709380	S	3010	1247	4257	0.00071
Starkeya novella	921	S	2722	92152	94874	0.01574
Ancylobacter sp. TS-1	1850374	S	1896	1186	3082	0.00051
Ancylobacter pratisalsi	1745854	S	1504	590	2094	0.00035
Xanthobacter sp. YN2	2528964	S	2873	1131	4004	0.00066
Labrys sp. KNU-23	2789216	S	2299	680	2979	0.00049
Azorhizobium caulinodans	7	S	2076	870	2946	0.00049
Pseudorhodoplanes sinuspersici	1235591	S	4616	1045	5661	0.00094
Nordella sp. HKS 07	2712222	S	4135	836	4971	0.00082
Hartmannibacter diazotrophicus	1482074	S	1846	700	2546	0.00042
Aureimonas sp. AU20	1349819	S	1631	598	2229	0.00037
Aureimonas sp. LMG 31693	2758041	S	1396	662	2058	0.00034
Aureimonas sp. OT7	2816454	S	1145	751	1896	0.00031
Aureimonas populi	1701758	S	1419	709	2128	0.00035
Martelella sp. AD-3	686597	S	465	1519	1984	0.00033
Martelella mediterranea	293089	S	877	586	1463	0.00024
Martelella endophytica	1486262	S	789	363	1152	0.00019
Martelella lutilitoris	2583532	S	477	637	1114	0.00018
Methylocystis parvus	134	S	1267	339	1606	0.00027
Methylocystis rosea	173366	S	1228	597	1825	0.00030
Methylocystis bryophila	655015	S	1224	269	1493	0.00025
Methylocystis heyeri	391905	S	1154	270	1424	0.00024
Methylocystis sp. SC2	187303	S	768	591	1359	0.00023
Methylosinus trichosporium	426	S	1779	635	2414	0.00040
Methylosinus sp. C49	2699395	S	1343	465	1808	0.00030
Stappia indica	538381	S	2310	1193	3503	0.00058
Stappia sp. ES.058	1881061	S	1137	358	1495	0.00025
Labrenzia sp. VG12	2021862	S	703	573	1276	0.00021
Labrenzia sp. PHM005	2590016	S	326	168	494	0.00008
Labrenzia sp. THAF82	2587861	S	283	117	400	0.00007
Labrenzia alexandrii	388408	S	326	399	725	0.00012
Pannonibacter phragmitetus	121719	S	1739	1515	3254	0.00054
Pseudovibrio sp. FO-BEG1	911045	S	188	14	202	0.00003
Chelatococcus sp. CO-6	1702325	S	2404	2465	4869	0.00081
Chelatococcus daeguensis	444444	S	1323	1456	2779	0.00046
Methylocella silvestris	199596	S	1201	331	1532	0.00025
Methylocella tundrae	227605	S	1090	247	1337	0.00022
Methylovirgula ligni	569860	S	1127	334	1461	0.00024
Beijerinckia indica	533	S	534	77	611	0.00010
Parvibaculum lavamentivorans	256618	S	1471	637	2108	0.00035
Pyruvatibacter mobilis	1712261	S	993	276	1269	0.00021
Candidatus Phaeomarinobacter ectocarpi	1458461	S	455	56	511	0.00008
Brucella intermedia	94625	S	505	587	1092	0.00018
[Ochrobactrum] quorumnocens	271865	S	219	197	416	0.00007
Brucella anthropi	529	S	173	905	1078	0.00018
Breoghania sp. L-A4	2304600	S	1781	634	2415	0.00040
Cohaesibacter sp. ES.047	1798205	S	371	40	411	0.00007
Lichenihabitans psoromatis	2528642	S	1208	253	1461	0.00024
Bartonella apis	1686310	S	130	52	182	0.00003
Sphingomonas sp. sand1-3	2764186	S	6315	2641	8956	0.00149
Sphingomonas sp. HDW15C	2714944	S	5628	2449	8077	0.00134
Sphingomonas sp. HDW15B	2714943	S	3996	1131	5127	0.00085
Sphingomonas sp. HDW15A	2714942	S	3195	848	4043	0.00067
Sphingomonas sp. Cra20	1327635	S	3048	1398	4446	0.00074
Sphingomonas sp. LMO-1	2681549	S	2986	1358	4344	0.00072
Sphingomonas sp. LM7	1938607	S	2756	1664	4420	0.00073
Sphingomonas sp. CL5.1	2653203	S	2592	1647	4239	0.00070
Sphingomonas sp. MM-1	745310	S	2572	4303	6875	0.00114
Sphingomonas sp. C33	2698679	S	2563	1344	3907	0.00065
Sphingomonas sp. AP4-R1	2735134	S	2041	699	2740	0.00045
Sphingomonas sp. AAP5	1523415	S	1987	1186	3173	0.00053
Sphingomonas sp. NBWT7	2596913	S	1966	1290	3256	0.00054
Sphingomonas sp. XS-10	2599297	S	1863	822	2685	0.00045
Sphingomonas sp. C8-2	2492837	S	1846	4265	6111	0.00101
Sphingomonas sp. FARSPH	2219696	S	1758	1883	3641	0.00060
Sphingomonas sp. MK52	2711156	S	1746	681	2427	0.00040
Sphingomonas sp. PAMC26645	2565555	S	1383	1075	2458	0.00041
Sphingomonas sp. DH-S5	2759526	S	1318	481	1799	0.00030
Sphingomonas sp. HMP9	1517554	S	1294	1179	2473	0.00041
Sphingomonas sp. KC8	1030157	S	1206	648	1854	0.00031
Sphingomonas sp. HMP6	1517551	S	1165	578	1743	0.00029
Sphingomonas sp. LK11	1390395	S	1145	961	2106	0.00035
Sphingomonas sp. NIC1	1961362	S	720	3107	3827	0.00063
Sphingomonas sp. YZ-8	2319844	S	557	64	621	0.00010
Sphingomonas sp. IC081	304378	S	265	1707	1972	0.00033
Sphingomonas sediminicola	386874	S	8759	2505	11264	0.00187
Sphingomonas lutea	1045317	S	8057	3111	11168	0.00185
Sphingomonas daechungensis	1176646	S	7921	2251	10172	0.00169
Sphingomonas ginsengisoli An et al. 2013	363835	S	5630	2331	7961	0.00132
Sphingomonas rhizophila	2071607	S	4155	1896	6051	0.00100
Sphingomonas alpina	653931	S	3251	998	4249	0.00070
Sphingomonas xanthus	2594473	S	3179	1188	4367	0.00072
Sphingomonas sanxanigenens	397260	S	2907	2243	5150	0.00085
Sphingomonas wittichii	160791	S	2694	7019	9713	0.00161
Sphingomonas hengshuiensis	1609977	S	2659	1098	3757	0.00062
Sphingomonas koreensis	93064	S	2333	2583	4916	0.00082
Sphingomonas taxi	1549858	S	2157	1651	3808	0.00063
Sphingomonas panacisoli	1813879	S	1919	826	2745	0.00046
Sphingomonas panacis	1560345	S	1908	747	2655	0.00044
Sphingomonas paucimobilis	13689	S	1336	1306	2642	0.00044
Sphingomonas insulae	424800	S	1296	838	2134	0.00035
Sphingomonas melonis	152682	S	807	3872	4679	0.00078
Sphingomonas lacunae	2698828	S	656	156	812	0.00013
Sphingobium sp. Cam5-1	2789327	S	2336	1344	3680	0.00061
Sphingobium sp. SYK-6	627192	S	1825	970	2795	0.00046
Sphingobium sp. EP60837	1855519	S	986	425	1411	0.00023
Sphingobium sp. TKS	1315974	S	905	1211	2116	0.00035
Sphingobium sp. SCG-1	2072936	S	880	167	1047	0.00017
Sphingobium sp. CAP-1	2676077	S	856	1002	1858	0.00031
Sphingobium sp. YG1	2082188	S	829	536	1365	0.00023
Sphingobium sp. RAC03	1843368	S	746	325	1071	0.00018
Sphingobium sp. KCTC 72723	2733867	S	599	201	800	0.00013
Sphingobium sp. MI1205	407020	S	593	1022	1615	0.00027
Sphingobium sp. PAMC28499	2565554	S	219	815	1034	0.00017
Sphingobium sp. YBL2	484429	S	172	1315	1487	0.00025
Sphingobium sp. RSMS	520734	S	125	945	1070	0.00018
Sphingobium yanoikuyae	13690	S	1595	3940	5535	0.00092
Sphingobium cloacae	120107	S	1005	1906	2911	0.00048
Sphingobium amiense	135719	S	960	1749	2709	0.00045
Sphingobium chlorophenolicum	46429	S	776	629	1405	0.00023
Sphingobium hydrophobicum	1673076	S	771	1014	1785	0.00030
Sphingobium baderi	1332080	S	749	976	1725	0.00029
Sphingobium japonicum	332056	S	732	835	1567	0.00026
Sphingobium herbicidovorans	76947	S	703	626	1329	0.00022
Sphingobium barthaii	1054037	S	197	889	1086	0.00018
Sphingobium fuliginis	336203	S	139	774	913	0.00015
Sphingopyxis sp. QXT-31	1357916	S	1395	925	2320	0.00038
Sphingopyxis sp. OPL5	2486273	S	1304	673	1977	0.00033
Sphingopyxis sp. PAMC25046	2565556	S	1303	1075	2378	0.00039
Sphingopyxis sp. 113P3	292913	S	1145	702	1847	0.00031
Sphingopyxis sp. FD7	1914525	S	975	888	1863	0.00031
Sphingopyxis sp. EG6	1874061	S	916	789	1705	0.00028
Sphingopyxis macrogoltabida	33050	S	2134	1627	3761	0.00062
Sphingopyxis lindanitolerans	2054227	S	1173	817	1990	0.00033
Sphingopyxis terrae	33052	S	1059	812	1871	0.00031
Sphingopyxis fribergensis	1515612	S	1008	696	1704	0.00028
Sphingopyxis alaskensis	117207	S	888	647	1535	0.00025
Sphingopyxis granuli	267128	S	639	4128	4767	0.00079
Novosphingobium sp. Gsoil 351	2675225	S	2039	604	2643	0.00044
Novosphingobium sp. ABRDHK2	2571749	S	1704	1195	2899	0.00048
Novosphingobium sp. P6W	1609758	S	1319	332	1651	0.00027
Novosphingobium sp. ES2-1	2780074	S	1150	749	1899	0.00032
Novosphingobium sp. THN1	1016987	S	991	568	1559	0.00026
Novosphingobium sp. PP1Y	702113	S	550	345	895	0.00015
Novosphingobium sp. KA1	164608	S	342	1853	2195	0.00036
Novosphingobium aromaticivorans	48935	S	2138	12183	14321	0.00238
Novosphingobium resinovorum	158500	S	1722	1126	2848	0.00047
Novosphingobium ginsenosidimutans	1176536	S	1067	387	1454	0.00024
Novosphingobium pentaromativorans	205844	S	550	800	1350	0.00022
Allosphingosinicella indica	941907	S	4125	1816	5941	0.00099
Sphingosinithalassobacter sp. CS137	2762748	S	2286	1184	3470	0.00058
Sphingosinithalassobacter sp. zrk23	2711215	S	1517	896	2413	0.00040
Sphingorhabdus sp. YGSMI21	2077182	S	601	172	773	0.00013
Sphingorhabdus sp. SMR4y	2584094	S	528	157	685	0.00011
Sphingorhabdus sp. M41	1806885	S	444	115	559	0.00009
Sphingorhabdus sp. JK6	2725558	S	173	15	188	0.00003
Sphingorhabdus lacus	392610	S	362	45	407	0.00007
Parasphingopyxis algicola	2026624	S	1734	446	2180	0.00036
Parasphingopyxis sp. CP4	2724527	S	481	67	548	0.00009
Rhizorhabdus dicambivorans	1850238	S	2138	2763	4901	0.00081
Blastomonas sp. RAC04	1842535	S	420	788	1208	0.00020
Blastomonas fulva	1550728	S	336	877	1213	0.00020
Tardibacter chloracetimidivorans	1921510	S	1356	1362	2718	0.00045
Citromicrobium sp. JL477	1634516	S	1111	944	2055	0.00034
Novosphingopyxis sp. PB63	2762729	S	911	710	1621	0.00027
Parasphingorhabdus sp. JHSY0214	2806553	S	195	13	208	0.00003
Zymomonas mobilis	542	S	119	37	156	0.00003
Erythrobacter sp. HL-111	1798193	S	1403	1059	2462	0.00041
Erythrobacter sp. HKB08	2502843	S	1236	843	2079	0.00034
Erythrobacter sp. 6D36	2782568	S	952	537	1489	0.00025
Erythrobacter sp. THAF29	2587851	S	614	291	905	0.00015
Erythrobacter sp. KY5	2011159	S	493	148	641	0.00011
Erythrobacter sp. A30-3	2785907	S	486	536	1022	0.00017
Erythrobacter litoralis	39960	S	1934	1928	3862	0.00064
Erythrobacter neustonensis	1112	S	844	554	1398	0.00023
Erythrobacter mangrovi	2739433	S	818	495	1313	0.00022
Erythrobacter aureus	2182384	S	784	316	1100	0.00018
Porphyrobacter sp. CACIAM 03H1	2003315	S	1408	1139	2547	0.00042
Porphyrobacter sp. YT40	2547601	S	1045	1385	2430	0.00040
Porphyrobacter sp. LM 6	1896196	S	715	557	1272	0.00021
Porphyrobacter sp. HT-58-2	2023229	S	606	399	1005	0.00017
Altererythrobacter sp. B11	2060312	S	2078	1525	3603	0.00060
Altererythrobacter sp. TH136	2067415	S	1377	752	2129	0.00035
Altererythrobacter sp. BO-6	2604537	S	886	454	1340	0.00022
Altererythrobacter sp. ZODW24	2185142	S	339	62	401	0.00007
Altererythrobacter atlanticus	1267766	S	1045	701	1746	0.00029
Altererythrobacter epoxidivorans	361183	S	629	388	1017	0.00017
Altererythrobacter ishigakiensis	476157	S	252	50	302	0.00005
Tsuneonella amylolytica	2338327	S	1633	1208	2841	0.00047
Tsuneonella dongtanensis	692370	S	1625	916	2541	0.00042
Tsuneonella mangrovi	1982042	S	1433	720	2153	0.00036
Tsuneonella flava	2055955	S	495	365	860	0.00014
Croceicoccus marinus	450378	S	1593	1464	3057	0.00051
Croceicoccus sp. YJ47	2798724	S	995	762	1757	0.00029
Croceicoccus naphthovorans	1348774	S	770	1530	2300	0.00038
Qipengyuania sediminis	1532023	S	1322	630	1952	0.00032
Qipengyuania flava	192812	S	1291	1479	2770	0.00046
Qipengyuania seohaensis	266951	S	629	366	995	0.00017
Aurantiacibacter gangjinensis	502682	S	762	277	1039	0.00017
Aurantiacibacter atlanticus	1648404	S	345	234	579	0.00010
Pelagerythrobacter marensis	543877	S	995	498	1493	0.00025
Paraurantiacibacter namhicola	645517	S	936	454	1390	0.00023
Sphingosinicella sp. BN140058	1892855	S	4680	1306	5986	0.00099
Sphingosinicella sp. UDD2	2771430	S	2302	1235	3537	0.00059
Sphingosinicella microcystinivorans	335406	S	1713	603	2316	0.00038
Sandaracinobacter sp. M6	2759707	S	1374	463	1837	0.00030
Azospirillum brasilense	192	S	3466	5242	8708	0.00144
Azospirillum thermophilum	2202148	S	3324	1841	5165	0.00086
Azospirillum sp. TSH100	652764	S	1140	1071	2211	0.00037
Azospirillum sp. TSA2s	709810	S	967	1303	2270	0.00038
Azospirillum sp. TSH58	664962	S	840	1695	2535	0.00042
Azospirillum lipoferum	193	S	2236	2203	4439	0.00074
Azospirillum thiophilum	528244	S	1694	1319	3013	0.00050
Azospirillum ramasamyi	682998	S	1027	1147	2174	0.00036
Azospirillum humicireducens	1226968	S	833	938	1771	0.00029
Azospirillum oryzae	286727	S	780	1152	1932	0.00032
Azospirillum baldaniorum	1064539	S	513	1310	1823	0.00030
Hypericibacter adhaerens	2602016	S	7025	3583	10608	0.00176
Hypericibacter terrae	2602015	S	5308	2324	7632	0.00127
Magnetospirillum sp. XM-1	1663591	S	1219	916	2135	0.00035
Magnetospirillum sp. ME-1	1639348	S	923	733	1656	0.00027
Magnetospirillum gryphiswaldense	55518	S	1491	10968	12459	0.00207
Magnetospirillum magneticum	84159	S	1227	540	1767	0.00029
Skermanella sp. TT6	2775420	S	2769	2478	5247	0.00087
Skermanella pratensis	2233999	S	2094	1757	3851	0.00064
Ferrovibrio terrae	2594003	S	5344	1555	6899	0.00114
Rhodospirillum centenum	34018	S	2502	1388	3890	0.00065
Rhodospirillum rubrum	1085	S	1305	82	1387	0.00023
Tistrella mobilis	171437	S	2682	971	3653	0.00061
Nitrospirillum amazonense	28077	S	2485	799	3284	0.00054
Indioceanicola profundi	2220096	S	2005	657	2662	0.00044
Defluviicoccus vanus	111831	S	1267	303	1570	0.00026
Thalassospira marina	2048283	S	254	33	287	0.00005
Thalassospira sp. A40-3	2785908	S	142	229	371	0.00006
Thalassospira indica	1891279	S	136	221	357	0.00006
Niveispirillum cyanobacteriorum	1612173	S	1070	303	1373	0.00023
Pararhodospirillum photometricum	1084	S	890	246	1136	0.00019
Magnetospira sp. QH-2	1288970	S	627	77	704	0.00012
Haematospirillum jordaniae	1549855	S	120	11	131	0.00002
Roseomonas sp. 546	2768162	S	2168	832	3000	0.00050
Roseomonas sp. 1318	2768161	S	2036	703	2739	0.00045
Roseomonas sp. FDAARGOS_362	2018065	S	205	1290	1495	0.00025
Roseomonas gilardii	257708	S	1280	1076	2356	0.00039
Roseomonas mucosa	207340	S	190	1558	1748	0.00029
Stella humosa	94	S	5711	2002	7713	0.00128
Komagataeibacter xylinus	28448	S	663	1460	2123	0.00035
Komagataeibacter saccharivorans	265959	S	303	152	455	0.00008
Komagataeibacter hansenii	436	S	281	146	427	0.00007
Komagataeibacter nataicola	265960	S	225	187	412	0.00007
Komagataeibacter medellinensis	1177712	S	186	204	390	0.00006
Komagataeibacter europaeus	33995	S	162	139	301	0.00005
Komagataeibacter oboediens	65958	S	154	74	228	0.00004
Roseococcus sp. NIBR12	2771361	S	2263	686	2949	0.00049
Acidiphilium multivorum	62140	S	268	1147	1415	0.00023
Acidiphilium cryptum	524	S	195	847	1042	0.00017
Lichenicola cladoniae	1484109	S	1518	234	1752	0.00029
Acetobacter aceti	435	S	618	419	1037	0.00017
Acetobacter sp. KACC 21233	2592655	S	151	78	229	0.00004
Acetobacter persici	1076596	S	127	50	177	0.00003
Acetobacter ghanensis	431306	S	107	68	175	0.00003
Acidibrevibacterium fodinaquatile	1969806	S	1395	334	1729	0.00029
Gluconacetobacter diazotrophicus	33996	S	975	424	1399	0.00023
Gluconobacter oxydans	442	S	400	468	868	0.00014
Gluconobacter albidus	318683	S	158	43	201	0.00003
Gluconobacter sphaericus	574987	S	142	57	199	0.00003
Granulibacter bethesdensis	364410	S	710	151	861	0.00014
Neoasaia chiangmaiensis	320497	S	428	119	547	0.00009
Kozakia baliensis	153496	S	321	134	455	0.00008
Oecophyllibacter saccharovorans	2558360	S	228	46	274	0.00005
Asaia bogorensis	91915	S	199	32	231	0.00004
Parasaccharibacter apium	1510841	S	132	15	147	0.00002
Swingsia sp. F3b2	2558361	S	102	7	109	0.00002
Paracoccus sp. MC1862	2760307	S	741	267	1008	0.00017
Paracoccus sp. Arc7-R13	2500532	S	645	292	937	0.00016
Paracoccus sp. AK26	2589076	S	617	228	845	0.00014
Paracoccus sp. H4-D09	2812658	S	436	176	612	0.00010
Paracoccus sp. BM15	1529068	S	408	96	504	0.00008
Paracoccus sanguinis	1545044	S	1189	702	1891	0.00031
Paracoccus pantotrophus	82367	S	877	745	1622	0.00027
Paracoccus yeei	147645	S	864	1541	2405	0.00040
Paracoccus liaowanqingii	2560053	S	782	236	1018	0.00017
Paracoccus aminovorans	34004	S	740	470	1210	0.00020
Paracoccus zhejiangensis	1077935	S	731	340	1071	0.00018
Paracoccus denitrificans	266	S	719	577	1296	0.00021
Paracoccus suum	2259340	S	643	275	918	0.00015
Paracoccus contaminans	1945662	S	627	331	958	0.00016
Paracoccus jeotgali	2065379	S	602	256	858	0.00014
Paracoccus aminophilus	34003	S	571	133	704	0.00012
Paracoccus kondratievae	135740	S	349	135	484	0.00008
Rhodobacter sp. CZR27	2033869	S	1100	555	1655	0.00027
Rhodobacter sp. LPB0142	1850250	S	896	627	1523	0.00025
Rhodobacter capsulatus	1061	S	1044	575	1619	0.00027
Rhodobacter blasticus	1075	S	540	190	730	0.00012
Cereibacter sphaeroides	1063	S	3476	1947	5423	0.00090
Sulfitobacter sp. AM1-D1	1917485	S	590	525	1115	0.00018
Sulfitobacter sp. THAF37	2587855	S	505	382	887	0.00015
Sulfitobacter sp. D7	1968541	S	278	145	423	0.00007
Sulfitobacter sp. SK011	1389004	S	182	22	204	0.00003
Sulfitobacter sp. JL08	2070369	S	169	23	192	0.00003
Sulfitobacter sp. BSw21498	664426	S	130	71	201	0.00003
Sulfitobacter sp. SK012	1389005	S	110	9	119	0.00002
Sulfitobacter pseudonitzschiae	1402135	S	569	283	852	0.00014
Sulfitobacter mediterraneus	83219	S	302	84	386	0.00006
Roseovarius sp. THAF9	2587847	S	469	313	782	0.00013
Roseovarius sp. THAF8	2587846	S	193	421	614	0.00010
Roseovarius sp. THAF27	2587850	S	184	458	642	0.00011
Roseovarius indicus	540747	S	953	645	1598	0.00027
Roseovarius faecimaris	2494550	S	353	91	444	0.00007
Salipiger profundus	1229727	S	1148	807	1955	0.00032
Salipiger pacificus	311180	S	913	380	1293	0.00021
Yangia sp. CCB-MM3	1792508	S	779	277	1056	0.00018
Celeribacter indicus	1208324	S	1029	762	1791	0.00030
Celeribacter manganoxidans	1411902	S	502	194	696	0.00012
Celeribacter ethanolicus	1758178	S	370	187	557	0.00009
Celeribacter baekdonensis	875171	S	166	52	218	0.00004
Celeribacter marinus	1397108	S	114	11	125	0.00002
Polymorphum gilvum	991904	S	2100	1302	3402	0.00056
Rhodovulum sp. MB263	308754	S	496	336	832	0.00014
Rhodovulum sp. P5	1564506	S	487	135	622	0.00010
Rhodovulum sulfidophilum	35806	S	764	627	1391	0.00023
Paraoceanicella profunda	2579971	S	1860	873	2733	0.00045
Phaeobacter gallaeciensis	60890	S	444	323	767	0.00013
Phaeobacter inhibens	221822	S	358	226	584	0.00010
Phaeobacter piscinae	1580596	S	176	221	397	0.00007
Leisingera aquaemixtae	1396826	S	509	260	769	0.00013
Leisingera methylohalidivorans	133924	S	287	149	436	0.00007
Roseivivax sp. THAF30	2587852	S	651	812	1463	0.00024
Thioclava electrotropha	1549850	S	510	258	768	0.00013
Thioclava nitratireducens	1915078	S	443	265	708	0.00012
Pontivivens sp. MT2928	2789856	S	1124	292	1416	0.00023
Silicimonas algicola	1826607	S	1089	246	1335	0.00022
Ruegeria pomeroyi	89184	S	532	178	710	0.00012
Ruegeria sp. TM1040	292414	S	192	64	256	0.00004
Ruegeria sp. THAF33	2587853	S	148	82	230	0.00004
Ruegeria sp. AD91A	2293862	S	126	39	165	0.00003
Sagittula sp. P11	2009329	S	934	665	1599	0.00027
Pelagovum pacificum	2588711	S	910	272	1182	0.00020
Pelagibaca abyssi	1250539	S	836	527	1363	0.00023
Marinovum algicola	42444	S	823	471	1294	0.00021
Defluviimonas alba	1335048	S	820	486	1306	0.00022
Brevirhabdus pacifica	1267768	S	712	495	1207	0.00020
Roseobacter ponti	1891787	S	270	38	308	0.00005
Roseobacter denitrificans	2434	S	209	58	267	0.00004
Roseobacter litoralis	42443	S	157	42	199	0.00003
Mameliella alba	561184	S	661	291	952	0.00016
Ketogulonicigenium robustum	92947	S	339	81	420	0.00007
Ketogulonicigenium vulgare	92945	S	312	88	400	0.00007
Dinoroseobacter shibae	215813	S	630	383	1013	0.00017
Octadecabacter sp. SW4	2602067	S	224	69	293	0.00005
Octadecabacter antarcticus	1217908	S	144	16	160	0.00003
Octadecabacter arcticus	53946	S	143	16	159	0.00003
Confluentimicrobium sp. EMB200-NS6	1609966	S	562	481	1043	0.00017
Haematobacter massiliensis	195105	S	550	309	859	0.00014
Oceanicola sp. D3	2587163	S	550	126	676	0.00011
Gemmobacter sp. HYN0069	2169400	S	536	150	686	0.00011
Roseibacterium elongatum	159346	S	533	163	696	0.00012
Pseudopuniceibacterium antarcticum	2613965	S	510	134	644	0.00011
Tabrizicola piscis	2494374	S	491	116	607	0.00010
Pseudooceanicola algae	1537215	S	472	119	591	0.00010
Monaibacterium sp. ALG8	2715211	S	463	179	642	0.00011
Roseicitreum antarcticum	564137	S	376	75	451	0.00007
Thalassococcus sp. S3	2017482	S	370	53	423	0.00007
Maribius sp. THAF1	2587842	S	346	70	416	0.00007
Tateyamaria omphalii	299262	S	334	58	392	0.00007
Epibacterium mobile	379347	S	321	214	535	0.00009
Jannaschia sp. CCS1	290400	S	319	41	360	0.00006
Antarctobacter heliothermus	74033	S	308	58	366	0.00006
Boseongicola sp. CCM32	2552942	S	268	42	310	0.00005
Yoonia vestfoldensis	245188	S	240	94	334	0.00006
Qingshengfaniella alkalisoli	2599296	S	236	33	269	0.00004
Thalassobius gelatinovorus	53501	S	231	40	271	0.00005
Pseudohalocynthiibacter aestuariivivens	1591409	S	210	70	280	0.00005
Rhodobaca barguzinensis	441209	S	198	23	221	0.00004
Profundibacter amoris	2171755	S	181	29	210	0.00003
Pseudorhodobacter turbinis	2500533	S	178	24	202	0.00003
Parasedimentitalea marina	2483033	S	162	17	179	0.00003
Cognatishimia activa	1715691	S	144	19	163	0.00003
Marivivens sp. JLT3646	1920883	S	132	21	153	0.00003
Caulobacter mirabilis	69666	S	3833	1761	5594	0.00093
Caulobacter sp. K31	366602	S	1738	1220	2958	0.00049
Caulobacter sp. FWC26	69665	S	1287	1136	2423	0.00040
Caulobacter vibrioides	155892	S	2563	2363	4926	0.00082
Caulobacter flavus	1679497	S	2541	1633	4174	0.00069
Caulobacter rhizosphaerae	2010972	S	1993	1593	3586	0.00059
Caulobacter segnis	88688	S	1828	1395	3223	0.00053
Caulobacter soli	2708539	S	1735	1466	3201	0.00053
Caulobacter henricii	69395	S	1151	567	1718	0.00028
Brevundimonas sp. LVF2	2774190	S	1140	485	1625	0.00027
Brevundimonas sp. LM2	1938605	S	1023	465	1488	0.00025
Brevundimonas sp. MF30-B	2561924	S	1009	448	1457	0.00024
Brevundimonas sp. M20	2591463	S	940	387	1327	0.00022
Brevundimonas sp. GRTSA-9	2800818	S	805	273	1078	0.00018
Brevundimonas sp. LVF1	2774189	S	729	462	1191	0.00020
Brevundimonas sp. AJA228-03	2752515	S	704	309	1013	0.00017
Brevundimonas sp. CS1	2813778	S	270	475	745	0.00012
Brevundimonas sp. SGAir0440	2579977	S	229	367	596	0.00010
Brevundimonas sp. GW460-12-10-14-LB2	1827469	S	222	578	800	0.00013
Brevundimonas sp. 'scallop'	2562582	S	222	671	893	0.00015
Brevundimonas sp. DS20	1532555	S	209	773	982	0.00016
Brevundimonas sp. Bb-A	2560058	S	191	736	927	0.00015
Brevundimonas naejangsanensis	588932	S	1750	1359	3109	0.00052
Brevundimonas subvibrioides	74313	S	966	507	1473	0.00024
Brevundimonas mediterranea	74329	S	684	523	1207	0.00020
Brevundimonas diminuta	293	S	389	1223	1612	0.00027
Brevundimonas vesicularis	41276	S	249	721	970	0.00016
Brevundimonas vancanneytii	1325724	S	158	843	1001	0.00017
Phenylobacterium zucineum	284016	S	13954	7273	21227	0.00352
Phenylobacterium parvum	2201350	S	2652	1021	3673	0.00061
Terricaulis silvestris	2686094	S	3405	429	3834	0.00064
Asticcacaulis excentricus	78587	S	1048	265	1313	0.00022
Phreatobacter stygius	1940610	S	2854	1112	3966	0.00066
Phreatobacter cathodiphilus	1868589	S	2464	1469	3933	0.00065
Phreatobacter sp. NMCR1094	2570229	S	1846	782	2628	0.00044
Micavibrio aeruginosavorus	349221	S	422	27	449	0.00007
Marinicauda algicola	2029849	S	1804	680	2484	0.00041
Glycocaulis alkaliphilus	1434191	S	578	118	696	0.00012
Maricaulis maris	74318	S	573	105	678	0.00011
Hyphobacterium sp. CCMP332	2749086	S	472	40	512	0.00009
Hyphomonas sp. CACIAM 19H1	1873716	S	619	101	720	0.00012
Hyphomonas sp. Mor2	1906738	S	382	31	413	0.00007
Hyphomonas sp. KY3	2016196	S	298	56	354	0.00006
Luteithermobacter gelatinilyticus	2582913	S	280	30	310	0.00005
Paremcibacter congregatus	2043170	S	238	17	255	0.00004
Parvularcula bermudensis	208216	S	265	45	310	0.00005
Magnetococcus marinus	1124597	S	110	3	113	0.00002
Burkholderia multivorans	87883	S	2190	2145	4335	0.00072
Burkholderia cenocepacia	95486	S	1638	4727	6365	0.00106
Burkholderia cepacia	292	S	1493	3575	5068	0.00084
Burkholderia ubonensis	101571	S	1037	2896	3933	0.00065
Burkholderia contaminans	488447	S	889	1029	1918	0.00032
Burkholderia lata	482957	S	870	956	1826	0.00030
Burkholderia anthina	179879	S	747	1067	1814	0.00030
Burkholderia stagnalis	1503054	S	723	603	1326	0.00022
Burkholderia stabilis	95485	S	671	755	1426	0.00024
Burkholderia pyrrocinia	60550	S	563	643	1206	0.00020
Burkholderia territorii	1503055	S	529	585	1114	0.00018
Burkholderia ambifaria	152480	S	464	5808	6272	0.00104
Burkholderia seminalis	488731	S	460	487	947	0.00016
Burkholderia vietnamiensis	60552	S	310	11883	12193	0.00202
Burkholderia metallica	488729	S	299	324	623	0.00010
Burkholderia diffusa	488732	S	239	276	515	0.00009
Burkholderia pseudomultivorans	1207504	S	193	452	645	0.00011
Burkholderia latens	488446	S	140	597	737	0.00012
Burkholderia sp. DHOD12	2571746	S	1236	323	1559	0.00026
Burkholderia sp. THE68	758782	S	1102	403	1505	0.00025
Burkholderia sp. Bp7605	1740163	S	695	209	904	0.00015
Burkholderia sp. CCGE1003	640512	S	634	257	891	0.00015
Burkholderia sp. KK1	1855726	S	388	824	1212	0.00020
Burkholderia sp. NRF60-BP8	1637853	S	318	388	706	0.00012
Burkholderia sp. JP2-270	2217913	S	294	317	611	0.00010
Burkholderia sp. LA-2-3-30-S1-D2	1637862	S	279	320	599	0.00010
Burkholderia sp. MSMB0856	1637869	S	264	317	581	0.00010
Burkholderia sp. YI23	1097668	S	249	638	887	0.00015
Burkholderia sp. MS389	2811789	S	236	295	531	0.00009
Burkholderia sp. MS455	2811788	S	219	260	479	0.00008
Burkholderia sp. RPE67	758796	S	211	565	776	0.00013
Burkholderia sp. PAMC 26561	1795043	S	195	188	383	0.00006
Burkholderia sp. PAMC 28687	1795874	S	164	338	502	0.00008
Burkholderia sp. IDO3	1705310	S	148	356	504	0.00008
Burkholderia pseudomallei	28450	S	940	22661	23601	0.00391
Burkholderia thailandensis	57975	S	679	3440	4119	0.00068
Burkholderia oklahomensis	342113	S	473	562	1035	0.00017
Burkholderia sp. BDU8	1385592	S	330	228	558	0.00009
Burkholderia sp. BDU6	1385591	S	279	203	482	0.00008
Burkholderia gladioli	28095	S	2887	2293	5180	0.00086
Burkholderia plantarii	41899	S	1386	705	2091	0.00035
Burkholderia glumae	337	S	1199	918	2117	0.00035
Cupriavidus taiwanensis	164546	S	7976	10362	18338	0.00304
Cupriavidus pauculus	82633	S	3064	1394	4458	0.00074
Cupriavidus necator	106590	S	2852	3840	6692	0.00111
Cupriavidus oxalaticus	96344	S	2270	1568	3838	0.00064
Cupriavidus basilensis	68895	S	2101	1010	3111	0.00052
Cupriavidus metallidurans	119219	S	1309	732	2041	0.00034
Cupriavidus campinensis	151783	S	1294	660	1954	0.00032
Cupriavidus gilardii	82541	S	1155	6871	8026	0.00133
Cupriavidus pinatubonensis	248026	S	1049	655	1704	0.00028
Cupriavidus nantongensis	1796606	S	908	2016	2924	0.00049
Cupriavidus sp. ISTL7	2771360	S	255	2328	2583	0.00043
Cupriavidus sp. USMAA2-4	876364	S	114	644	758	0.00013
Cupriavidus neocaledonicus	1040979	S	382	707	1089	0.00018
Paraburkholderia sp. 7MH5	2547399	S	1438	464	1902	0.00032
Paraburkholderia sp. SOS3	1926494	S	1182	297	1479	0.00025
Paraburkholderia sp. PGU16	2735433	S	707	536	1243	0.00021
Paraburkholderia sp. PGU19	2735434	S	498	421	919	0.00015
Paraburkholderia sp. Msb3	2604047	S	374	345	719	0.00012
Paraburkholderia aromaticivorans	2026199	S	1207	694	1901	0.00032
Paraburkholderia acidisoli	2571748	S	1162	420	1582	0.00026
Paraburkholderia caribensis	75105	S	1129	1221	2350	0.00039
Paraburkholderia tropica	92647	S	1109	441	1550	0.00026
Paraburkholderia acidiphila	2571747	S	1038	386	1424	0.00024
Paraburkholderia atlantica	2654982	S	957	435	1392	0.00023
Paraburkholderia phytofirmans	261302	S	884	550	1434	0.00024
Paraburkholderia terricola	169427	S	846	450	1296	0.00022
Paraburkholderia phymatum	148447	S	802	306	1108	0.00018
Paraburkholderia phenoliruptrix	252970	S	772	400	1172	0.00019
Paraburkholderia sprentiae	948107	S	761	354	1115	0.00019
Paraburkholderia megapolitana	420953	S	760	174	934	0.00016
Paraburkholderia fungorum	134537	S	698	284	982	0.00016
Paraburkholderia graminis	60548	S	680	315	995	0.00017
Paraburkholderia caledonica	134536	S	660	234	894	0.00015
Paraburkholderia xenovorans	36873	S	613	597	1210	0.00020
Paraburkholderia ginsengisoli	311231	S	603	322	925	0.00015
Paraburkholderia caffeinilytica	1761016	S	600	287	887	0.00015
Paraburkholderia hospita	169430	S	563	660	1223	0.00020
Paraburkholderia dokdonella	2211211	S	547	276	823	0.00014
Paraburkholderia acidophila	265293	S	453	696	1149	0.00019
Paraburkholderia terrae	311230	S	360	534	894	0.00015
Ralstonia solanacearum	305	S	2542	6306	8848	0.00147
Ralstonia pickettii	329	S	1367	2062	3429	0.00057
Ralstonia insidiosa	190721	S	770	360	1130	0.00019
Ralstonia mannitolilytica	105219	S	653	975	1628	0.00027
Pandoraea pnomenusa	93220	S	1092	648	1740	0.00029
Pandoraea pulmonicola	93221	S	928	383	1311	0.00022
Pandoraea thiooxydans	445709	S	892	207	1099	0.00018
Pandoraea vervacti	656178	S	710	326	1036	0.00017
Pandoraea norimbergensis	93219	S	679	219	898	0.00015
Pandoraea faecigallinarum	656179	S	635	283	918	0.00015
Pandoraea sp. XY-2	2518599	S	634	293	927	0.00015
Pandoraea fibrosis	1891094	S	524	267	791	0.00013
Pandoraea apista	93218	S	453	233	686	0.00011
Pandoraea oxalativorans	573737	S	447	274	721	0.00012
Pandoraea sputorum	93222	S	399	269	668	0.00011
Caballeronia sp. M1242	2814653	S	917	981	1898	0.00031
Caballeronia insecticola	758793	S	1003	341	1344	0.00022
Lautropia mirabilis	47671	S	822	241	1063	0.00018
Chitinimonas arctica	2594795	S	561	91	652	0.00011
Mycetohabitans rhizoxinica	412963	S	522	73	595	0.00010
Polynucleobacter necessarius	576610	S	125	28	153	0.00003
Limnobacter sp. SAORIC-580	2732163	S	139	9	148	0.00002
Variovorax sp. HW608	1034889	S	3265	1487	4752	0.00079
Variovorax sp. PBS-H4	434008	S	1715	1387	3102	0.00051
Variovorax sp. PBL-H6	434009	S	1577	2448	4025	0.00067
Variovorax sp. RA8	662548	S	1518	1611	3129	0.00052
Variovorax sp. WDL1	207745	S	1497	1975	3472	0.00058
Variovorax sp. PAMC 28711	1795631	S	1460	754	2214	0.00037
Variovorax sp. RKNM96	2681552	S	1156	1162	2318	0.00038
Variovorax sp. PAMC28562	2762323	S	1098	360	1458	0.00024
Variovorax sp. PAMC26660	2762322	S	1004	708	1712	0.00028
Variovorax sp. SRS16	282217	S	784	2508	3292	0.00055
Variovorax sp. 38R	2774875	S	699	1361	2060	0.00034
Variovorax sp. PBL-E5	434014	S	669	2865	3534	0.00059
Variovorax paradoxus	34073	S	10202	11968	22170	0.00368
Variovorax boronicumulans	436515	S	860	1356	2216	0.00037
Hydrogenophaga sp. BA0156	2716225	S	2136	1940	4076	0.00068
Hydrogenophaga sp. YM1	2806262	S	1745	1570	3315	0.00055
Hydrogenophaga sp. PBC	795665	S	1695	1555	3250	0.00054
Hydrogenophaga sp. BPS33	2651974	S	1615	988	2603	0.00043
Hydrogenophaga sp. RAC07	1842537	S	1106	762	1868	0.00031
Hydrogenophaga sp. PBL-H3	434010	S	966	874	1840	0.00031
Hydrogenophaga sp. NH-16	2184519	S	584	1654	2238	0.00037
Hydrogenophaga sp. PAMC20947	2565558	S	517	108	625	0.00010
Hydrogenophaga pseudoflava	47421	S	552	1294	1846	0.00031
Hydrogenophaga crassostreae	1763535	S	509	106	615	0.00010
Acidovorax sp. KKS102	358220	S	737	590	1327	0.00022
Acidovorax sp. RAC01	1842533	S	725	540	1265	0.00021
Acidovorax sp. JMULE5	2518343	S	637	379	1016	0.00017
Acidovorax sp. HDW3	2714923	S	612	430	1042	0.00017
Acidovorax sp. 1608163	2478662	S	533	262	795	0.00013
Acidovorax sp. T1	1858609	S	346	702	1048	0.00017
Acidovorax avenae	80867	S	2155	2570	4725	0.00078
Acidovorax monticola	1926868	S	1295	1084	2379	0.00039
Acidovorax antarcticus	2743470	S	1130	716	1846	0.00031
Acidovorax carolinensis	553814	S	756	717	1473	0.00024
Acidovorax citrulli	80869	S	687	2486	3173	0.00053
Acidovorax cattleyae	80868	S	607	745	1352	0.00022
Acidovorax ebreus	721785	S	102	1494	1596	0.00026
Ramlibacter tataouinensis	94132	S	10686	9451	20137	0.00334
Rhodoferax sp. BAB1	2741720	S	1335	799	2134	0.00035
Rhodoferax sp. AJA081-3	2752316	S	433	99	532	0.00009
Rhodoferax sp. PAMC29310	2822760	S	262	46	308	0.00005
Rhodoferax koreense	1842727	S	1955	1491	3446	0.00057
Rhodoferax sediminis	2509614	S	1789	539	2328	0.00039
Rhodoferax ferrireducens	192843	S	554	109	663	0.00011
Rhodoferax saidenbachensis	1484693	S	481	154	635	0.00011
Rhodoferax antarcticus	81479	S	292	54	346	0.00006
Comamonas sp. NLF-7-7	2597701	S	1190	844	2034	0.00034
Comamonas serinivorans	1082851	S	1109	470	1579	0.00026
Comamonas testosteroni	285	S	1009	1337	2346	0.00039
Comamonas aquatica	225991	S	764	516	1280	0.00021
Comamonas koreensis	160825	S	543	275	818	0.00014
Comamonas piscis	1562974	S	440	178	618	0.00010
Comamonas thiooxydans	363952	S	334	441	775	0.00013
Comamonas kerstersii	225992	S	284	118	402	0.00007
Schlegelella thermodepolymerans	215580	S	5372	4155	9527	0.00158
Polaromonas sp. JS666	296591	S	1220	1651	2871	0.00048
Polaromonas naphthalenivorans	216465	S	1059	364	1423	0.00024
Polaromonas vacuolata	37448	S	102	14	116	0.00002
Diaphorobacter sp. HDW4A	2714924	S	640	446	1086	0.00018
Diaphorobacter sp. HDW4B	2714925	S	604	257	861	0.00014
Diaphorobacter ruginosibacter	1715720	S	938	449	1387	0.00023
Diaphorobacter aerolatus	1288495	S	709	574	1283	0.00021
Diaphorobacter polyhydroxybutyrativorans	1546149	S	113	1070	1183	0.00020
Kinneretia sp. DAIF2	2714952	S	3371	1888	5259	0.00087
Delftia acidovorans	80866	S	655	16138	16793	0.00279
Delftia tsuruhatensis	180282	S	127	520	647	0.00011
Delftia lacustris	558537	S	117	635	752	0.00012
Ottowia sp. 27C	2816950	S	1224	565	1789	0.00030
Ottowia sp. oral taxon 894	1658672	S	520	160	680	0.00011
Ottowia oryzae	2109914	S	951	493	1444	0.00024
Alicycliphilus denitrificans	179636	S	2234	3439	5673	0.00094
Serpentinomonas mccroryi	1458426	S	687	365	1052	0.00017
Serpentinomonas raichei	1458425	S	582	301	883	0.00015
Hylemonella gracilis	80880	S	1179	474	1653	0.00027
Melaminivora sp. SC2-9	2109913	S	1153	1160	2313	0.00038
Verminephrobacter eiseniae	364317	S	1062	397	1459	0.00024
Pulveribacter suum	2116657	S	997	978	1975	0.00033
Simplicispira suum	2109915	S	640	296	936	0.00016
Limnohabitans sp. 63ED37-2	1678128	S	371	100	471	0.00008
Limnohabitans sp. 103DPR2	1678129	S	144	17	161	0.00003
Candidatus Symbiobacter mobilis	1436290	S	338	32	370	0.00006
Curvibacter sp. AEP1-3	1844971	S	323	69	392	0.00007
Bordetella genomosp. 13	463040	S	2768	1577	4345	0.00072
Bordetella bronchialis	463025	S	2422	854	3276	0.00054
Bordetella sp. H567	1697043	S	1067	337	1404	0.00023
Bordetella sp. N	1746199	S	934	249	1183	0.00020
Bordetella genomosp. 8	1416806	S	1291	416	1707	0.00028
Bordetella genomosp. 9	1416803	S	1125	398	1523	0.00025
Bordetella flabilis	463014	S	1106	272	1378	0.00023
Bordetella petrii	94624	S	1041	764	1805	0.00030
Bordetella hinzii	103855	S	870	596	1466	0.00024
Bordetella trematum	123899	S	682	279	961	0.00016
Bordetella pseudohinzii	1331258	S	600	436	1036	0.00017
Bordetella bronchiseptica	518	S	476	4299	4775	0.00079
Bordetella holmesii	35814	S	335	155	490	0.00008
Bordetella avium	521	S	313	77	390	0.00006
Bordetella genomosp. 6	463024	S	139	612	751	0.00012
Achromobacter xylosoxidans	85698	S	4413	7042	11455	0.00190
Achromobacter sp. AONIH1	1758194	S	1079	913	1992	0.00033
Achromobacter sp. MFA1 R4	1881016	S	860	537	1397	0.00023
Achromobacter sp. B7	2282475	S	526	262	788	0.00013
Achromobacter insolitus	217204	S	1892	1053	2945	0.00049
Achromobacter spanius	217203	S	1704	871	2575	0.00043
Achromobacter denitrificans	32002	S	1493	1383	2876	0.00048
Achromobacter pestifer	1353889	S	578	612	1190	0.00020
Achromobacter deleyi	1353891	S	377	907	1284	0.00021
Pigmentiphaga sp. H8	2488560	S	1915	599	2514	0.00042
Pigmentiphaga aceris	1940612	S	587	108	695	0.00012
Castellaniella defragrans	75697	S	1247	669	1916	0.00032
Orrella dioscoreae	1851544	S	1142	519	1661	0.00028
Alcaligenes faecalis	511	S	469	285	754	0.00013
Pusillimonas thiosulfatoxidans	2028345	S	351	65	416	0.00007
Pusillimonas sp. T7-7	1007105	S	193	26	219	0.00004
Pusillimonas sp. DMV24BSW_D	2716226	S	100	8	108	0.00002
Advenella kashmirensis	310575	S	172	14	186	0.00003
Advenella mimigardefordensis	302406	S	166	13	179	0.00003
Kerstersia gyiorum	206506	S	330	85	415	0.00007
Algicoccus marinus	2163011	S	149	13	162	0.00003
Massilia sp. WG5	1707785	S	1874	1558	3432	0.00057
Massilia sp. LPB0304	2769491	S	1302	1239	2541	0.00042
Massilia sp. NR 4-1	1678028	S	1108	572	1680	0.00028
Massilia sp. YMA4	1593482	S	1068	1110	2178	0.00036
Massilia sp. CCM 8941	2765360	S	937	645	1582	0.00026
Massilia putida	1141883	S	2200	1062	3262	0.00054
Massilia flava	871742	S	2036	1062	3098	0.00051
Massilia oculi	945844	S	1461	712	2173	0.00036
Massilia umbonata	864828	S	1252	900	2152	0.00036
Massilia albidiflava	321983	S	1200	871	2071	0.00034
Massilia plicata	321984	S	1138	606	1744	0.00029
Massilia lutea	321985	S	1055	614	1669	0.00028
Massilia violaceinigra	2045208	S	999	592	1591	0.00026
Massilia armeniaca	2072590	S	985	928	1913	0.00032
Herbaspirillum robiniae	2014887	S	1128	777	1905	0.00032
Herbaspirillum seropedicae	964	S	835	546	1381	0.00023
Herbaspirillum hiltneri	341045	S	773	353	1126	0.00019
Herbaspirillum rubrisubalbicans	80842	S	660	594	1254	0.00021
Herbaspirillum frisingense	92645	S	598	364	962	0.00016
Herbaspirillum huttiense	863372	S	494	321	815	0.00014
Herbaspirillum sp. meg3	2025949	S	426	117	543	0.00009
Janthinobacterium sp. 17J80-10	2497863	S	738	234	972	0.00016
Janthinobacterium sp. 1_2014MBL_MicDiv	1644131	S	614	382	996	0.00017
Janthinobacterium sp. LM6	1938606	S	298	261	559	0.00009
Janthinobacterium sp. Marseille	375286	S	228	64	292	0.00005
Janthinobacterium sp. HH102	1537274	S	146	253	399	0.00007
Janthinobacterium sp. PLB02	2808899	S	134	278	412	0.00007
Janthinobacterium agaricidamnosum	55508	S	921	2263	3184	0.00053
Janthinobacterium svalbardensis	368607	S	231	188	419	0.00007
Janthinobacterium lividum	29581	S	227	340	567	0.00009
Janthinobacterium tructae	2590869	S	220	183	403	0.00007
Duganella sp. GN2-R2	2728020	S	1621	1027	2648	0.00044
Duganella sp. AF9R3	2728021	S	1128	456	1584	0.00026
Collimonas fungivorans	158899	S	939	592	1531	0.00025
Collimonas pratensis	279113	S	729	303	1032	0.00017
Collimonas arenae	279058	S	666	180	846	0.00014
Noviherbaspirillum sp. UKPF54	2601898	S	1692	646	2338	0.00039
Undibacterium sp. YM2	2058625	S	101	44	145	0.00002
Undibacterium parvum	401471	S	121	11	132	0.00002
Herminiimonas arsenitoxidans	1809410	S	153	33	186	0.00003
Glaciimonas sp. PAMC28666	2807626	S	115	8	123	0.00002
Rhizobacter sp. AJA081-3	2753607	S	4571	2908	7479	0.00124
Rhizobacter gummiphilus	946333	S	3542	1767	5309	0.00088
Methylibium sp. Pch-M	2082386	S	1292	2458	3750	0.00062
Methylibium petroleiphilum	105560	S	1251	1636	2887	0.00048
Rubrivivax gelatinosus	28068	S	4185	2861	7046	0.00117
Mitsuaria sp. 7	1658665	S	3011	1471	4482	0.00074
Thiomonas sp. X19	1050370	S	1107	498	1605	0.00027
Thiomonas intermedia	926	S	802	808	1610	0.00027
Thiomonas arsenitoxydans	426114	S	151	411	562	0.00009
Leptothrix cholodnii	34029	S	2883	2046	4929	0.00082
Sphaerotilus natans	34103	S	2572	1929	4501	0.00075
Xylophilus rhododendri	2697032	S	1631	969	2600	0.00043
Roseateles depolymerans	76731	S	1365	584	1949	0.00032
Aquabacterium olei	1296669	S	1348	679	2027	0.00034
Inhella inkyongensis	392593	S	944	315	1259	0.00021
Paucibacter sp. KCTC 42545	1768242	S	811	300	1111	0.00018
Sutterella megalosphaeroides	2494234	S	430	110	540	0.00009
Sutterella faecalis	2584944	S	312	77	389	0.00006
Sutterella wadsworthensis	40545	S	140	28	168	0.00003
Turicimonas muris	1796652	S	104	7	111	0.00002
Azoarcus sp. KH32C	748247	S	1869	727	2596	0.00043
Azoarcus sp. DN11	356837	S	1608	1295	2903	0.00048
Azoarcus sp. M9-3-2	2016596	S	1566	610	2176	0.00036
Azoarcus sp. DD4	2027405	S	1369	1049	2418	0.00040
Azoarcus sp. CIB	198107	S	1280	1046	2326	0.00039
Azoarcus olearius	418699	S	1712	1208	2920	0.00048
Azoarcus pumilus	2067960	S	1253	566	1819	0.00030
Azoarcus communis	41977	S	1197	467	1664	0.00028
Thauera sp. MZ1T	85643	S	1698	1571	3269	0.00054
Thauera sp. K11	2005884	S	1634	1110	2744	0.00046
Thauera humireducens	1134435	S	1194	787	1981	0.00033
Thauera chlorobenzoica	96773	S	878	1091	1969	0.00033
Thauera aromatica	59405	S	701	920	1621	0.00027
Thauera hydrothermalis	2184083	S	490	185	675	0.00011
Aromatoleum petrolei	76116	S	1378	973	2351	0.00039
Aromatoleum aromaticum	551760	S	1210	836	2046	0.00034
Aromatoleum bremense	76115	S	1199	1007	2206	0.00037
Azospira restricta	404405	S	3154	2122	5276	0.00088
Azospira sp. I09	1765049	S	222	581	803	0.00013
Azospira oryzae	146939	S	193	596	789	0.00013
Niveibacterium sp. HC41	2811415	S	1225	333	1558	0.00026
Oryzomicrobium terrae	1735038	S	816	401	1217	0.00020
Rugosibacter aromaticivorans	1565605	S	206	41	247	0.00004
Dechloromonas sp. HYN0024	2231055	S	413	125	538	0.00009
Dechloromonas sp. TW-R-39-2	2654218	S	388	105	493	0.00008
Dechloromonas aromatica	259537	S	590	173	763	0.00013
Fluviibacter phosphoraccumulans	1751046	S	144	29	173	0.00003
Usitatibacter rugosus	2732067	S	6192	1977	8169	0.00136
Usitatibacter palustris	2732487	S	5165	1654	6819	0.00113
Denitratisoma sp. DHT3	1981880	S	1253	870	2123	0.00035
Denitratisoma oestradiolicum	311182	S	628	201	829	0.00014
Sulfuritalea hydrogenivorans	748811	S	1531	608	2139	0.00035
Methyloversatilis sp. RAC08	1842540	S	1359	470	1829	0.00030
Sterolibacterium denitrificans	157592	S	1037	461	1498	0.00025
Nitrosospira multiformis	1231	S	1616	139	1755	0.00029
Nitrosospira lacus	1288494	S	334	38	372	0.00006
Nitrosospira briensis	35799	S	267	35	302	0.00005
Nitrosomonas communis	44574	S	1463	156	1619	0.00027
Nitrosomonas sp. Is79A3	261292	S	115	22	137	0.00002
Thiobacillus denitrificans	36861	S	1757	688	2445	0.00041
Sulfuritortus calidifontis	1914471	S	1258	752	2010	0.00033
Sulfurimicrobium lacus	2715678	S	1005	309	1314	0.00022
Sulfuriferula plumbiphila	171865	S	571	193	764	0.00013
Sulfuriferula sp. AH1	1985873	S	273	74	347	0.00006
Sulfuricella denitrificans	649841	S	560	121	681	0.00011
Sideroxydans lithotrophicus	63745	S	671	170	841	0.00014
Ferriphaselus amnicola	1188319	S	313	69	382	0.00006
Gallionella capsiferriformans	370405	S	202	29	231	0.00004
Candidatus Nitrotoga sp. AM1P	2559597	S	139	13	152	0.00003
Methylobacillus flagellatus	405	S	256	81	337	0.00006
Methylophilus sp. TWE2	1662285	S	120	29	149	0.00002
Chromobacterium sp. ATCC 53434	2059672	S	756	537	1293	0.00021
Chromobacterium sp. Rain0013	2292447	S	174	415	589	0.00010
Chromobacterium vaccinii	1108595	S	806	789	1595	0.00026
Chromobacterium violaceum	536	S	764	1002	1766	0.00029
Chromobacterium phragmitis	2202141	S	444	407	851	0.00014
Chromobacterium paludis	2605945	S	406	314	720	0.00012
Jeongeupia sp. USM3	1906741	S	1235	674	1909	0.00032
Jeongeupia sp. HS-3	1009682	S	476	195	671	0.00011
Pseudogulbenkiania sp. NH8B	748280	S	1044	577	1621	0.00027
Microvirgula aerodenitrificans	57480	S	817	301	1118	0.00019
Aquitalea aquatilis	1537400	S	202	104	306	0.00005
Aquitalea sp. USM4	1590041	S	156	108	264	0.00004
Aquitalea denitrificans	519081	S	143	96	239	0.00004
Aquitalea magnusonii	332411	S	142	104	246	0.00004
Vogesella sp. LIG4	1192162	S	779	381	1160	0.00019
Laribacter hongkongensis	168471	S	702	448	1150	0.00019
Aquaspirillum sp. LM1	1938604	S	362	110	472	0.00008
Neisseria sp. KEM232	655307	S	139	54	193	0.00003
Neisseria bacilliformis	267212	S	187	73	260	0.00004
Neisseria shayeganii	607712	S	151	41	192	0.00003
Neisseria dentiae	194197	S	127	35	162	0.00003
Neisseria meningitidis	487	S	121	677	798	0.00013
Neisseria elongata	495	S	104	77	181	0.00003
Crenobacter cavernae	2290923	S	1418	880	2298	0.00038
Chitinolyticbacter meiyuanensis	682798	S	908	278	1186	0.00020
Vitreoscilla filiformis	63	S	562	207	769	0.00013
Eikenella corrodens	539	S	130	154	284	0.00005
Kingella denitrificans	502	S	105	58	163	0.00003
Kingella oralis	505	S	100	23	123	0.00002
Candidatus Accumulibacter phosphatis	327160	S	1372	266	1638	0.00027
Casimicrobium huifangae	2591109	S	1075	279	1354	0.00022
Lysobacter soli	453783	S	30973	16008	46981	0.00779
Lysobacter sp. TY2-98	2290922	S	2891	992	3883	0.00064
Lysobacter sp. CW239	2762611	S	1452	819	2271	0.00038
Lysobacter sp. H21R20	2781022	S	341	617	958	0.00016
Lysobacter sp. H21R4	2781021	S	337	598	935	0.00016
Lysobacter sp. HDW10	2714936	S	227	23	250	0.00004
Lysobacter sp. H23M47	2781024	S	183	609	792	0.00013
Lysobacter sp. H23M41	2781023	S	163	532	695	0.00012
Lysobacter solisilvae	2763317	S	6974	3549	10523	0.00175
Lysobacter enzymogenes	69	S	5630	4082	9712	0.00161
Lysobacter arenosi	2795387	S	4678	2577	7255	0.00120
Lysobacter capsici	435897	S	2279	1610	3889	0.00065
Lysobacter lycopersici	1324796	S	2231	1125	3356	0.00056
Lysobacter antibioticus	84531	S	2183	1338	3521	0.00058
Lysobacter maris	1605891	S	2077	1153	3230	0.00054
Lysobacter gummosus	262324	S	1683	1255	2938	0.00049
Lysobacter alkalisoli	2591633	S	1563	709	2272	0.00038
Lysobacter oculi	2698682	S	1252	655	1907	0.00032
Stenotrophomonas maltophilia	40324	S	3902	7455	11357	0.00188
Stenotrophomonas sp. ESTM1D_MKCIP4_1	2072414	S	301	303	604	0.00010
Stenotrophomonas sp. SAU14A_NAIMI4_5	2072413	S	275	400	675	0.00011
Stenotrophomonas sp. ZAC14D2_NAIMI4_7	2072405	S	169	415	584	0.00010
Stenotrophomonas sp. YAU14D1_LEIMI4_1	2072407	S	130	513	643	0.00011
Stenotrophomonas sp. ZAC14A_NAIMI4_1	2072412	S	102	409	511	0.00008
Stenotrophomonas sp. LM091	1904944	S	620	423	1043	0.00017
Stenotrophomonas sp. 169	2770322	S	540	192	732	0.00012
Stenotrophomonas sp. 364	2691571	S	325	292	617	0.00010
Stenotrophomonas sp. NA06056	2742129	S	199	213	412	0.00007
Stenotrophomonas sp. Pemsol	2040586	S	136	363	499	0.00008
Stenotrophomonas sp. G4	2303750	S	132	333	465	0.00008
Stenotrophomonas sp. WZN-1	2005046	S	116	292	408	0.00007
Stenotrophomonas rhizophila	216778	S	1705	1153	2858	0.00047
Stenotrophomonas acidaminiphila	128780	S	1095	2970	4065	0.00067
Xanthomonas campestris	339	S	1350	1941	3291	0.00055
Xanthomonas sp. GW	2724121	S	202	583	785	0.00013
Xanthomonas sp. SS	2724122	S	133	464	597	0.00010
Xanthomonas sp. SI	2724123	S	132	452	584	0.00010
Xanthomonas translucens	343	S	1085	1881	2966	0.00049
Xanthomonas sacchari	56458	S	992	666	1658	0.00028
Xanthomonas theicola	56464	S	688	458	1146	0.00019
Xanthomonas oryzae	347	S	596	767	1363	0.00023
Xanthomonas citri	346	S	572	5508	6080	0.00101
Xanthomonas hyacinthi	56455	S	517	521	1038	0.00017
Xanthomonas albilineans	29447	S	435	104	539	0.00009
Xanthomonas arboricola	56448	S	403	1082	1485	0.00025
Xanthomonas cucurbitae	56453	S	395	198	593	0.00010
Xanthomonas vesicatoria	56460	S	386	366	752	0.00012
Xanthomonas hortorum	56454	S	385	773	1158	0.00019
Xanthomonas fragariae	48664	S	376	119	495	0.00008
Xanthomonas cassavae	56450	S	272	191	463	0.00008
Xanthomonas vasicola	56459	S	262	263	525	0.00009
Xanthomonas axonopodis	53413	S	222	488	710	0.00012
Xanthomonas euroxanthea	2259622	S	147	406	553	0.00009
Xanthomonas euvesicatoria	456327	S	108	1130	1238	0.00021
Luteimonas sp. MC1750	2799326	S	1612	1071	2683	0.00045
Luteimonas sp. MC1572	2799325	S	1282	1093	2375	0.00039
Luteimonas sp. YGD11-2	2508168	S	1245	918	2163	0.00036
Luteimonas sp. JM171	1896164	S	1243	504	1747	0.00029
Luteimonas sp. MC1825	2761107	S	1143	1020	2163	0.00036
Luteimonas granuli	1176533	S	1596	1002	2598	0.00043
Luteimonas chenhongjianii	2006110	S	1245	483	1728	0.00029
Luteimonas yindakuii	2565782	S	1225	892	2117	0.00035
Thermomonas sp. SY21	2202149	S	1593	1303	2896	0.00048
Thermomonas sp. XSG	2771436	S	1214	861	2075	0.00034
Thermomonas sp. HDW16	2714945	S	895	572	1467	0.00024
Thermomonas brevis	215691	S	1906	1397	3303	0.00055
Thermomonas carbonis	1463158	S	1222	543	1765	0.00029
Pseudoxanthomonas suwonensis	314722	S	3583	3159	6742	0.00112
Pseudoxanthomonas mexicana	128785	S	2274	1321	3595	0.00060
Pseudoxanthomonas spadix	415229	S	941	505	1446	0.00024
Arenimonas daejeonensis	370777	S	2052	791	2843	0.00047
Pseudolysobacter antarcticus	2511995	S	1033	74	1107	0.00018
Xylella fastidiosa	2371	S	105	31	136	0.00002
Dyella thiooxydans	445710	S	1807	873	2680	0.00044
Dyella sp. G9	2763498	S	899	391	1290	0.00021
Dyella sp. M7H15-1	2501295	S	365	69	434	0.00007
Dyella japonica	231455	S	1097	495	1592	0.00026
Dyella caseinilytica	1849581	S	654	110	764	0.00013
Rhodanobacter denitrificans	666685	S	1741	1013	2754	0.00046
Rhodanobacter sp. FDAARGOS 1247	2778082	S	1387	850	2237	0.00037
Rhodanobacter glycinis	582702	S	1026	404	1430	0.00024
Dokdonella koreensis	323415	S	2763	875	3638	0.00060
Luteibacter pinisoli	2589080	S	1134	332	1466	0.00024
Luteibacter rhizovicinus	242606	S	1113	259	1372	0.00023
Ahniella affigens	2021234	S	1512	73	1585	0.00026
Aerosticca soli	2010829	S	1509	1020	2529	0.00042
Frateuria aurantia	81475	S	509	94	603	0.00010
Pseudomonas sp. TUM18999	2725477	S	738	251	989	0.00016
Pseudomonas sp. K2W31S-8	2320867	S	665	214	879	0.00015
Pseudomonas sp. TCU-HL1	1856685	S	553	186	739	0.00012
Pseudomonas sp. DY-1	1755504	S	542	166	708	0.00012
Pseudomonas sp. SCB32	2653853	S	486	259	745	0.00012
Pseudomonas sp. ATCC 13867	1294143	S	405	268	673	0.00011
Pseudomonas sp. LPB0260	2614442	S	360	128	488	0.00008
Pseudomonas sp. CC6-YY-74	1930532	S	357	80	437	0.00007
Pseudomonas sp. PDNC002	2811422	S	347	145	492	0.00008
Pseudomonas sp. S1-A32-2	2731681	S	321	88	409	0.00007
Pseudomonas sp. ABC1	2748080	S	288	54	342	0.00006
Pseudomonas sp. StFLB209	1028989	S	271	49	320	0.00005
Pseudomonas sp. SK	2729423	S	270	106	376	0.00006
Pseudomonas sp. 02C 26	2054914	S	245	60	305	0.00005
Pseudomonas sp. S-6-2	1931241	S	234	25	259	0.00004
Pseudomonas sp. CMR5c	658630	S	225	350	575	0.00010
Pseudomonas sp. OIL-1	2706126	S	222	84	306	0.00005
Pseudomonas sp. BIGb0427	2724470	S	220	244	464	0.00008
Pseudomonas sp. 7SR1	1881017	S	217	62	279	0.00005
Pseudomonas sp. gcc21	2726989	S	212	91	303	0.00005
Pseudomonas sp. LAB-08	143813	S	201	102	303	0.00005
Pseudomonas sp. MSPm1	2726956	S	192	66	258	0.00004
Pseudomonas sp. R32	1573704	S	184	211	395	0.00007
Pseudomonas sp. SNU WT1	2518644	S	180	141	321	0.00005
Pseudomonas sp. B11D7D	2735906	S	180	61	241	0.00004
Pseudomonas sp. ADPe	2774873	S	168	255	423	0.00007
Pseudomonas sp. MPC6	2498848	S	164	55	219	0.00004
Pseudomonas sp. RtIB026	2749999	S	159	85	244	0.00004
Pseudomonas sp. 15A4	2804761	S	156	34	190	0.00003
Pseudomonas sp. URMO17WK12:I11	1283291	S	148	90	238	0.00004
Pseudomonas sp. DTU12.3	2073078	S	144	99	243	0.00004
Pseudomonas sp. HLS-6	2049589	S	142	34	176	0.00003
Pseudomonas sp. CCOS 191	1649877	S	136	129	265	0.00004
Pseudomonas sp. ADAK13	2730847	S	135	58	193	0.00003
Pseudomonas sp. M30-35	1981174	S	132	9	141	0.00002
Pseudomonas sp. 31-12	2201356	S	130	67	197	0.00003
Pseudomonas sp. Leaf58	1736226	S	121	29	150	0.00002
Pseudomonas sp. S34	1573718	S	120	59	179	0.00003
Pseudomonas sp. S09G 359	2054919	S	116	51	167	0.00003
Pseudomonas sp. DG56-2	2320270	S	116	23	139	0.00002
Pseudomonas sp. ACM7	2052956	S	107	44	151	0.00003
Pseudomonas sp. Tri1	2823875	S	106	35	141	0.00002
Pseudomonas sp. S35	1573719	S	104	61	165	0.00003
Pseudomonas sp. R5-89-07	658644	S	100	100	200	0.00003
Pseudomonas aeruginosa	287	S	2523	6425	8948	0.00148
Pseudomonas furukawaii	1149133	S	1116	275	1391	0.00023
Pseudomonas oleovorans	301	S	104	134	238	0.00004
Pseudomonas mendocina	300	S	1192	403	1595	0.00026
Pseudomonas alcaligenes	43263	S	986	324	1310	0.00022
Pseudomonas nitroreducens	46680	S	347	154	501	0.00008
Pseudomonas multiresinivorans	95301	S	282	139	421	0.00007
Pseudomonas resinovorans	53412	S	716	279662	280378	0.04651
Pseudomonas citronellolis	53408	S	503	351	854	0.00014
Pseudomonas fluorescens	294	S	2619	963	3582	0.00059
Pseudomonas protegens	380021	S	725	169	894	0.00015
Pseudomonas azotoformans	47878	S	426	139	565	0.00009
Pseudomonas orientalis	76758	S	360	88	448	0.00007
Pseudomonas synxantha	47883	S	272	151	423	0.00007
Pseudomonas trivialis	200450	S	252	80	332	0.00006
Pseudomonas poae	200451	S	206	93	299	0.00005
Pseudomonas corrugata	47879	S	195	49	244	0.00004
Pseudomonas rhodesiae	76760	S	179	46	225	0.00004
Pseudomonas tolaasii	29442	S	178	30	208	0.00003
Pseudomonas mediterranea	183795	S	157	45	202	0.00003
Pseudomonas mucidolens	46679	S	145	20	165	0.00003
Pseudomonas migulae	78543	S	136	69	205	0.00003
Pseudomonas cedrina	651740	S	123	32	155	0.00003
Pseudomonas brenneri	129817	S	110	29	139	0.00002
Pseudomonas lalkuanensis	2604832	S	6498	1247	7745	0.00128
Pseudomonas putida	303	S	3719	1738	5457	0.00091
Pseudomonas oryzihabitans	47885	S	991	225	1216	0.00020
Pseudomonas monteilii	76759	S	415	249	664	0.00011
Pseudomonas fulva	47880	S	381	868	1249	0.00021
Pseudomonas plecoglossicida	70775	S	222	109	331	0.00006
Pseudomonas stutzeri	316	S	5029	1635	6664	0.00111
Pseudomonas balearica	74829	S	717	363	1080	0.00018
Pseudomonas xanthomarina	271420	S	259	51	310	0.00005
Pseudomonas syringae	317	S	693	1143	1836	0.00030
Pseudomonas viridiflava	33069	S	215	28	243	0.00004
Pseudomonas cichorii	36746	S	196	19	215	0.00004
Pseudomonas asturiensis	1190415	S	170	19	189	0.00003
Pseudomonas coronafaciens	53409	S	135	34	169	0.00003
Pseudomonas chlororaphis	587753	S	1900	1318	3218	0.00053
Pseudomonas lundensis	86185	S	185	19	204	0.00003
Pseudomonas fragi	296	S	121	36	157	0.00003
Pseudomonas psychrotolerans	237610	S	875	193	1068	0.00018
Pseudomonas otitidis	319939	S	833	192	1025	0.00017
Pseudomonas oryzae	1392877	S	796	266	1062	0.00018
Pseudomonas knackmussii	65741	S	756	316	1072	0.00018
Pseudomonas entomophila	312306	S	611	192	803	0.00013
Pseudomonas denitrificans (nom. rej.)	43306	S	520	120	640	0.00011
Pseudomonas guangdongensis	1245526	S	520	179	699	0.00012
Pseudomonas parafulva	157782	S	412	83	495	0.00008
Pseudomonas eucalypticola	2599595	S	403	54	457	0.00008
Pseudomonas xinjiangensis	487184	S	351	30	381	0.00006
Pseudomonas cremoricolorata	157783	S	293	45	338	0.00006
Pseudomonas saudiphocaensis	1499686	S	285	40	325	0.00005
Pseudomonas brassicacearum	930166	S	283	134	417	0.00007
Pseudomonas rhizosphaerae	216142	S	273	40	313	0.00005
Pseudomonas sabulinigri	472181	S	273	22	295	0.00005
Pseudomonas frederiksbergensis	104087	S	255	40	295	0.00005
Pseudomonas litoralis	797277	S	250	24	274	0.00005
Pseudomonas alkylphenolica	237609	S	241	35	276	0.00005
Pseudomonas yamanorum	515393	S	238	34	272	0.00005
Pseudomonas arsenicoxydans	702115	S	225	24	249	0.00004
Pseudomonas koreensis	198620	S	215	43	258	0.00004
Pseudomonas pohangensis	364197	S	215	21	236	0.00004
Pseudomonas umsongensis	198618	S	213	27	240	0.00004
Pseudomonas pelagia	553151	S	207	14	221	0.00004
Pseudomonas salegens	1434072	S	201	13	214	0.00004
Pseudomonas moraviensis	321662	S	191	51	242	0.00004
Pseudomonas antarctica	219572	S	184	27	211	0.00004
Pseudomonas vancouverensis	95300	S	183	24	207	0.00003
Pseudomonas palleroniana	191390	S	167	20	187	0.00003
Pseudomonas prosekii	1148509	S	167	20	187	0.00003
Pseudomonas agarici	46677	S	163	11	174	0.00003
Pseudomonas reinekei	395598	S	161	20	181	0.00003
Pseudomonas granadensis	1421430	S	159	38	197	0.00003
Pseudomonas marincola	437900	S	155	13	168	0.00003
Pseudomonas thivervalensis	86265	S	147	23	170	0.00003
Pseudomonas silesiensis	1853130	S	145	21	166	0.00003
Pseudomonas lurida	244566	S	143	22	165	0.00003
Pseudomonas sediminis	1691904	S	137	31	168	0.00003
Pseudomonas simiae	321846	S	132	22	154	0.00003
Pseudomonas extremaustralis	359110	S	126	19	145	0.00002
Pseudomonas viciae	2505979	S	123	19	142	0.00002
Pseudomonas lini	163011	S	117	15	132	0.00002
Pseudomonas taetrolens	47884	S	112	10	122	0.00002
Pseudomonas psychrophila	122355	S	109	10	119	0.00002
Pseudomonas graminis	158627	S	109	19	128	0.00002
Pseudomonas alcaliphila	101564	S	103	49	152	0.00003
Azotobacter chroococcum	353	S	793	588	1381	0.00023
Azotobacter vinelandii	354	S	548	0	548	0.00009
Azotobacter salinestris	69964	S	488	295	783	0.00013
Permianibacter aggregans	1510150	S	326	14	340	0.00006
Enterobacter cloacae	550	S	497	606	1103	0.00018
Enterobacter hormaechei	158836	S	141	1485	1626	0.00027
Enterobacter roggenkampii	1812935	S	127	367	494	0.00008
Enterobacter sp. JUb54	2724468	S	112	24	136	0.00002
Klebsiella pneumoniae	573	S	384	2323	2707	0.00045
Klebsiella aerogenes	548	S	269	74	343	0.00006
Klebsiella quasipneumoniae	1463165	S	167	669	836	0.00014
Klebsiella oxytoca	571	S	164	98	262	0.00004
Klebsiella michiganensis	1134687	S	155	347	502	0.00008
Citrobacter freundii	546	S	173	873	1046	0.00017
Citrobacter rodentium	67825	S	105	76	181	0.00003
Cronobacter sakazakii	28141	S	190	314	504	0.00008
Cronobacter dublinensis	413497	S	137	99	236	0.00004
Kosakonia cowanii	208223	S	157	290	447	0.00007
Leclercia adecarboxylata	83655	S	149	331	480	0.00008
Raoultella planticola	575	S	100	367	467	0.00008
Pluralibacter gergoviae	61647	S	411	82	493	0.00008
[Enterobacter] lignolyticus	1334193	S	157	37	194	0.00003
Salmonella enterica	28901	S	354	5000	5354	0.00089
Escherichia coli	562	S	338	6498	6836	0.00113
Cedecea neteri	158822	S	298	59	357	0.00006
Lelliottia amnigena	61646	S	102	16	118	0.00002
Jejubacter calystegiae	2579935	S	127	12	139	0.00002
Pseudescherichia vulneris	566	S	114	14	128	0.00002
Serratia marcescens	615	S	632	2000	2632	0.00044
Serratia plymuthica	82996	S	263	262	525	0.00009
Serratia fonticola	47917	S	145	95	240	0.00004
Serratia proteamaculans	28151	S	144	119	263	0.00004
Serratia rubidaea	61652	S	143	328	471	0.00008
Serratia odorifera	618	S	138	28	166	0.00003
Nissabacter sp. SGAir0207	2126321	S	297	44	341	0.00006
Gibbsiella quercinecans	929813	S	207	36	243	0.00004
Rouxiella badensis	1646377	S	120	11	131	0.00002
Ewingella americana	41202	S	108	13	121	0.00002
Pantoea sp. At-9b	592316	S	111	33	144	0.00002
Pantoea sp. PSNIH1	1484158	S	110	49	159	0.00003
Pantoea sp. SO10	2575375	S	107	19	126	0.00002
Pantoea dispersa	59814	S	497	123	620	0.00010
Pantoea vagans	470934	S	202	228	430	0.00007
Pantoea ananatis	553	S	162	41	203	0.00003
Pantoea agglomerans	549	S	137	44	181	0.00003
Pantoea cypripedii	55209	S	120	15	135	0.00002
Erwinia gerundensis	1619313	S	120	213	333	0.00006
Mixta gaviniae	665914	S	183	65	248	0.00004
Mixta calida	665913	S	182	84	266	0.00004
Mixta theicola	1458355	S	162	54	216	0.00004
Buchnera aphidicola	9	S	113	16	129	0.00002
Dickeya zeae	204042	S	166	109	275	0.00005
Dickeya paradisiaca	69223	S	150	0	150	0.00002
Dickeya dadantii	204038	S	147	375	522	0.00009
Dickeya chrysanthemi	556	S	119	43	162	0.00003
Dickeya dianthicola	204039	S	113	176	289	0.00005
Pectobacterium carotovorum	554	S	107	350	457	0.00008
Brenneria goodwinii	1109412	S	120	147	267	0.00004
Brenneria sp. Ir50	2722756	S	111	141	252	0.00004
Lonsdalea britannica	1082704	S	114	30	144	0.00002
Lonsdalea populi	1172565	S	105	31	136	0.00002
Edwardsiella tarda	636	S	197	485	682	0.00011
Edwardsiella hoshinae	93378	S	114	34	148	0.00002
Morganella morganii	582	S	172	54	226	0.00004
Sodalis praecaptivus	1239307	S	132	138	270	0.00004
Thioalkalivibrio nitratireducens	186931	S	1057	364	1421	0.00024
Thioalkalivibrio sulfidiphilus	1033854	S	1012	321	1333	0.00022
Thioalkalivibrio paradoxus	108010	S	959	363	1322	0.00022
Thioalkalivibrio versutus	106634	S	635	151	786	0.00013
Thioalkalivibrio sp. K90mix	396595	S	626	123	749	0.00012
Acidihalobacter aeolianus	2792603	S	835	167	1002	0.00017
Acidihalobacter ferrooxydans	1765967	S	712	104	816	0.00014
Acidihalobacter yilgarnenesis	2819280	S	480	60	540	0.00009
Spiribacter curvatus	1335757	S	469	58	527	0.00009
Spiribacter sp. 2438	2666185	S	468	71	539	0.00009
Spiribacter salinus	1335746	S	394	50	444	0.00007
Halorhodospira halophila	1053	S	946	179	1125	0.00019
Halorhodospira halochloris	1052	S	150	8	158	0.00003
Aquisalimonas sp. 2447	2740807	S	946	139	1085	0.00018
Alkalilimnicola ehrlichii	351052	S	828	190	1018	0.00017
Ectothiorhodospira haloalkaliphila	421628	S	306	154	460	0.00008
Ectothiorhodospira sp. BSL-9	1442136	S	298	143	441	0.00007
Thioflavicoccus mobilis	80679	S	1365	219	1584	0.00026
Candidatus Thiodictyon syntrophicum	1166950	S	1318	134	1452	0.00024
Marichromatium purpuratum	37487	S	1199	328	1527	0.00025
Allochromatium vinosum	1049	S	980	330	1310	0.00022
Thiocystis violascens	73141	S	876	122	998	0.00017
Thermochromatium tepidum	1050	S	634	199	833	0.00014
Caldichromatium japonicum	2699430	S	401	51	452	0.00007
Nitrosococcus halophilus	133539	S	102	73	175	0.00003
Wenzhouxiangella marina	1579979	S	903	115	1018	0.00017
Wenzhouxiangella sp. AB-CW3	2771012	S	548	63	611	0.00010
Thiohalobacter sp. COW1	2795687	S	210	591	801	0.00013
Thiohalobacter thiocyanaticus	585455	S	173	634	807	0.00013
Guyparkeria halophila	47960	S	869	227	1096	0.00018
Sulfurivermis fontis	1972068	S	868	280	1148	0.00019
Halothiobacillus sp. LS2	1860122	S	466	61	527	0.00009
Halothiobacillus neapolitanus	927	S	173	15	188	0.00003
Woeseia oceani	1548547	S	516	19	535	0.00009
Granulosicoccus antarcticus	437505	S	225	5	230	0.00004
Sulfuriflexus mobilis	1811807	S	212	13	225	0.00004
Halomonas sp. THAF5a	2587844	S	624	516	1140	0.00019
Halomonas sp. YLGW01	2773308	S	481	188	669	0.00011
Halomonas sp. HG01	1609967	S	460	507	967	0.00016
Halomonas sp. MCCC 1A13316	2733487	S	454	187	641	0.00011
Halomonas sp. BC-M4-5	2497861	S	440	284	724	0.00012
Halomonas sp. 1513	1883416	S	425	323	748	0.00012
Halomonas sp. MCCC 1A13718	2733488	S	409	250	659	0.00011
Halomonas sp. THAF12	2587849	S	409	483	892	0.00015
Halomonas sp. JS92-SW72	2306583	S	370	737	1107	0.00018
Halomonas sp. PGE1	2730360	S	275	619	894	0.00015
Halomonas sp. Y2R2	2562282	S	198	21	219	0.00004
Halomonas sp. SH5A2	2749040	S	149	56	205	0.00003
Halomonas sp. A40-4	2785909	S	132	58	190	0.00003
Halomonas sp. KO116	1504981	S	107	134	241	0.00004
Halomonas beimenensis	475662	S	702	401	1103	0.00018
Halomonas aestuarii	1897729	S	567	374	941	0.00016
Halomonas elongata	2746	S	405	128	533	0.00009
Halomonas socia	1081866	S	394	260	654	0.00011
Halomonas chromatireducens	507626	S	325	102	427	0.00007
Halomonas subglaciescola	29571	S	264	51	315	0.00005
Halomonas meridiana	29570	S	258	213	471	0.00008
Halomonas huangheensis	1178482	S	242	29	271	0.00004
Halomonas hydrothermalis	115561	S	226	464	690	0.00011
Halomonas piezotolerans	2609667	S	134	130	264	0.00004
Halotalea alkalilenta	376489	S	860	187	1047	0.00017
Salinicola tamaricis	1771309	S	788	244	1032	0.00017
Cobetia sp. L2A1	2686360	S	174	339	513	0.00009
Kushneria phosphatilytica	657387	S	186	21	207	0.00003
Kushneria marisflavi	157779	S	180	67	247	0.00004
Kushneria konosiri	698828	S	155	60	215	0.00004
Chromohalobacter salexigens	158080	S	443	139	582	0.00010
Pistricoccus aurantiacus	1883414	S	337	73	410	0.00007
Zymobacter palmae	33074	S	126	14	140	0.00002
Alcanivorax sp. N3-2A	2014542	S	657	229	886	0.00015
Alcanivorax pacificus	1306787	S	540	82	622	0.00010
Alcanivorax dieselolei	285091	S	307	199	506	0.00008
Alcanivorax xenomutans	1094342	S	228	166	394	0.00007
Ketobacter alkanivorans	1917421	S	131	7	138	0.00002
Marinobacterium aestuarii	1821621	S	349	34	383	0.00006
Marinobacterium georgiense	48076	S	116	17	133	0.00002
Saccharospirillum mangrovi	2161747	S	292	22	314	0.00005
Reinekea forsetii	1336806	S	140	6	146	0.00002
Hahella sp. KA22	1628392	S	202	40	242	0.00004
Hahella chejuensis	158327	S	193	36	229	0.00004
Litoricola lipolytica	418701	S	138	9	147	0.00002
Steroidobacter denitrificans	465721	S	4808	499	5307	0.00088
Solimonas sp. K1W22B-7	2303331	S	2912	536	3448	0.00057
Sinimarinibacterium sp. NLF-5-8	2698684	S	496	76	572	0.00009
Marinobacter sp. LPB0319	2769486	S	215	56	271	0.00004
Marinobacter sp. NP-4(2019)	2488665	S	201	163	364	0.00006
Marinobacter sp. Arc7-DN-1	2304594	S	172	159	331	0.00006
Marinobacter fonticola	2603215	S	277	30	307	0.00005
Marinobacter salarius	1420917	S	217	89	306	0.00005
Marinobacter salsuginis	418719	S	201	161	362	0.00006
Marinobacter hydrocarbonoclasticus	2743	S	184	95	279	0.00005
Marinobacter salinus	1874317	S	149	36	185	0.00003
Hydrocarboniclastica marina	2259620	S	192	27	219	0.00004
Shewanella loihica	359303	S	149	196	345	0.00006
Shewanella khirikhana	1965282	S	101	140	241	0.00004
Pseudoalteromonas rubra	43658	S	137	171	308	0.00005
Ferrimonas balearica	44012	S	229	53	282	0.00005
Aeromonas veronii	654	S	634	482	1116	0.00019
Aeromonas hydrophila	644	S	565	1431	1996	0.00033
Aeromonas media	651	S	382	376	758	0.00013
Aeromonas sp. CA23	2033032	S	129	75	204	0.00003
Aeromonas schubertii	652	S	281	55	336	0.00006
Aeromonas encheleia	73010	S	261	96	357	0.00006
Aeromonas simiae	218936	S	253	69	322	0.00005
Aeromonas caviae	648	S	232	997	1229	0.00020
Aeromonas salmonicida	645	S	201	136	337	0.00006
Aeromonas dhakensis	196024	S	126	193	319	0.00005
Aeromonas jandaei	650	S	116	119	235	0.00004
Zobellella denitrificans	347534	S	572	157	729	0.00012
Oceanimonas sp. GK1	511062	S	251	60	311	0.00005
Dongshaea marina	2047966	S	124	6	130	0.00002
Methylococcus sp. IM1	2681310	S	830	196	1026	0.00017
Methylococcus sp. EFPC2	2812648	S	761	87	848	0.00014
Methylococcus capsulatus	414	S	666	139	805	0.00013
Methylomonas sp. LL1	2785785	S	211	18	229	0.00004
Methylomonas sp. EFPC1	2812647	S	103	63	166	0.00003
Methylomonas sp. LW13	107637	S	101	60	161	0.00003
Methylomonas denitrificans	1538553	S	219	38	257	0.00004
Methylomonas rhizoryzae	2608981	S	213	13	226	0.00004
Methylomonas methanica	421	S	195	15	210	0.00003
Methylomonas koyamae	702114	S	147	339	486	0.00008
Methylocaldum marinum	1432792	S	965	66	1031	0.00017
Methylomicrobium album	39775	S	728	60	788	0.00013
Methylomicrobium sp. wino1	2049332	S	114	123	237	0.00004
Candidatus Methylospira mobilis	1808979	S	288	16	304	0.00005
Methylovulum psychrotolerans	1704499	S	115	4	119	0.00002
Sulfurifustis variabilis	1675686	S	3615	491	4106	0.00068
Sulfuricaulis limicola	1620215	S	1461	227	1688	0.00028
Acidiferrobacter sp. SPIII_3	1281578	S	668	40	708	0.00012
Microbulbifer sp. SH-1	2681547	S	267	51	318	0.00005
Microbulbifer sp. ALW1	1516059	S	234	49	283	0.00005
Microbulbifer sp. YPW1	2745199	S	208	69	277	0.00005
Microbulbifer aggregans	1769779	S	291	40	331	0.00006
Microbulbifer thermotolerans	252514	S	251	25	276	0.00005
Microbulbifer hydrolyticus	48074	S	200	40	240	0.00004
Microbulbifer agarilyticus	260552	S	159	21	180	0.00003
Cellvibrio sp. PSBB006	1987723	S	446	29	475	0.00008
Cellvibrio sp. KY-GH-1	2303332	S	113	17	130	0.00002
Cellvibrio japonicus	155077	S	115	11	126	0.00002
Simiduia agarivorans	447471	S	221	20	241	0.00004
Halioglobus pacificus	930806	S	212	13	225	0.00004
Halioglobus maricola	2601894	S	206	21	227	0.00004
Halioglobus japonicus	930805	S	202	23	225	0.00004
Kineobactrum salinum	2708301	S	453	39	492	0.00008
Congregibacter litoralis	393662	S	192	38	230	0.00004
Spongiibacter sp. CSC3.9	2794344	S	171	20	191	0.00003
Vibrio anguillarum	55601	S	800	332	1132	0.00019
Vibrio fluvialis	676	S	132	23	155	0.00003
Vibrio furnissii	29494	S	124	26	150	0.00003
Vibrio vulnificus	672	S	118	16	134	0.00002
Immundisolibacter cernigliae	1810504	S	2492	510	3002	0.00050
Legionella pneumophila	446	S	569	193	762	0.00013
Aquicella siphonis	254247	S	339	57	396	0.00007
Thiothrix sp.	1032	S	181	82	263	0.00004
Sedimenticola thiotaurini	1543721	S	302	18	320	0.00005
Candidatus Reidiella endopervernicosa	2738883	S	232	9	241	0.00004
Thiolapillus brandeum	1076588	S	197	10	207	0.00003
Pseudohongiella spirulinae	1249552	S	155	6	161	0.00003
Salinisphaera sp. LB1	2183911	S	1022	99	1121	0.00019
Pasteurella multocida	747	S	326	667	993	0.00016
endosymbiont of unidentified scaly snail isolate Monju	1248727	S	787	125	912	0.00015
Cardiobacterium hominis	2718	S	264	29	293	0.00005
Archangium violaceum	83451	S	33075	11397	44472	0.00738
Archangium gephyra	48	S	14779	5782	20561	0.00341
Cystobacter fuscus	43	S	4334	1593	5927	0.00098
Stigmatella aurantiaca	41	S	3567	767	4334	0.00072
Melittangium boletus	83453	S	3048	1104	4152	0.00069
Myxococcus xanthus	34	S	3447	2176	5623	0.00093
Myxococcus hansupus	1297742	S	1790	932	2722	0.00045
Myxococcus stipitatus	83455	S	1450	1116	2566	0.00043
Myxococcus sp. SCHIC003	2813577	S	1398	1052	2450	0.00041
Pyxidicoccus sp. SCPEA002	2813578	S	7283	2066	9349	0.00155
Corallococcus coralloides	184914	S	4922	2019	6941	0.00115
Corallococcus macrosporus	35	S	2037	2743	4780	0.00079
Anaeromyxobacter sp. Fw109-5	404589	S	4619	1048	5667	0.00094
Anaeromyxobacter sp. K	447217	S	999	2666	3665	0.00061
Anaeromyxobacter dehalogenans	161493	S	3226	4021	7247	0.00120
Vulgatibacter incomptus	1391653	S	2699	433	3132	0.00052
Sorangium cellulosum	56	S	39837	10839	50676	0.00841
Chondromyces crocatus	52	S	4377	611	4988	0.00083
Pajaroellobacter abortibovis	1882918	S	139	5	144	0.00002
Minicystis rosea	888845	S	11429	2012	13441	0.00223
Sandaracinus amylolyticus	927083	S	9044	1341	10385	0.00172
Labilithrix luteola	1391654	S	6753	632	7385	0.00122
Haliangium ochraceum	80816	S	6028	838	6866	0.00114
Geobacter sp. M18	443143	S	919	486	1405	0.00023
Geobacter sp. FeAm09	2597769	S	697	158	855	0.00014
Geobacter sp. SVR	2495594	S	479	84	563	0.00009
Geobacter sp. M21	443144	S	398	381	779	0.00013
Geobacter sp. DSM 9736	1277350	S	279	22	301	0.00005
Geobacter sp. Jerry-YX	2815309	S	275	64	339	0.00006
Geobacter sulfurreducens	35554	S	846	382	1228	0.00020
Geobacter pickeringii	345632	S	717	198	915	0.00015
Geobacter bemidjiensis	225194	S	530	503	1033	0.00017
Geobacter bremensis	60035	S	517	288	805	0.00013
Geobacter metallireducens	28232	S	456	113	569	0.00009
Geobacter uraniireducens	351604	S	344	36	380	0.00006
Geobacter lovleyi	313985	S	243	30	273	0.00005
Geobacter daltonii	1203471	S	214	17	231	0.00004
Geoalkalibacter subterraneus	483547	S	346	208	554	0.00009
Desulfuromonas sp. DDH964	1823759	S	928	226	1154	0.00019
Desulfuromonas soudanensis	1603606	S	866	145	1011	0.00017
Pelobacter propionicus	29543	S	501	150	651	0.00011
Syntrophotalea acetylenica	29542	S	307	63	370	0.00006
Syntrophotalea carbinolica	19	S	245	26	271	0.00004
Syntrophotalea acetylenivorans	1842532	S	153	23	176	0.00003
Desulfovibrio vulgaris	881	S	1021	139	1160	0.00019
Desulfovibrio marinus	370038	S	909	139	1048	0.00017
Desulfovibrio carbinoliphilus	345370	S	767	193	960	0.00016
Desulfovibrio sp. IOR2	2583823	S	360	92	452	0.00008
Desulfovibrio sp. 86	2666132	S	144	28	172	0.00003
Desulfovibrio sulfodismutans	63561	S	432	167	599	0.00010
Desulfovibrio gigas	879	S	428	57	485	0.00008
Desulfovibrio fairfieldensis	44742	S	343	52	395	0.00007
Desulfovibrio piger	901	S	335	81	416	0.00007
Desulfovibrio desulfuricans	876	S	325	182	507	0.00008
Desulfovibrio magneticus	184917	S	309	366	675	0.00011
Desulfovibrio carbinolicus	296842	S	270	371	641	0.00011
Desulfovibrio alaskensis	58180	S	157	143	300	0.00005
Desulfovibrio ferrophilus	241368	S	143	14	157	0.00003
Pseudodesulfovibrio indicus	1716143	S	614	232	846	0.00014
Pseudodesulfovibrio mercurii	641491	S	512	212	724	0.00012
Pseudodesulfovibrio aespoeensis	182210	S	424	251	675	0.00011
Pseudodesulfovibrio cashew	2678688	S	325	78	403	0.00007
Pseudodesulfovibrio sp. zrk46	2725288	S	122	16	138	0.00002
Desulfocurvibacter africanus	873	S	625	105	730	0.00012
Desulfolutivibrio sulfoxidireducens	2773299	S	442	210	652	0.00011
Desulfomicrobium baculatum	899	S	394	90	484	0.00008
Desulfomicrobium orale	132132	S	219	102	321	0.00005
Desulfohalobium retbaense	45663	S	118	10	128	0.00002
Desulfosarcina alkanivorans	571177	S	517	185	702	0.00012
Desulfosarcina ovata	83564	S	429	40	469	0.00008
Desulfosarcina widdelii	947919	S	400	60	460	0.00008
Desulfococcus multivorans	897	S	335	76	411	0.00007
Desulfococcus oleovorans	181663	S	306	47	353	0.00006
Desulfatibacillum aliphaticivorans	218208	S	254	19	273	0.00005
Desulfobulbus propionicus	894	S	382	61	443	0.00007
Desulfobulbus oralis	1986146	S	252	96	348	0.00006
Desulfurivibrio alkaliphilus	427923	S	276	35	311	0.00005
Persicimonas caeni	2292766	S	2021	204	2225	0.00037
Bradymonas sediminis	1548548	S	720	86	806	0.00013
Syntrophobacter fumaroxidans	119484	S	577	191	768	0.00013
Desulfoglaeba alkanexedens	361111	S	527	62	589	0.00010
Syntrophus aciditrophicus	316277	S	151	14	165	0.00003
Desulfomonile tiedjei	2358	S	143	3	146	0.00002
Desulfobacca acetoxidans	60893	S	135	9	144	0.00002
Desulfarculus baarsii	453230	S	950	605	1555	0.00026
Nitratifractor salsuginis	269261	S	142	43	185	0.00003
Hydrogenimonas urashimensis	2740515	S	158	59	217	0.00004
Acidithiobacillus caldus	33059	S	336	52	388	0.00006
Acidithiobacillus ferrivorans	160808	S	218	55	273	0.00005
Acidithiobacillus ferrooxidans	920	S	152	230	382	0.00006
Bdellovibrio bacteriovorus	959	S	256	68	324	0.00005
Hydrogenophilus thermoluteolus	297	S	458	70	528	0.00009
Mariprofundus ferrinatatus	1921087	S	118	9	127	0.00002
Streptomyces sp. M2	646637	S	5549	2518	8067	0.00134
Streptomyces sp. WAC 01438	2203204	S	4922	2598	7520	0.00125
Streptomyces sp. NHF165	2175864	S	2390	744	3134	0.00052
Streptomyces sp. SN-593	659352	S	2158	732	2890	0.00048
Streptomyces sp. SCSIO 3032	1264596	S	2066	690	2756	0.00046
Streptomyces sp. CdTB01	1725411	S	2057	904	2961	0.00049
Streptomyces sp. NA02950	2742137	S	1928	633	2561	0.00042
Streptomyces sp. TLI_053	1855352	S	1911	763	2674	0.00044
Streptomyces sp. ZYC-3	2797636	S	1872	724	2596	0.00043
Streptomyces sp. CRXT-G-22	2768066	S	1825	609	2434	0.00040
Streptomyces sp. So13.3	2136173	S	1820	540	2360	0.00039
Streptomyces sp. P3	2135430	S	1800	749	2549	0.00042
Streptomyces sp. PBH53	1577075	S	1790	1118	2908	0.00048
Streptomyces sp. CRXT-Y-14	2768069	S	1741	690	2431	0.00040
Streptomyces sp. CB01881	2078691	S	1674	644	2318	0.00038
Streptomyces sp. Z423-1	2730915	S	1604	743	2347	0.00039
Streptomyces sp. SCUT-3	2684469	S	1584	777	2361	0.00039
Streptomyces sp. HM190	2695266	S	1581	738	2319	0.00038
Streptomyces sp. SAT1	1849967	S	1561	754	2315	0.00038
Streptomyces sp. DSM 40868	2721173	S	1483	793	2276	0.00038
Streptomyces sp. QMT-12	2717324	S	1482	529	2011	0.00033
Streptomyces sp. CCM_MD2014	1561022	S	1448	2067	3515	0.00058
Streptomyces sp. CRPJ-33	2768068	S	1414	607	2021	0.00034
Streptomyces sp. 3214.6	1882757	S	1363	621	1984	0.00033
Streptomyces sp. NEAU-sy36	2751189	S	1351	750	2101	0.00035
Streptomyces sp. GS7	2692234	S	1322	548	1870	0.00031
Streptomyces sp. NA04227	2742136	S	1317	427	1744	0.00029
Streptomyces sp. YIM 121038	2136401	S	1285	534	1819	0.00030
Streptomyces sp. JB150	2714844	S	1262	735	1997	0.00033
Streptomyces sp. Go-475	2072505	S	1262	841	2103	0.00035
Streptomyces sp. SYP-A7193	2662065	S	1242	1085	2327	0.00039
Streptomyces sp. C8S0	2585716	S	1181	477	1658	0.00028
Streptomyces sp. RPA4-2	2721244	S	1155	563	1718	0.00028
Streptomyces sp. CMB-StM0423	2059884	S	1134	1306	2440	0.00040
Streptomyces sp. QHH-9511	2684468	S	1121	461	1582	0.00026
Streptomyces sp. MBT27	1488356	S	1093	415	1508	0.00025
Streptomyces sp. Z022	1442032	S	1032	542	1574	0.00026
Streptomyces sp. RTd22	1841249	S	1022	939	1961	0.00033
Streptomyces sp. HSG2	2797167	S	1005	309	1314	0.00022
Streptomyces sp. W1SF4	2305220	S	1004	497	1501	0.00025
Streptomyces sp. RLB1-33	2721243	S	1004	954	1958	0.00032
Streptomyces sp. WAC 01529	2203205	S	999	501	1500	0.00025
Streptomyces sp. Rer75	2750011	S	986	1021	2007	0.00033
Streptomyces sp. SM18	1736046	S	981	461	1442	0.00024
Streptomyces sp. SirexAA-E	862751	S	956	477	1433	0.00024
Streptomyces sp. 2323.1	1938841	S	951	426	1377	0.00023
Streptomyces sp. CB09001	2083284	S	928	916	1844	0.00031
Streptomyces sp. Tu 2975	2676871	S	885	426	1311	0.00022
Streptomyces sp. jing01	2726118	S	881	703	1584	0.00026
Streptomyces sp. fd1-xmd	1812480	S	787	591	1378	0.00023
Streptomyces sp. INR7	2607753	S	768	693	1461	0.00024
Streptomyces sp. NA03103	2742134	S	752	5570	6322	0.00105
Streptomyces sp. S4.7	2705439	S	705	359	1064	0.00018
Streptomyces sp. TN58	234612	S	690	549	1239	0.00021
Streptomyces sp. KPB2	2305221	S	676	7678	8354	0.00139
Streptomyces sp. WAC 06738	2203210	S	665	1441	2106	0.00035
Streptomyces sp. NA02536	2742133	S	652	1985	2637	0.00044
Streptomyces sp. SS52	2563602	S	630	3517	4147	0.00069
Streptomyces sp. SUK 48	2582831	S	599	557	1156	0.00019
Streptomyces sp. RPA4-5	2721245	S	585	462	1047	0.00017
Streptomyces sp. CNQ-509	444103	S	556	1174	1730	0.00029
Streptomyces sp. HF10	2692233	S	554	569	1123	0.00019
Streptomyces sp. SGAir0924	2109593	S	551	2608	3159	0.00052
Streptomyces sp. 769	1262452	S	540	443	983	0.00016
Streptomyces sp. Mg1	465541	S	503	808	1311	0.00022
Streptomyces sp. ADI95-16	1522758	S	497	745	1242	0.00021
Streptomyces sp. S063	2005885	S	467	423	890	0.00015
Streptomyces sp. AgN23	1188315	S	450	501	951	0.00016
Streptomyces sp. S8	1837283	S	445	477	922	0.00015
Streptomyces sp. Tue 6075	1661694	S	419	444	863	0.00014
Streptomyces sp. XC 2026	2782004	S	384	452	836	0.00014
Streptomyces sp. NEAU-S7GS2	2202000	S	370	408	778	0.00013
Streptomyces sp. MOE7	1961713	S	337	476	813	0.00013
Streptomyces sp. ID38640	1265399	S	335	379	714	0.00012
Streptomyces sp. Sge12	1972846	S	309	871	1180	0.00020
Streptomyces sp. CB00271	2750025	S	307	347	654	0.00011
Streptomyces sp. 3211	1964449	S	256	479	735	0.00012
Streptomyces sp. CFMR 7	1649184	S	217	390	607	0.00010
Streptomyces sp. 11-1-2	1851167	S	194	419	613	0.00010
Streptomyces sp. M56	1495638	S	177	541	718	0.00012
Streptomyces sp. CB04723	2748873	S	168	332	500	0.00008
Streptomyces sp. Tu6071	355249	S	142	815	957	0.00016
Streptomyces sp. CLI2509	1984801	S	122	745	867	0.00014
Streptomyces sp. endophyte_N2	2153485	S	116	398	514	0.00009
Streptomyces sp. 2114.2	1881022	S	107	669	776	0.00013
Streptomyces sp. LBUM 1480	2609808	S	105	1036	1141	0.00019
Streptomyces sp. WAC00288	2094021	S	100	299	399	0.00007
Streptomyces venezuelae	54571	S	6879	3800	10679	0.00177
Streptomyces bathyalis	2710756	S	6778	1640	8418	0.00140
Streptomyces viridosporus	67581	S	4793	2940	7733	0.00128
Streptomyces harbinensis	1176198	S	4571	1864	6435	0.00107
Streptomyces asterosporus	285570	S	3853	2215	6068	0.00101
Streptomyces albus	1888	S	3570	1234	4804	0.00080
Streptomyces chartreusis	1969	S	3507	2224	5731	0.00095
Streptomyces griseorubiginosus	67304	S	2850	1230	4080	0.00068
Streptomyces tendae	1932	S	2834	1363	4197	0.00070
Streptomyces armeniacus	83291	S	2827	827	3654	0.00061
Streptomyces lydicus	47763	S	2594	1867	4461	0.00074
Streptomyces seoulensis	73044	S	2567	1290	3857	0.00064
Streptomyces bingchenggensis	379067	S	2446	725	3171	0.00053
Streptomyces griseus	1911	S	1127	1318	2445	0.00041
Streptomyces sp. M54	2759525	S	112	319	431	0.00007
Streptomyces globisporus	1908	S	736	921	1657	0.00027
Streptomyces anulatus	1892	S	363	382	745	0.00012
Streptomyces capitiformicae	2014920	S	2223	651	2874	0.00048
Streptomyces buecherae	2763006	S	2146	730	2876	0.00048
Streptomyces tsukubensis	83656	S	2093	986	3079	0.00051
Streptomyces hygroscopicus	1912	S	1997	4580	6577	0.00109
Streptomyces cyaneochromogenes	2496836	S	1995	823	2818	0.00047
Streptomyces prasinus	67345	S	1964	882	2846	0.00047
Streptomyces ferrugineus	1413221	S	1946	869	2815	0.00047
Streptomyces rimosus	1927	S	1942	1426	3368	0.00056
Streptomyces aquilus	2548456	S	1938	797	2735	0.00045
Streptomyces cattleya	29303	S	1926	652	2578	0.00043
Streptomyces niveus	193462	S	1848	1196	3044	0.00051
Streptomyces xinghaiensis	1038928	S	1822	700	2522	0.00042
Streptomyces davaonensis	348043	S	1822	690	2512	0.00042
Streptomyces phaeolivaceus	2653200	S	1797	626	2423	0.00040
Streptomyces lincolnensis	1915	S	1795	736	2531	0.00042
Streptomyces spectabilis	68270	S	1776	833	2609	0.00043
Streptomyces nodosus	40318	S	1743	615	2358	0.00039
Streptomyces actuosus	1885	S	1724	922	2646	0.00044
Streptomyces cadmiisoli	2184053	S	1643	517	2160	0.00036
Streptomyces griseoviridis	45398	S	1557	659	2216	0.00037
Streptomyces avermitilis	33903	S	1528	583	2111	0.00035
Streptomyces glomeroaurantiacus	68210	S	1512	493	2005	0.00033
Streptomyces lunaelactis	1535768	S	1509	464	1973	0.00033
Streptomyces ambofaciens	1889	S	1469	1266	2735	0.00045
Streptomyces albulus	68570	S	1465	588	2053	0.00034
Streptomyces griseochromogenes	68214	S	1463	540	2003	0.00033
Streptomyces cacaoi	1898	S	1443	602	2045	0.00034
Streptomyces paludis	2282738	S	1428	433	1861	0.00031
Streptomyces dengpaensis	2049881	S	1416	497	1913	0.00032
Streptomyces rectiverticillatus	173860	S	1407	555	1962	0.00033
Streptomyces glaucescens	1907	S	1379	734	2113	0.00035
Streptomyces albireticuli	1940	S	1372	545	1917	0.00032
Streptomyces mobaraensis	35621	S	1349	516	1865	0.00031
Streptomyces antibioticus	1890	S	1346	637	1983	0.00033
Streptomyces rapamycinicus	1226757	S	1345	586	1931	0.00032
Streptomyces pactum	68249	S	1337	732	2069	0.00034
Streptomyces nigra	1827580	S	1334	680	2014	0.00033
Streptomyces alboflavus	67267	S	1321	503	1824	0.00030
Streptomyces olivoreticuli	68246	S	1321	460	1781	0.00030
Streptomyces vietnamensis	362257	S	1314	570	1884	0.00031
Streptomyces parvulus	146923	S	1307	726	2033	0.00034
Streptomyces coeruleorubidus	116188	S	1296	783	2079	0.00034
Streptomyces collinus	42684	S	1286	626	1912	0.00032
Streptomyces griseocarneus	51201	S	1281	539	1820	0.00030
Streptomyces incarnatus	665007	S	1274	637	1911	0.00032
Streptomyces galilaeus	33899	S	1244	570	1814	0.00030
Streptomyces clavuligerus	1901	S	1238	332	1570	0.00026
Streptomyces cyanogenus	80860	S	1236	675	1911	0.00032
Streptomyces globosus	68209	S	1218	512	1730	0.00029
Streptomyces luteoverticillatus	66425	S	1204	493	1697	0.00028
Streptomyces broussonetiae	2686304	S	1192	486	1678	0.00028
Streptomyces chromofuscus	42881	S	1187	609	1796	0.00030
Streptomyces fodineus	1904616	S	1181	567	1748	0.00029
Streptomyces qaidamensis	1783515	S	1171	675	1846	0.00031
Streptomyces ficellus	1977088	S	1166	516	1682	0.00028
Streptomyces tuirus	68278	S	1165	792	1957	0.00032
Streptomyces hundungensis	1077946	S	1155	427	1582	0.00026
Streptomyces aureoverticillatus	66871	S	1148	447	1595	0.00026
Streptomyces atratus	1893	S	1143	328	1471	0.00024
Streptomyces roseochromogenus	285450	S	1137	472	1609	0.00027
Streptomyces peucetius	1950	S	1125	398	1523	0.00025
Streptomyces subrutilus	36818	S	1064	522	1586	0.00026
Streptomyces pristinaespiralis	38300	S	1049	536	1585	0.00026
Streptomyces hawaiiensis	67305	S	1049	625	1674	0.00028
Streptomyces lavendulae	1914	S	1048	473	1521	0.00025
Streptomyces exfoliatus	1905	S	1037	463	1500	0.00025
Streptomyces katrae	68223	S	1021	477	1498	0.00025
Streptomyces gilvosporeus	553510	S	1013	374	1387	0.00023
Streptomyces nitrosporeus	28894	S	1005	387	1392	0.00023
Streptomyces pratensis	1169025	S	992	563	1555	0.00026
Streptomyces vinaceus	1960	S	983	458	1441	0.00024
Streptomyces formicae	1616117	S	980	499	1479	0.00025
Streptomyces tirandamycinicus	2174846	S	961	430	1391	0.00023
Streptomyces fagopyri	2662397	S	936	426	1362	0.00023
Streptomyces kanamyceticus	1967	S	934	445	1379	0.00023
Streptomyces alboniger	132473	S	933	451	1384	0.00023
Streptomyces spongiicola	1690221	S	917	389	1306	0.00022
Streptomyces pluripotens	1355015	S	905	281	1186	0.00020
Streptomyces rutgersensis	53451	S	896	515	1411	0.00023
Streptomyces finlayi	67296	S	839	255	1094	0.00018
Streptomyces gardneri	66892	S	803	441	1244	0.00021
Streptomyces qinzhouensis	2599401	S	795	267	1062	0.00018
Streptomyces nojiriensis	66374	S	718	404	1122	0.00019
Streptomyces leeuwenhoekii	1437453	S	709	601	1310	0.00022
Streptomyces albidoflavus	1886	S	436	1686	2122	0.00035
Streptomyces coelicolor	1902	S	154	787	941	0.00016
Streptomyces cyaneogriseus	68192	S	632	621	1253	0.00021
Streptomyces fungicidicus	68203	S	630	1917	2547	0.00042
Streptomyces violaceusniger	68280	S	586	429	1015	0.00017
Streptomyces koyangensis	188770	S	563	649	1212	0.00020
Streptomyces olivaceus	47716	S	552	1113	1665	0.00028
Streptomyces noursei	1971	S	450	406	856	0.00014
Streptomyces platensis	58346	S	441	359	800	0.00013
Streptomyces fulvissimus	68202	S	426	1736	2162	0.00036
Streptomyces antimycoticus	68175	S	424	489	913	0.00015
Streptomyces viridifaciens	48665	S	378	1358	1736	0.00029
Streptomyces xiamenensis	408015	S	282	316	598	0.00010
Streptomyces alfalfae	1642299	S	207	995	1202	0.00020
Streptomyces cavourensis	67258	S	204	409	613	0.00010
Streptomyces californicus	67351	S	195	583	778	0.00013
Streptomyces murinus	33900	S	155	493	648	0.00011
Streptomyces autolyticus	75293	S	143	566	709	0.00012
Streptomyces malaysiensis	92644	S	138	472	610	0.00010
Streptomyces lividans	1916	S	129	34574	34703	0.00576
Streptomyces fradiae	1906	S	129	179795	179924	0.02984
Streptomyces solisilvae	1929477	S	126	431	557	0.00009
Streptomyces cinereoruber	67260	S	117	579	696	0.00012
Streptomyces scabiei	1930	S	105	834	939	0.00016
Kitasatospora sp. MMS16-BH015	2018025	S	1759	674	2433	0.00040
Kitasatospora sp. NA04385	2742135	S	1351	862	2213	0.00037
Kitasatospora setae	2066	S	1321	811	2132	0.00035
Kitasatospora albolonga	68173	S	540	454	994	0.00016
Kitasatospora aureofaciens	1894	S	218	928	1146	0.00019
Streptacidiphilus sp. P02-A3a	2704468	S	1711	664	2375	0.00039
Streptacidiphilus sp. PB12-B1b	2705012	S	1495	697	2192	0.00036
Streptacidiphilus bronchialis	2126346	S	1478	612	2090	0.00035
Microbacterium sp. NY27	2782169	S	1786	897	2683	0.00045
Microbacterium sp. WY121	2782168	S	1203	616	1819	0.00030
Microbacterium sp. No. 7	1714373	S	1060	553	1613	0.00027
Microbacterium sp. 4R-513	2567934	S	966	413	1379	0.00023
Microbacterium sp. 10M-3C3	2483401	S	841	579	1420	0.00024
Microbacterium sp. JZ31	1906274	S	810	425	1235	0.00020
Microbacterium sp. YJN-G	2763257	S	702	402	1104	0.00018
Microbacterium sp. A18JL200	2782167	S	594	319	913	0.00015
Microbacterium sp. XT11	367477	S	587	301	888	0.00015
Microbacterium sp. ABRD_28	2268461	S	587	224	811	0.00013
Microbacterium sp. BH-3-3-3	1906742	S	584	297	881	0.00015
Microbacterium sp. LKL04	912630	S	530	287	817	0.00014
Microbacterium sp. PM5	2014534	S	520	254	774	0.00013
Microbacterium sp. RG1	2489212	S	495	200	695	0.00012
Microbacterium sp. Y-01	2048898	S	485	450	935	0.00016
Microbacterium sp. Se63.02b	2709304	S	485	339	824	0.00014
Microbacterium sp. A18JL241	2782166	S	482	234	716	0.00012
Microbacterium sp. CBA3102	2603598	S	411	283	694	0.00012
Microbacterium sp. 1S1	2606451	S	398	609	1007	0.00017
Microbacterium sp. TPU 3598	1938334	S	391	301	692	0.00011
Microbacterium sp. Nx66	2766784	S	301	789	1090	0.00018
Microbacterium sp. HY82	2708079	S	278	59	337	0.00006
Microbacterium sp. PAMC 28756	1795053	S	253	990	1243	0.00021
Microbacterium sp. HY60	2769067	S	211	39	250	0.00004
Microbacterium sp. SGAir0570	2070348	S	100	898	998	0.00017
Microbacterium hominis	162426	S	1853	1080	2933	0.00049
Microbacterium foliorum	104336	S	1157	702	1859	0.00031
Microbacterium oleivorans	273677	S	924	425	1349	0.00022
Microbacterium lemovicicum	1072463	S	801	389	1190	0.00020
Microbacterium oxydans	82380	S	799	598	1397	0.00023
Microbacterium sediminis	904291	S	774	571	1345	0.00022
Microbacterium pygmaeum	370764	S	667	233	900	0.00015
Microbacterium testaceum	2033	S	656	282	938	0.00016
Microbacterium caowuchunii	2614638	S	652	257	909	0.00015
Microbacterium oryzae	743009	S	631	317	948	0.00016
Microbacterium protaetiae	2509458	S	609	199	808	0.00013
Microbacterium esteraromaticum	57043	S	604	285	889	0.00015
Microbacterium lushaniae	2614639	S	582	379	961	0.00016
Microbacterium chocolatum	84292	S	573	252	825	0.00014
Microbacterium wangchenii	2541726	S	570	360	930	0.00015
Microbacterium aurum	36805	S	540	328	868	0.00014
Microbacterium hydrocarbonoxydans	273678	S	452	251	703	0.00012
Microbacterium schleiferi	69362	S	417	169	586	0.00010
Microbacterium amylolyticum	936337	S	241	52	293	0.00005
Microbacterium endophyticum	1526412	S	180	21	201	0.00003
Agromyces sp. KACC 19306	2592652	S	992	500	1492	0.00025
Agromyces sp. LHK192	2498704	S	953	478	1431	0.00024
Agromyces sp. G127AT	2781962	S	823	395	1218	0.00020
Agromyces sp. HY052	2585717	S	583	263	846	0.00014
Agromyces flavus	589382	S	1321	680	2001	0.00033
Agromyces aureus	453304	S	1027	502	1529	0.00025
Agromyces protaetiae	2509455	S	828	394	1222	0.00020
Agromyces badenianii	2080742	S	663	382	1045	0.00017
Rathayibacter sp. VKM Ac-2759	2609252	S	741	402	1143	0.00019
Rathayibacter sp. VKM Ac-2760	2609253	S	660	466	1126	0.00019
Rathayibacter sp. VKM Ac-2804	2609257	S	516	538	1054	0.00017
Rathayibacter sp. VKM Ac-2801	2609255	S	277	382	659	0.00011
Rathayibacter sp. VKM Ac-2762	2609254	S	136	473	609	0.00010
Rathayibacter sp. VKM Ac-2805	2609258	S	133	467	600	0.00010
Rathayibacter festucae	110937	S	737	1210	1947	0.00032
Rathayibacter tanaceti	1671680	S	463	221	684	0.00011
Rathayibacter iranicus	59737	S	340	91	431	0.00007
Rathayibacter tritici	33888	S	307	170	477	0.00008
Rathayibacter rathayi	33887	S	273	142	415	0.00007
Rathayibacter toxicus	145458	S	121	14	135	0.00002
Leifsonia sp. 21MFCrub1.1	1798223	S	755	1293	2048	0.00034
Leifsonia sp. PS1209	2724914	S	723	368	1091	0.00018
Leifsonia xyli	1575	S	1696	1158	2854	0.00047
Leifsonia shinshuensis	150026	S	1116	510	1626	0.00027
Curtobacterium sp. YC1	2795488	S	516	383	899	0.00015
Curtobacterium sp. BH-2-1-1	1905847	S	514	341	855	0.00014
Curtobacterium sp. SGAir0471	2070337	S	495	426	921	0.00015
Curtobacterium sp. MR_MD2014	1561023	S	480	404	884	0.00015
Curtobacterium sp. 24E2	2804758	S	454	290	744	0.00012
Curtobacterium sp. Csp2	2495430	S	223	711	934	0.00015
Curtobacterium flaccumfaciens	2035	S	843	526	1369	0.00023
Curtobacterium pusillum	69373	S	516	226	742	0.00012
Clavibacter michiganensis	28447	S	2676	1771	4447	0.00074
Clavibacter sp. DM1	2768071	S	459	436	895	0.00015
Agrococcus carbonis	684552	S	1060	569	1629	0.00027
Agrococcus jejuensis	399736	S	941	505	1446	0.00024
Agrococcus sp. SGAir0287	2070347	S	837	453	1290	0.00021
Leucobacter muris	1935379	S	726	340	1066	0.00018
Leucobacter triazinivorans	1784719	S	629	287	916	0.00015
Leucobacter sp. CX169	2813744	S	389	125	514	0.00009
Leucobacter insecticola	2714934	S	179	31	210	0.00003
Leucobacter viscericola	2714935	S	168	42	210	0.00003
Leucobacter denitrificans	683042	S	133	21	154	0.00003
Salinibacterium sp. ZJ450	2708338	S	673	222	895	0.00015
Salinibacterium sp. ZJ70	2708084	S	528	265	793	0.00013
Salinibacterium sp. dk2585	2603292	S	460	161	621	0.00010
Salinibacterium sp. UTAS2018	2508880	S	219	26	245	0.00004
Salinibacterium hongtaonis	2079791	S	243	48	291	0.00005
Protaetiibacter sp. SSC-01	2759943	S	903	559	1462	0.00024
Protaetiibacter intestinalis	2419774	S	839	542	1381	0.00023
Cryobacterium sp. LW097	1978566	S	468	175	643	0.00011
Cryobacterium arcticum	670052	S	393	272	665	0.00011
Cryobacterium soli	2220095	S	392	264	656	0.00011
Frondihabitans sp. PAMC 28766	1795630	S	730	192	922	0.00015
Frondihabitans sp. 762G35	1446794	S	627	247	874	0.00015
Microterricola viridarii	412690	S	1333	588	1921	0.00032
Plantibacter sp. M259	2583822	S	213	277	490	0.00008
Plantibacter sp. PA-3-X8	2480625	S	203	272	475	0.00008
Plantibacter flavus	150123	S	239	261	500	0.00008
Humibacter sp. WJ7-1	2599293	S	762	243	1005	0.00017
Humibacter sp. BT305	2282656	S	195	876	1071	0.00018
Herbiconiux sp. SALV-R1	2735133	S	927	332	1259	0.00021
Frigoribacterium sp. NBH87	2596916	S	865	426	1291	0.00021
Gryllotalpicola protaetiae	2419771	S	790	273	1063	0.00018
Chryseoglobus sp. 28M-23	2772253	S	141	394	535	0.00009
Chryseoglobus indicus	2750620	S	137	381	518	0.00009
Lysinimonas sp. KACC 19322	2592654	S	706	416	1122	0.00019
Mycetocola sp. JXN-3	2116510	S	339	79	418	0.00007
Mycetocola zhujimingii	2079792	S	272	63	335	0.00006
Marisediminicola antarctica	674079	S	602	174	776	0.00013
Diaminobutyricimonas sp. LJ205	2683590	S	509	180	689	0.00011
Microcella alkaliphila	279828	S	444	152	596	0.00010
Agreia sp. COWG	2773266	S	432	113	545	0.00009
Glaciihabitans sp. INWT7	2596912	S	403	85	488	0.00008
Cnuibacter physcomitrellae	1619308	S	358	1236	1594	0.00026
Arthrobacter sp. QXT-31	1357915	S	2463	874	3337	0.00055
Arthrobacter sp. NEB 688	904039	S	1605	1106	2711	0.00045
Arthrobacter sp. PM3	2017685	S	549	234	783	0.00013
Arthrobacter sp. 24S4-2	2575374	S	532	193	725	0.00012
Arthrobacter sp. PGP41	2079227	S	486	191	677	0.00011
Arthrobacter sp. U41	1849032	S	474	203	677	0.00011
Arthrobacter sp. ERGS1:01	1704044	S	454	132	586	0.00010
Arthrobacter sp. PAMC25564	2565366	S	453	197	650	0.00011
Arthrobacter sp. KBS0702	2578107	S	415	291	706	0.00012
Arthrobacter sp. UKPF54-2	2600159	S	411	320	731	0.00012
Arthrobacter sp. FB24	290399	S	366	167	533	0.00009
Arthrobacter sp. YC-RL1	1652545	S	285	177	462	0.00008
Arthrobacter sp. PAMC 25486	1494608	S	283	65	348	0.00006
Arthrobacter sp. D5-1	1477518	S	159	157	316	0.00005
Arthrobacter sp. YN	2020486	S	158	133	291	0.00005
Arthrobacter agilis	37921	S	1099	323	1422	0.00024
Arthrobacter crystallopoietes	37928	S	916	238	1154	0.00019
Arthrobacter dokdonellae	2211210	S	471	129	600	0.00010
Arthrobacter woluwensis	156980	S	460	148	608	0.00010
Arthrobacter alpinus	656366	S	273	334	607	0.00010
Kocuria rosea	1275	S	1004	572	1576	0.00026
Kocuria flava	446860	S	890	538	1428	0.00024
Kocuria turfanensis	388357	S	791	454	1245	0.00021
Kocuria sp. TGY1120_3	2711329	S	287	60	347	0.00006
Kocuria sp. TGY1127_2	2711328	S	128	22	150	0.00003
Kocuria palustris	71999	S	501	207	708	0.00012
Kocuria varians	1272	S	349	243	592	0.00010
Kocuria rhizophila	72000	S	269	753	1022	0.00017
Pseudarthrobacter sp. BIM B-2242	2772401	S	456	147	603	0.00010
Pseudarthrobacter sp. YJ56	2697569	S	305	194	499	0.00008
Pseudarthrobacter sp. NIBRBAC000502771	2590774	S	229	685	914	0.00015
Pseudarthrobacter sp. NIBRBAC000502770	2590785	S	220	619	839	0.00014
Pseudarthrobacter sp. NBSH8	2596911	S	196	129	325	0.00005
Pseudarthrobacter sp. NIBRBAC000502772	2590775	S	190	226	416	0.00007
Pseudarthrobacter phenanthrenivorans	361575	S	493	249	742	0.00012
Pseudarthrobacter chlorophenolicus	85085	S	435	239	674	0.00011
Pseudarthrobacter equi	728066	S	363	245	608	0.00010
Pseudarthrobacter sulfonivorans	121292	S	199	234	433	0.00007
Sinomonas atrocyanea	37927	S	1051	406	1457	0.00024
Sinomonas sp. R1AF57	2020377	S	935	333	1268	0.00021
Micrococcus luteus	1270	S	1116	2177	3293	0.00055
Glutamicibacter creatinolyticus	162496	S	320	117	437	0.00007
Glutamicibacter protophormiae	37930	S	265	253	518	0.00009
Glutamicibacter halophytocola	1933880	S	168	102	270	0.00004
Glutamicibacter mishrai	1775880	S	121	103	224	0.00004
Glutamicibacter arilaitensis	256701	S	107	81	188	0.00003
Rothia kristinae	37923	S	647	335	982	0.00016
Rothia mucilaginosa	43675	S	219	59	278	0.00005
Citricoccus sp. SGAir0253	2567881	S	902	374	1276	0.00021
Paenarthrobacter sp. YJN-D	2735317	S	223	98	321	0.00005
Paenarthrobacter sp. YJN-5	2735316	S	116	334	450	0.00007
Paenarthrobacter ureafaciens	37931	S	157	1115	1272	0.00021
Nesterenkonia sp. NBAIMH1	2600320	S	338	56	394	0.00007
Zhihengliuella sp. ISTPL4	2058657	S	295	845	1140	0.00019
Psychromicrobium lacuslunae	1618207	S	152	13	165	0.00003
Neomicrococcus aestuarii	556325	S	132	23	155	0.00003
Cellulomonas sp. Y8	2591145	S	1595	926	2521	0.00042
Cellulomonas sp. H30R-01	2704467	S	1470	907	2377	0.00039
Cellulomonas sp. JZ18	2654191	S	1127	711	1838	0.00031
Cellulomonas sp. PSBB021	2003551	S	895	621	1516	0.00025
Cellulomonas fimi	1708	S	1252	1082	2334	0.00039
Cellulomonas flavigena	1711	S	1110	568	1678	0.00028
Cellulomonas shaoxiangyii	2566013	S	1015	627	1642	0.00027
Cellulomonas gilvus	11	S	889	512	1401	0.00023
Cellulomonas taurus	2729175	S	738	344	1082	0.00018
Actinotalea sp. JY-7876	2758442	S	1183	635	1818	0.00030
Oerskovia sp. KBS0722	1179673	S	917	441	1358	0.00023
Pseudactinotalea sp. HY158	2654547	S	833	249	1082	0.00018
Paraoerskovia marina	545619	S	604	259	863	0.00014
Janibacter melonis	262209	S	1298	672	1970	0.00033
Janibacter limosus	53458	S	776	358	1134	0.00019
Janibacter indicus	857417	S	524	954	1478	0.00025
Janibacter sp. YB324	2761047	S	245	605	850	0.00014
Phycicoccus sp. HDW14	2714941	S	1440	950	2390	0.00040
Phycicoccus endophyticus	1690220	S	1278	747	2025	0.00034
Pedococcus dokdonensis	443156	S	2125	1097	3222	0.00053
Intrasporangium calvum	53358	S	1592	858	2450	0.00041
Tetrasphaera sp. HKS02	1813880	S	1579	754	2333	0.00039
Arsenicicoccus sp. oral taxon 190	1658671	S	1295	667	1962	0.00033
Cellulosimicrobium sp. BI34T	2587808	S	925	638	1563	0.00026
Cellulosimicrobium sp. JZ28	1906273	S	258	801	1059	0.00018
Cellulosimicrobium sp. 72-3	2731680	S	120	804	924	0.00015
Cellulosimicrobium cellulans	1710	S	1065	1816	2881	0.00048
Isoptericola variabilis	139208	S	1186	812	1998	0.00033
Isoptericola dokdonensis	372663	S	974	523	1497	0.00025
Xylanimonas cellulosilytica	186189	S	940	488	1428	0.00024
Xylanimonas allomyrinae	2509459	S	890	422	1312	0.00022
Xylanimicrobium sp. FW10M-9	2509457	S	1070	660	1730	0.00029
Ornithinimicrobium sp. AMA3305	2283195	S	1262	571	1833	0.00030
Ornithinimicrobium sp. HY006	2508882	S	808	451	1259	0.00021
Ornithinimicrobium sp. H23M54	2594265	S	745	216	961	0.00016
Ornithinimicrobium flavum	1288636	S	871	428	1299	0.00022
Ornithinimicrobium pratense	2593973	S	653	346	999	0.00017
Serinicoccus chungangensis	767452	S	904	492	1396	0.00023
Serinicoccus hydrothermalis	1758689	S	785	523	1308	0.00022
Serinicoccus marinus	247333	S	767	523	1290	0.00021
Serinicoccus profundi	1078471	S	736	378	1114	0.00018
Brevibacterium sp. CS2	2575923	S	821	355	1176	0.00020
Brevibacterium sp. WO024	2697563	S	294	142	436	0.00007
Brevibacterium sp. o2	2697565	S	229	146	375	0.00006
Brevibacterium sp. 'Marine'	2725563	S	152	164	316	0.00005
Brevibacterium sp. YB235	1496080	S	147	161	308	0.00005
Brevibacterium casei	33889	S	1383	493	1876	0.00031
Brevibacterium luteolum	199591	S	443	161	604	0.00010
Brevibacterium linens	1703	S	436	386	822	0.00014
Brevibacterium aurantiacum	273384	S	396	151	547	0.00009
Brevibacterium oceani	358099	S	297	146	443	0.00007
Brevibacterium sandarakinum	629680	S	246	69	315	0.00005
Brevibacterium siliguriense	1136497	S	146	90	236	0.00004
Brachybacterium sp. SGAir0954	2571029	S	786	342	1128	0.00019
Brachybacterium sp. P6-10-X1	1903186	S	683	216	899	0.00015
Brachybacterium faecium	43669	S	656	318	974	0.00016
Brachybacterium saurashtrense	556288	S	653	311	964	0.00016
Brachybacterium ginsengisoli	1331682	S	645	282	927	0.00015
Brachybacterium vulturis	2017484	S	476	257	733	0.00012
Brachybacterium avium	2017485	S	427	219	646	0.00011
Dermabacter vaginalis	1630135	S	240	100	340	0.00006
Dermabacter jinjuensis	1667168	S	189	85	274	0.00005
Devriesea agamarum	472569	S	108	9	117	0.00002
Georgenia sp. Z443	2589797	S	1376	526	1902	0.00032
Georgenia sp. Z294	2585135	S	1069	523	1592	0.00026
Georgenia faecalis	2483799	S	1032	466	1498	0.00025
Dermacoccus nishinomiyaensis	1274	S	795	390	1185	0.00020
Dermacoccus sp. PAMC28757	2762331	S	545	260	805	0.00013
Luteipulveratus mongoliensis	571913	S	1082	274	1356	0.00022
Yimella sp. cx-51	2770551	S	607	200	807	0.00013
Beutenbergia cavernae	84757	S	1582	521	2103	0.00035
Miniimonas sp. S16	2171623	S	1114	625	1739	0.00029
Haloactinobacterium sp. HY164	2675754	S	1315	362	1677	0.00028
Ruania sp. HY168	2603206	S	773	165	938	0.00016
Haloactinobacterium sp. RN3S43	2779775	S	589	122	711	0.00012
Sanguibacter keddieii	60920	S	925	408	1333	0.00022
Sanguibacter sp. HDW7	2714931	S	848	385	1233	0.00020
Luteimicrobium xylanilyticum	1133546	S	1173	528	1701	0.00028
Kytococcus sedentarius	1276	S	843	366	1209	0.00020
Mobilicoccus sp. NJES-13	2716227	S	425	92	517	0.00009
Austwickia chelonae	100225	S	280	42	322	0.00005
Mycolicibacterium fortuitum	1766	S	5802	2236	8038	0.00133
Mycolicibacterium litorale	758802	S	1601	778	2379	0.00039
Mycolicibacterium pulveris	36813	S	1562	513	2075	0.00034
Mycolicibacterium aurum	1791	S	1551	570	2121	0.00035
Mycolicibacterium smegmatis	1772	S	1501	984	2485	0.00041
Mycolicibacterium psychrotolerans	216929	S	1218	469	1687	0.00028
Mycolicibacterium sp. LJ126	2761578	S	667	259	926	0.00015
Mycolicibacterium sp. Z-34	2736649	S	523	125	648	0.00011
Mycolicibacterium rutilum	370526	S	1066	491	1557	0.00026
Mycolicibacterium goodii	134601	S	1057	460	1517	0.00025
Mycolicibacterium hassiacum	46351	S	1037	478	1515	0.00025
Mycolicibacterium mageritense	53462	S	1012	295	1307	0.00022
Mycolicibacterium phlei	1771	S	974	528	1502	0.00025
Mycolicibacterium sediminis	1286180	S	969	355	1324	0.00022
Mycolicibacterium madagascariense	212765	S	968	300	1268	0.00021
Mycolicibacterium moriokaense	39691	S	953	258	1211	0.00020
Mycolicibacterium chubuense	1800	S	946	337	1283	0.00021
Mycolicibacterium arabiense	1286181	S	906	275	1181	0.00020
Mycolicibacterium thermoresistibile	1797	S	865	325	1190	0.00020
Mycolicibacterium chitae	1792	S	847	341	1188	0.00020
Mycolicibacterium celeriflavum	1249101	S	835	281	1116	0.00019
Mycolicibacterium parafortuitum	39692	S	827	342	1169	0.00019
Mycolicibacterium vaccae	1810	S	817	338	1155	0.00019
Mycolicibacterium duvalii	39688	S	801	280	1081	0.00018
Mycolicibacterium fluoranthenivorans	258505	S	788	213	1001	0.00017
Mycolicibacterium gilvum	1804	S	769	357	1126	0.00019
Mycolicibacterium rhodesiae	36814	S	750	214	964	0.00016
Mycolicibacterium fallax	1793	S	720	376	1096	0.00018
Mycolicibacterium confluentis	28047	S	708	212	920	0.00015
Mycolicibacterium boenickei	146017	S	671	1150	1821	0.00030
Mycolicibacterium insubricum	444597	S	665	256	921	0.00015
Mycolicibacterium tokaiense	39695	S	660	195	855	0.00014
Mycolicibacterium frederiksbergense	117567	S	639	262	901	0.00015
Mycolicibacterium anyangense	1431246	S	591	183	774	0.00013
Mycolicibacterium mucogenicum	56689	S	578	341	919	0.00015
Mycolicibacterium phocaicum	319706	S	572	339	911	0.00015
Mycolicibacterium aichiense	1799	S	570	277	847	0.00014
Mycolicibacterium gadium	1794	S	536	244	780	0.00013
Mycolicibacterium helvum	1534349	S	528	147	675	0.00011
Mycolicibacterium doricum	126673	S	489	217	706	0.00012
Mycolicibacterium aubagnense	319707	S	452	171	623	0.00010
Mycolicibacterium alvei	67081	S	438	175	613	0.00010
Mycolicibacterium sarraceniae	1534348	S	349	108	457	0.00008
Mycolicibacterium poriferae	39694	S	209	415	624	0.00010
Mycolicibacterium vanbaalenii	110539	S	163	836	999	0.00017
Mycolicibacterium monacense	85693	S	139	511	650	0.00011
Mycolicibacterium austroafricanum	39687	S	131	705	836	0.00014
Mycolicibacterium nivoides	2487344	S	107	688	795	0.00013
Mycobacterium sp. PYR15	2051552	S	2440	6104	8544	0.00142
Mycobacterium sp. WY10	1920667	S	2426	6157	8583	0.00142
Mycobacterium sp. JS623	212767	S	1584	248	1832	0.00030
Mycobacterium sp. EPa45	1545728	S	966	280	1246	0.00021
Mycobacterium sp. ELW1	1547487	S	829	362	1191	0.00020
Mycobacterium sp. DL592	2675524	S	675	202	877	0.00015
Mycobacterium sp. YC-RL4	1682113	S	565	209	774	0.00013
Mycobacterium sp. MS1601	1936029	S	548	128	676	0.00011
Mycobacterium sp. DL440	2675523	S	449	149	598	0.00010
Mycobacterium sp. THAF192	2587868	S	219	362	581	0.00010
Mycobacterium sp. KMS	189918	S	117	381	498	0.00008
Mycobacterium avium	1764	S	1085	1389	2474	0.00041
Mycobacterium intracellulare	1767	S	1078	5574	6652	0.00110
Mycobacterium colombiense	339268	S	585	193	778	0.00013
Mycobacterium marseillense	701042	S	519	209	728	0.00012
Mycobacterium mantenii	560555	S	482	126	608	0.00010
Mycobacterium paraintracellulare	1138383	S	231	1573	1804	0.00030
Mycobacterium saskatchewanense	220927	S	749	190	939	0.00016
Mycobacterium parmense	185642	S	678	205	883	0.00015
Mycobacterium heidelbergense	53376	S	616	211	827	0.00014
Mycobacterium kubicae	120959	S	614	136	750	0.00012
Mycobacterium shigaense	722731	S	538	146	684	0.00011
Mycobacterium florentinum	292462	S	497	176	673	0.00011
Mycobacterium simiae	1784	S	490	99	589	0.00010
Mycobacterium stomatepiae	470076	S	479	164	643	0.00011
Mycobacterium grossiae	1552759	S	1129	473	1602	0.00027
Mycobacterium gordonae	1778	S	1067	159	1226	0.00020
Mycobacterium dioxanotrophicus	482462	S	937	239	1176	0.00020
Mycobacterium paragordonae	1389713	S	750	139	889	0.00015
Mycobacterium branderi	43348	S	744	145	889	0.00015
Mycobacterium conspicuum	44010	S	666	182	848	0.00014
Mycobacterium canettii	78331	S	189	192	381	0.00006
Mycobacterium tuberculosis	1773	S	126	52100	52226	0.00866
Mycobacterium cookii	1775	S	590	117	707	0.00012
Mycobacterium kansasii	1768	S	545	87	632	0.00010
Mycobacterium shinjukuense	398694	S	501	113	614	0.00010
Mycobacterium riyadhense	486698	S	498	62	560	0.00009
Mycobacterium gallinarum	39689	S	497	199	696	0.00012
Mycobacterium paraseoulense	590652	S	468	162	630	0.00010
Mycobacterium seoulense	386911	S	464	185	649	0.00011
Mycobacterium heckeshornense	110505	S	455	86	541	0.00009
Mycobacterium noviomagense	459858	S	451	87	538	0.00009
Mycobacterium lacus	169765	S	446	87	533	0.00009
Mycobacterium basiliense	2094119	S	374	40	414	0.00007
Mycobacterium xenopi	1789	S	360	77	437	0.00007
Mycobacterium haemophilum	29311	S	259	36	295	0.00005
Mycobacterium marinum	1781	S	122	383	505	0.00008
Mycobacteroides abscessus	36809	S	673	702	1375	0.00023
Mycobacteroides chelonae	1774	S	278	426	704	0.00012
Mycobacteroides saopaulense	1578165	S	275	68	343	0.00006
Mycobacteroides immunogenum	83262	S	270	62	332	0.00006
Mycobacteroides salmoniphilum	404941	S	235	54	289	0.00005
[Mycobacterium] stephanolepidis	1520670	S	136	69	205	0.00003
Mycolicibacter terrae	1788	S	541	207	748	0.00012
Mycolicibacter hiberniae	29314	S	515	175	690	0.00011
Mycolicibacter minnesotensis	1118379	S	353	98	451	0.00007
Mycolicibacillus koreensis	1069220	S	604	197	801	0.00013
Hoyosella subflava	639313	S	247	20	267	0.00004
Rhodococcus sp. X156	2499145	S	1132	556	1688	0.00028
Rhodococcus sp. MTM3W5.2	1805827	S	875	317	1192	0.00020
Rhodococcus sp. SGAir0479	2567884	S	755	334	1089	0.00018
Rhodococcus sp. W8901	2742603	S	747	298	1045	0.00017
Rhodococcus sp. PBTS 1	1653478	S	708	242	950	0.00016
Rhodococcus sp. R79	2811421	S	624	457	1081	0.00018
Rhodococcus sp. ABRD24	2507582	S	455	133	588	0.00010
Rhodococcus sp. B7740	1564114	S	390	112	502	0.00008
Rhodococcus sp. P1Y	1302308	S	355	54	409	0.00007
Rhodococcus sp. WMMA185	679318	S	326	61	387	0.00006
Rhodococcus sp. WAY2	2663121	S	300	463	763	0.00013
Rhodococcus sp. P-2	2795031	S	160	120	280	0.00005
Rhodococcus sp. WB9	2594007	S	135	409	544	0.00009
Rhodococcus sp. PBTS 2	1653479	S	125	170	295	0.00005
Rhodococcus sp. ZPP	2749906	S	122	633	755	0.00013
Rhodococcus sp. M8	1925550	S	110	634	744	0.00012
Rhodococcus ruber	1830	S	1572	937	2509	0.00042
Rhodococcus opacus	37919	S	1481	2407	3888	0.00064
Rhodococcus rhodochrous	1829	S	1316	1134	2450	0.00041
Rhodococcus hoagii	43767	S	1187	740	1927	0.00032
Rhodococcus koreensis	99653	S	647	441	1088	0.00018
Rhodococcus triatomae	300028	S	627	207	834	0.00014
Rhodococcus fascians	1828	S	625	215	840	0.00014
Rhodococcus jostii	132919	S	488	472	960	0.00016
Rhodococcus coprophilus	38310	S	447	118	565	0.00009
Rhodococcus pyridinivorans	103816	S	282	1433	1715	0.00028
Rhodococcus qingshengii	334542	S	117	894	1011	0.00017
Rhodococcus erythropolis	1833	S	111	898	1009	0.00017
Nocardia brasiliensis	37326	S	2671	1082	3753	0.00062
Nocardia sp. WCH-YHL-001	2755382	S	1253	363	1616	0.00027
Nocardia sp. CS682	1047172	S	984	322	1306	0.00022
Nocardia terpenica	455432	S	1938	557	2495	0.00041
Nocardia cyriacigeorgica	135487	S	1904	1015	2919	0.00048
Nocardia farcinica	37329	S	1497	1049	2546	0.00042
Nocardia arthritidis	228602	S	1200	268	1468	0.00024
Nocardia wallacei	480035	S	1148	372	1520	0.00025
Nocardia asteroides	1824	S	1109	535	1644	0.00027
Nocardia nova	37330	S	1066	258	1324	0.00022
Nocardia yunnanensis	2382165	S	1020	382	1402	0.00023
Nocardia seriolae	37332	S	991	370	1361	0.00023
Nocardia otitidiscaviarum	1823	S	943	303	1246	0.00021
Nocardia mangyaensis	2213200	S	800	281	1081	0.00018
Corynebacterium sp. 2019	2675218	S	228	135	363	0.00006
Corynebacterium sp. zg-917	2763010	S	190	91	281	0.00005
Corynebacterium sp. MC1420	2709392	S	183	94	277	0.00005
Corynebacterium sp. 2039	2675219	S	143	42	185	0.00003
Corynebacterium sp. Marseille-Q3630	2754725	S	129	47	176	0.00003
Corynebacterium sp. zg-320	2768834	S	111	29	140	0.00002
Corynebacterium sp. NML98-0116	702967	S	109	35	144	0.00002
Corynebacterium sphenisci	191493	S	646	298	944	0.00016
Corynebacterium xerosis	1725	S	616	293	909	0.00015
Corynebacterium frankenforstense	1230998	S	569	270	839	0.00014
Corynebacterium bovis	36808	S	495	163	658	0.00011
Corynebacterium halotolerans	225326	S	406	165	571	0.00009
Corynebacterium nuruki	1032851	S	397	144	541	0.00009
Corynebacterium vitaeruminis	38305	S	344	143	487	0.00008
Corynebacterium humireducens	1223514	S	338	167	505	0.00008
Corynebacterium doosanense	1121358	S	335	139	474	0.00008
Corynebacterium maris	575200	S	319	97	416	0.00007
Corynebacterium marinum	349751	S	300	208	508	0.00008
Corynebacterium variabile	1727	S	293	140	433	0.00007
Corynebacterium timonense	441500	S	288	102	390	0.00006
Corynebacterium mycetoides	38302	S	285	177	462	0.00008
Corynebacterium yudongzhengii	2080740	S	272	92	364	0.00006
Corynebacterium sanguinis	2594913	S	267	177	444	0.00007
Corynebacterium liangguodongii	2079535	S	266	91	357	0.00006
Corynebacterium uterequi	1072256	S	253	252	505	0.00008
Corynebacterium terpenotabidum	89154	S	250	91	341	0.00006
Corynebacterium atypicum	191610	S	235	75	310	0.00005
Corynebacterium provencense	1737425	S	220	74	294	0.00005
Corynebacterium imitans	156978	S	211	78	289	0.00005
Corynebacterium jeikeium	38289	S	197	486	683	0.00011
Corynebacterium efficiens	152794	S	193	52	245	0.00004
Corynebacterium ureicelerivorans	401472	S	187	71	258	0.00004
Corynebacterium glyciniphilum	1404244	S	184	31	215	0.00004
Corynebacterium glaucum	187491	S	175	48	223	0.00004
Corynebacterium testudinoris	136857	S	169	44	213	0.00004
Corynebacterium urealyticum	43771	S	161	75	236	0.00004
Corynebacterium lactis	1231000	S	144	30	174	0.00003
Corynebacterium genitalium	38288	S	138	36	174	0.00003
Corynebacterium glucuronolyticum	39791	S	133	23	156	0.00003
Corynebacterium aurimucosum	169292	S	128	70	198	0.00003
Corynebacterium tuberculostearicum	38304	S	127	80	207	0.00003
Corynebacterium matruchotii	43768	S	119	9	128	0.00002
Corynebacterium striatum	43770	S	119	94	213	0.00004
Corynebacterium kroppenstedtii	161879	S	116	10	126	0.00002
Corynebacterium riegelii	156976	S	110	29	139	0.00002
Corynebacterium endometrii	2488819	S	109	23	132	0.00002
Corynebacterium simulans	146827	S	100	95	195	0.00003
Gordonia sp. YC-JH1	2059875	S	585	250	835	0.00014
Gordonia sp. KTR9	337191	S	480	193	673	0.00011
Gordonia sp. PDNC005	2811424	S	457	98	555	0.00009
Gordonia sp. HY186	2597659	S	375	101	476	0.00008
Gordonia sp. JH63	2698900	S	244	629	873	0.00014
Gordonia sp. 135	2676309	S	110	401	511	0.00008
Gordonia sp. 1D	1737359	S	105	507	612	0.00010
Gordonia polyisoprenivorans	84595	S	975	309	1284	0.00021
Gordonia terrae	2055	S	829	679	1508	0.00025
Gordonia insulae	2420509	S	760	197	957	0.00016
Gordonia phthalatica	1136941	S	677	255	932	0.00015
Gordonia iterans	1004901	S	583	194	777	0.00013
Gordonia bronchialis	2054	S	564	158	722	0.00012
Gordonia rubripertincta	36822	S	453	372	825	0.00014
Dietzia sp. oral taxon 368	712270	S	432	851	1283	0.00021
Dietzia psychralcaliphila	139021	S	505	191	696	0.00012
Dietzia lutea	546160	S	492	384	876	0.00015
Dietzia timorensis	499555	S	384	105	489	0.00008
Tsukamurella paurometabola	2061	S	1361	782	2143	0.00036
Tsukamurella tyrosinosolvens	57704	S	1099	498	1597	0.00027
Tomitella sp. HY172	2760083	S	780	331	1111	0.00018
Tomitella sp. HY188	2597660	S	723	316	1039	0.00017
Segniliparus rotundus	286802	S	700	99	799	0.00013
Nocardioides sp. JS614	196162	S	4184	2383	6567	0.00109
Nocardioides sp. HDW12B	2714939	S	2839	1620	4459	0.00074
Nocardioides sp. S-713	2760089	S	2626	2345	4971	0.00082
Nocardioides sp. zg-579	2663857	S	2493	2171	4664	0.00077
Nocardioides sp. S-1144	2582905	S	2424	1757	4181	0.00069
Nocardioides sp. 603	2483798	S	2247	1897	4144	0.00069
Nocardioides sp. zg-1228	2763008	S	2140	1678	3818	0.00063
Nocardioides sp. S5	2017486	S	2047	1628	3675	0.00061
Nocardioides sp. MC1495	2736757	S	1895	1271	3166	0.00053
Nocardioides sp. CF8	110319	S	1858	1314	3172	0.00053
Nocardioides sp. JQ2195	2592334	S	1672	781	2453	0.00041
Nocardioides sp. HDW12A	2714938	S	1473	974	2447	0.00041
Nocardioides sp. ZJ1313	2685869	S	1368	2203	3571	0.00059
Nocardioides sp. dk884	2662361	S	1343	2145	3488	0.00058
Nocardioides sp. WS12	2486272	S	1322	582	1904	0.00032
Nocardioides sp. dk3136	2575373	S	1042	805	1847	0.00031
Nocardioides sp. HY056	2500546	S	747	363	1110	0.00018
Nocardioides mesophilus	433659	S	6246	3673	9919	0.00165
Nocardioides ungokensis	1643322	S	3523	2486	6009	0.00100
Nocardioides anomalus	2712223	S	3227	2114	5341	0.00089
Nocardioides cynanchi	2558918	S	3036	1650	4686	0.00078
Nocardioides euryhalodurans	2518370	S	2908	1948	4856	0.00081
Nocardioides humi	449461	S	2721	2009	4730	0.00078
Nocardioides aromaticivorans	200618	S	2242	1860	4102	0.00068
Nocardioides marinisabuli	419476	S	1937	2135	4072	0.00068
Nocardioides sambongensis	2589074	S	1871	1161	3032	0.00050
Nocardioides dokdonensis	450734	S	1864	1868	3732	0.00062
Nocardioides houyundeii	2045452	S	1576	1060	2636	0.00044
Nocardioides seonyuensis	2518371	S	1575	932	2507	0.00042
Nocardioides daphniae	402297	S	1180	1107	2287	0.00038
Nocardioides baekrokdamisoli	1804624	S	747	229	976	0.00016
Aeromicrobium sp. A1-2	2107713	S	861	311	1172	0.00019
Aeromicrobium sp. zg-629	2663859	S	857	508	1365	0.00023
Aeromicrobium erythreum	2041	S	1353	682	2035	0.00034
Aeromicrobium choanae	1736691	S	1124	641	1765	0.00029
Aeromicrobium yanjiei	2662028	S	1113	722	1835	0.00030
Aeromicrobium chenweiae	2079793	S	1093	745	1838	0.00030
Aeromicrobium marinum	219314	S	959	444	1403	0.00023
Marmoricola scoriae	642780	S	2413	1787	4200	0.00070
Pimelobacter simplex	2045	S	2214	1833	4047	0.00067
Friedmanniella luteola	546871	S	1724	822	2546	0.00042
Mumia sp. ZJ1417	2708082	S	1484	559	2043	0.00034
Micropruina glycogenica	75385	S	769	240	1009	0.00017
Microlunatus sp. KUDC0627	2596828	S	1013	265	1278	0.00021
Microlunatus sp. Gsoil 973	2672569	S	1011	216	1227	0.00020
Microlunatus sagamiharensis	546874	S	1606	763	2369	0.00039
Microlunatus soli	630515	S	1238	282	1520	0.00025
Microlunatus phosphovorus	29405	S	1042	231	1273	0.00021
Tessaracoccus defluvii	1285901	S	784	556	1340	0.00022
Tessaracoccus aquimaris	1332264	S	707	422	1129	0.00019
Tessaracoccus flavescens	399497	S	575	440	1015	0.00017
Tessaracoccus sp. MC1865	2760310	S	556	266	822	0.00014
Tessaracoccus flavus	1610493	S	514	322	836	0.00014
Tessaracoccus timonensis	2161816	S	347	95	442	0.00007
Propionibacterium acidifaciens	556499	S	649	227	876	0.00015
Propionibacterium australiense	119981	S	529	161	690	0.00011
Propionibacterium freudenreichii	1744	S	525	476	1001	0.00017
Acidipropionibacterium acidipropionici	1748	S	682	452	1134	0.00019
Acidipropionibacterium jensenii	1749	S	626	315	941	0.00016
Acidipropionibacterium virtanenii	2057246	S	400	142	542	0.00009
Auraticoccus monumenti	675864	S	1466	582	2048	0.00034
Propioniciclava sp. HDW11	2714937	S	1075	549	1624	0.00027
Brevilactibacter sp. MC1595	2819349	S	1025	524	1549	0.00026
Raineyella sp. CBA3103	2662261	S	910	266	1176	0.00020
Cutibacterium avidum	33010	S	368	145	513	0.00009
Cutibacterium granulosum	33011	S	235	62	297	0.00005
Cutibacterium acnes	1747	S	150	166	316	0.00005
Pseudopropionibacterium propionicum	1750	S	555	101	656	0.00011
Kribbella flavida	182640	S	3090	1346	4436	0.00074
Kribbella qitaiheensis	1544730	S	2283	732	3015	0.00050
Actinopolymorpha singaporensis	117157	S	2472	686	3158	0.00052
Micromonospora sp. WMMC415	2675222	S	2493	1896	4389	0.00073
Micromonospora sp. 28ISP2-46	2749844	S	1720	1935	3655	0.00061
Micromonospora sp. HM134	2583243	S	1518	1321	2839	0.00047
Micromonospora sp. WMMA2032	2039870	S	1380	1700	3080	0.00051
Micromonospora sp. B006	2201999	S	1284	1827	3111	0.00052
Micromonospora sp. L5	648999	S	146	1727	1873	0.00031
Micromonospora terminaliae	1914461	S	2983	2877	5860	0.00097
Micromonospora inositola	47865	S	2419	2161	4580	0.00076
Micromonospora echinaurantiaca	47857	S	2327	2089	4416	0.00073
Micromonospora echinofusca	47858	S	2318	1920	4238	0.00070
Micromonospora viridifaciens	1881	S	2279	1859	4138	0.00069
Micromonospora krabiensis	307121	S	2205	1498	3703	0.00061
Micromonospora carbonacea	47853	S	2150	1730	3880	0.00064
Micromonospora auratinigra	261654	S	2040	1973	4013	0.00067
Micromonospora coxensis	356852	S	2030	1988	4018	0.00067
Micromonospora purpureochromogenes	47872	S	1891	1790	3681	0.00061
Micromonospora narathiwatensis	299146	S	1864	1688	3552	0.00059
Micromonospora siamensis	299152	S	1811	1564	3375	0.00056
Micromonospora coriariae	285665	S	1721	1318	3039	0.00050
Micromonospora echinospora	1877	S	1716	1218	2934	0.00049
Micromonospora maris	1003110	S	1606	951	2557	0.00042
Micromonospora sagamiensis	47875	S	1544	1212	2756	0.00046
Micromonospora zamorensis	709883	S	1353	1013	2366	0.00039
Micromonospora rifamycinica	291594	S	1340	1191	2531	0.00042
Micromonospora chokoriensis	356851	S	1326	936	2262	0.00038
Micromonospora craniellae	2294034	S	1053	1181	2234	0.00037
Micromonospora tulbaghiae	479978	S	872	1587	2459	0.00041
Micromonospora aurantiaca	47850	S	473	5105	5578	0.00093
Actinoplanes sp. N902-109	649831	S	5287	4049	9336	0.00155
Actinoplanes sp. OR16	946334	S	4234	5262	9496	0.00158
Actinoplanes friuliensis	196914	S	5388	2038	7426	0.00123
Actinoplanes teichomyceticus	1867	S	4584	3323	7907	0.00131
Actinoplanes missouriensis	1866	S	4082	3007	7089	0.00118
Actinoplanes derwentensis	113562	S	3548	1298	4846	0.00080
Phytohabitans suffuscus	624315	S	4399	2238	6637	0.00110
Phytohabitans flavus	1076124	S	3516	1559	5075	0.00084
Plantactinospora sp. KBS50	2024580	S	2509	1264	3773	0.00063
Plantactinospora sp. BB1	2071627	S	533	2340	2873	0.00048
Plantactinospora sp. BC1	2108470	S	482	2153	2635	0.00044
Actinocatenispora thailandica	227318	S	2848	895	3743	0.00062
Salinispora arenicola	168697	S	1081	528	1609	0.00027
Salinispora tropica	168695	S	854	441	1295	0.00021
Verrucosispora sp. NA02020	2742132	S	1232	1559	2791	0.00046
Amycolatopsis sp. Hca4	2742131	S	3159	1820	4979	0.00083
Amycolatopsis sp. FDAARGOS 1241	2778070	S	2987	1021	4008	0.00066
Amycolatopsis sp. YIM 10	2653857	S	2215	1204	3419	0.00057
Amycolatopsis sp. AA4	1896961	S	1945	675	2620	0.00043
Amycolatopsis sp. BJA-103	1911175	S	1105	680	1785	0.00030
Amycolatopsis methanolica	1814	S	3425	1600	5025	0.00083
Amycolatopsis mediterranei	33910	S	2980	2509	5489	0.00091
Amycolatopsis albispora	1804986	S	1906	1301	3207	0.00053
Amycolatopsis keratiniphila	129921	S	1443	1527	2970	0.00049
Amycolatopsis orientalis	31958	S	1299	748	2047	0.00034
Amycolatopsis japonica	208439	S	722	945	1667	0.00028
Pseudonocardia sp. CGMCC 4.1532	2761535	S	2707	1654	4361	0.00072
Pseudonocardia sp. HH130630-07	1690815	S	1775	1634	3409	0.00057
Pseudonocardia sp. AL041005-10	445576	S	1510	1790	3300	0.00055
Pseudonocardia sp. HH130629-09	1641402	S	1273	2016	3289	0.00055
Pseudonocardia dioxanivorans	240495	S	6427	2514	8941	0.00148
Pseudonocardia broussonetiae	2736640	S	3295	1875	5170	0.00086
Pseudonocardia autotrophica	2074	S	2164	1019	3183	0.00053
Saccharomonospora cyanea	40989	S	3553	1841	5394	0.00089
Saccharomonospora viridis	1852	S	1993	584	2577	0.00043
Saccharomonospora marina	632569	S	1375	506	1881	0.00031
Saccharomonospora azurea	40988	S	1277	607	1884	0.00031
Saccharomonospora xinjiangensis	75294	S	866	298	1164	0.00019
Saccharomonospora glauca	40990	S	840	404	1244	0.00021
Saccharopolyspora erythraea	1836	S	3379	2445	5824	0.00097
Saccharopolyspora coralli	2665642	S	1154	340	1494	0.00025
Saccharopolyspora spinosa	60894	S	1084	1311	2395	0.00040
Saccharopolyspora pogona	333966	S	727	1495	2222	0.00037
Saccharopolyspora sp. ASAGF58	2719023	S	642	1533	2175	0.00036
Saccharothrix sp. 6-C	2781735	S	3993	2254	6247	0.00104
Saccharothrix syringae	103733	S	3472	1875	5347	0.00089
Saccharothrix espanaensis	103731	S	2457	1125	3582	0.00059
Allokutzneria albata	211114	S	3832	1393	5225	0.00087
Actinoalloteichus hoggarensis	1470176	S	1142	1301	2443	0.00041
Actinoalloteichus hymeniacidonis	340345	S	793	372	1165	0.00019
Actinosynnema pretiosum	42197	S	912	3127	4039	0.00067
Lentzea guizhouensis	1586287	S	2904	1045	3949	0.00066
Kibdelosporangium phytohabitans	860235	S	2563	623	3186	0.00053
Kutzneria albida	43357	S	2547	932	3479	0.00058
Alloactinosynnema sp. L-07	1653480	S	1763	626	2389	0.00040
Prauserella marina	530584	S	1381	315	1696	0.00028
Nonomuraea sp. ATCC 55076	1909395	S	21439	7630	29069	0.00482
Nonomuraea nitratireducens	2656914	S	10782	3864	14646	0.00243
Streptosporangium roseum	2001	S	3780	1608	5388	0.00089
Streptosporangium sp. 'caverna'	2202249	S	3454	1276	4730	0.00078
Thermobispora bispora	2006	S	2213	1238	3451	0.00057
Actinomadura sp. NAK00032	2742128	S	12253	6941	19194	0.00318
Actinomadura sp. WMMB 499	1219491	S	7756	3405	11161	0.00185
Actinomadura sp. WMMA1423	2591108	S	6787	3355	10142	0.00168
Actinomadura verrucosospora	46165	S	5745	2970	8715	0.00145
Thermomonospora curvata	2020	S	2273	964	3237	0.00054
Nocardiopsis dassonvillei	2014	S	3470	1248	4718	0.00078
Nocardiopsis alba	53437	S	1995	566	2561	0.00042
Nocardiopsis gilva	280236	S	1464	461	1925	0.00032
Streptomonospora sp. M2	2498135	S	1755	563	2318	0.00038
Thermobifida fusca	2021	S	1189	450	1639	0.00027
Geodermatophilus obscurus	1861	S	5906	3179	9085	0.00151
Modestobacter marinus	477641	S	4995	2674	7669	0.00127
Blastococcus saxobsidens	138336	S	4591	2248	6839	0.00113
Frankia sp. EAN1pec	298653	S	2205	508	2713	0.00045
Frankia sp. QA3	710111	S	1460	1056	2516	0.00042
Frankia inefficax	298654	S	2785	675	3460	0.00057
Frankia alni	1859	S	1414	1048	2462	0.00041
Candidatus Frankia datiscae	2716812	S	1267	324	1591	0.00026
Frankia casuarinae	106370	S	1042	256	1298	0.00022
Actinomyces sp. oral taxon 414	712122	S	581	254	835	0.00014
Actinomyces sp. ZJ750	2744574	S	344	218	562	0.00009
Actinomyces sp. Chiba101	1851395	S	266	232	498	0.00008
Actinomyces sp. 432	2057798	S	252	169	421	0.00007
Actinomyces sp. Z16	2079536	S	250	199	449	0.00007
Actinomyces sp. ZJ34	2722820	S	241	82	323	0.00005
Actinomyces sp. oral taxon 171	706438	S	138	186	324	0.00005
Actinomyces sp. zg-993	2763540	S	109	57	166	0.00003
Actinomyces radicidentis	111015	S	488	239	727	0.00012
Actinomyces howellii	52771	S	483	157	640	0.00011
Actinomyces slackii	52774	S	331	108	439	0.00007
Actinomyces procaprae	2560010	S	323	202	525	0.00009
Actinomyces qiguomingii	2057800	S	264	84	348	0.00006
Actinomyces viscosus	1656	S	226	166	392	0.00007
Actinomyces weissii	675090	S	214	87	301	0.00005
Actinomyces wuliandei	2057743	S	201	112	313	0.00005
Actinomyces naeslundii	1655	S	176	138	314	0.00005
Actinomyces marmotae	2737173	S	169	171	340	0.00006
Actinomyces lilanjuaniae	2321394	S	163	87	250	0.00004
Actinomyces oris	544580	S	144	380	524	0.00009
Actinomyces gaoshouyii	1960083	S	143	142	285	0.00005
Actinomyces israelii	1659	S	107	25	132	0.00002
Schaalia odontolytica	1660	S	315	103	418	0.00007
Schaalia sp. JY-X169	2758572	S	100	6	106	0.00002
Schaalia meyeri	52773	S	161	47	208	0.00003
Schaalia cardiffensis	181487	S	108	18	126	0.00002
Trueperella sp. 19M2397	2733571	S	103	222	325	0.00005
Trueperella pyogenes	1661	S	195	54	249	0.00004
Trueperella bialowiezensis	312285	S	159	15	174	0.00003
Flaviflexus salsibiostraticola	1282737	S	312	83	395	0.00007
Flaviflexus sp. dk850	2758573	S	164	36	200	0.00003
Flaviflexus sp. H23T48	2496867	S	113	15	128	0.00002
Pauljensenia hongkongensis	178339	S	322	125	447	0.00007
Winkia sp. C64	2692125	S	237	44	281	0.00005
Actinobaculum sp. 313	2495645	S	114	8	122	0.00002
Actinotignum schaalii	59505	S	102	10	112	0.00002
Jiangella sp. DSM 45060	1798224	S	3358	1674	5032	0.00083
Jiangella alkaliphila	419479	S	2827	1329	4156	0.00069
Bifidobacterium scardovii	158787	S	392	80	472	0.00008
Bifidobacterium choerinum	35760	S	347	114	461	0.00008
Bifidobacterium longum	216816	S	310	599	909	0.00015
Bifidobacterium pseudolongum	1694	S	293	99	392	0.00007
Bifidobacterium pullorum	78448	S	243	68	311	0.00005
Bifidobacterium bifidum	1681	S	241	87	328	0.00005
Bifidobacterium animalis	28025	S	230	2269	2499	0.00041
Bifidobacterium subtile	77635	S	215	31	246	0.00004
Bifidobacterium adolescentis	1680	S	168	50	218	0.00004
Bifidobacterium breve	1685	S	151	164	315	0.00005
Bifidobacterium eulemuris	1765219	S	150	55	205	0.00003
Bifidobacterium lemurum	1603886	S	118	43	161	0.00003
Bifidobacterium asteroides	1684	S	116	0	116	0.00002
Bifidobacterium thermophilum	33905	S	112	16	128	0.00002
Bifidobacterium dentium	1689	S	102	14	116	0.00002
Nakamurella multipartita	53461	S	1655	513	2168	0.00036
Nakamurella sp. PAMC28650	2762325	S	896	203	1099	0.00018
Nakamurella sp. s14-144	1902245	S	202	20	222	0.00004
Nakamurella panacisegetis	1090615	S	996	276	1272	0.00021
Catenulispora acidiphila	304895	S	2658	632	3290	0.00055
Kineococcus radiotolerans	131568	S	1541	562	2103	0.00035
Stackebrandtia nassauensis	283811	S	1540	312	1852	0.00031
Jatrophihabitans sp. GAS493	1907575	S	1047	197	1244	0.00021
Actinopolyspora erythraea	414996	S	955	215	1170	0.00019
Epidermidibacterium keratini	1891644	S	927	256	1183	0.00020
Acidothermus cellulolyticus	28049	S	626	81	707	0.00012
Conexibacter woesei	191495	S	11094	3717	14811	0.00246
Conexibacter sp. SYSU D00693	2812560	S	9033	3597	12630	0.00209
Rubrobacter sp. SCSIO 52909	2653851	S	2220	375	2595	0.00043
Rubrobacter sp. SCSIO 52915	2653852	S	2130	451	2581	0.00043
Rubrobacter xylanophilus	49319	S	3046	976	4022	0.00067
Rubrobacter radiotolerans	42256	S	950	197	1147	0.00019
Rubrobacter indicoceani	2051957	S	542	84	626	0.00010
Baekduia soli	496014	S	8684	2954	11638	0.00193
Actinomarinicola tropica	2789776	S	4999	1697	6696	0.00111
Ilumatobacter coccineus	467094	S	2240	374	2614	0.00043
Acidimicrobium ferrooxidans	53635	S	843	117	960	0.00016
Eggerthella sp. HF-1101	2690837	S	430	232	662	0.00011
Eggerthella sp. YY7918	502558	S	105	23	128	0.00002
Eggerthella lenta	84112	S	310	267	577	0.00010
Gordonibacter urolithinfaciens	1335613	S	285	277	562	0.00009
Gordonibacter pamelaeae	471189	S	230	246	476	0.00008
Adlercreutzia equolifaciens	446660	S	238	132	370	0.00006
Adlercreutzia sp. 8CFCBH1	2707299	S	153	133	286	0.00005
Arabia massiliensis	1870985	S	461	190	651	0.00011
Berryella intestinalis	1531429	S	286	118	404	0.00007
Slackia heliotrinireducens	84110	S	175	17	192	0.00003
Denitrobacterium detoxificans	79604	S	127	26	153	0.00003
Olsenella sp. LZLJ-2	2779519	S	340	112	452	0.00008
Olsenella sp. GAM18	2109685	S	251	118	369	0.00006
Olsenella sp. oral taxon 807	712411	S	177	15	192	0.00003
Olsenella timonensis	1805478	S	448	173	621	0.00010
Olsenella umbonata	604330	S	396	134	530	0.00009
Olsenella uli	133926	S	230	45	275	0.00005
Parolsenella massiliensis	1871022	S	223	167	390	0.00006
Parolsenella catena	2003188	S	193	161	354	0.00006
Collinsella aerofaciens	74426	S	412	205	617	0.00010
Coriobacterium glomerans	33871	S	224	22	246	0.00004
Egicoccus halophilus	1670830	S	2121	716	2837	0.00047
Egibacter rhizosphaerae	1670831	S	2062	397	2459	0.00041
Euzebya sp. DY32-46	1608957	S	2061	398	2459	0.00041
Priestia megaterium	1404	S	10992	17117	28109	0.00466
Priestia filamentosa	1402861	S	599	84	683	0.00011
Priestia aryabhattai	412384	S	114	706	820	0.00014
Bacillus sp. Y1	352858	S	884	204	1088	0.00018
Bacillus sp. DSL-17	2567941	S	402	108	510	0.00008
Bacillus sp. S3	486398	S	299	58	357	0.00006
Bacillus sp. X1(2014)	1565991	S	157	49	206	0.00003
Bacillus sp. 1NLA3E	666686	S	120	30	150	0.00002
Bacillus sp. FJAT-18017	1705566	S	108	15	123	0.00002
Bacillus velezensis	492670	S	106	1320	1426	0.00024
Bacillus subtilis	1423	S	227	2520	2747	0.00046
Bacillus paralicheniformis	1648923	S	138	73	211	0.00004
Bacillus cereus	1396	S	138	1463	1601	0.00027
Bacillus thuringiensis	1428	S	113	1700	1813	0.00030
Bacillus circulans	1397	S	176	30	206	0.00003
Bacillus glycinifermentans	1664069	S	151	26	177	0.00003
Bacillus marisflavi	189381	S	127	23	150	0.00002
Bacillus oleronius	38875	S	119	31	150	0.00002
Bacillus dafuensis	1742359	S	111	21	132	0.00002
Neobacillus cucumis	1740721	S	2954	223	3177	0.00053
Neobacillus mesonae	1193713	S	233	40	273	0.00005
Alkalihalobacillus clausii	79880	S	1418	241	1659	0.00028
Geobacillus subterraneus	129338	S	187	519	706	0.00012
Geobacillus genomosp. 3	1921421	S	134	157	291	0.00005
Peribacillus asahii	228899	S	688	248	936	0.00016
Terribacillus goriensis	386490	S	798	103	901	0.00015
Cytobacillus oceanisediminis	665099	S	492	114	606	0.00010
Lysinibacillus timonensis	2086577	S	109	98	207	0.00003
Oceanobacillus iheyensis	182710	S	187	42	229	0.00004
Oceanobacillus kimchii	746691	S	117	27	144	0.00002
Mesobacillus foraminis	279826	S	198	29	227	0.00004
Mesobacillus jeotgali	129985	S	171	27	198	0.00003
Metabacillus sp. KUDC1714	2745198	S	166	41	207	0.00003
Weizmannia coagulans	1398	S	147	49	196	0.00003
Paenibacillus sp. B01	2660554	S	822	455	1277	0.00021
Paenibacillus sp. UniB2	2726185	S	717	384	1101	0.00018
Paenibacillus sp. RUD330	2023772	S	489	89	578	0.00010
Paenibacillus sp. 32O-W	1695218	S	417	67	484	0.00008
Paenibacillus sp. PAMC21692	2762320	S	298	31	329	0.00005
Paenibacillus sp. JDR-2	324057	S	183	24	207	0.00003
Paenibacillus sp. CAA11	1532905	S	157	30	187	0.00003
Paenibacillus sp. Y412MC10	481743	S	142	493	635	0.00011
Paenibacillus sp. URB8-2	2741301	S	142	54	196	0.00003
Paenibacillus sp. BIHB4019	1870819	S	138	12	150	0.00003
Paenibacillus sp. JNUCC-32	2777984	S	127	462	589	0.00010
Paenibacillus sp. FSL H7-0357	1536774	S	111	35	146	0.00002
Paenibacillus sp. HB172198	2565926	S	103	16	119	0.00002
Paenibacillus mucilaginosus	61624	S	777	99	876	0.00015
Paenibacillus lycopersici	2704462	S	555	106	661	0.00011
Paenibacillus cellulositrophicus	562959	S	369	47	416	0.00007
Paenibacillus thiaminolyticus	49283	S	294	40	334	0.00006
Paenibacillus ihbetae	1870820	S	264	49	313	0.00005
Paenibacillus beijingensis	1126833	S	263	42	305	0.00005
Paenibacillus rhizovicinus	2704463	S	252	38	290	0.00005
Paenibacillus durus	44251	S	249	97	346	0.00006
Paenibacillus chitinolyticus	79263	S	239	38	277	0.00005
Paenibacillus stellifer	169760	S	212	49	261	0.00004
Paenibacillus lautus	1401	S	193	356	549	0.00009
Paenibacillus cellulosilyticus	375489	S	189	26	215	0.00004
Paenibacillus xylanilyticus	248903	S	187	40	227	0.00004
Paenibacillus sabinae	365617	S	179	69	248	0.00004
Paenibacillus polymyxa	1406	S	147	551	698	0.00012
Paenibacillus naphthalenovorans	162209	S	146	25	171	0.00003
Paenibacillus albus	2495582	S	138	17	155	0.00003
Paenibacillus protaetiae	2509456	S	115	19	134	0.00002
Paenibacillus donghaensis	414771	S	114	18	132	0.00002
Paenibacillus physcomitrellae	1619311	S	103	45	148	0.00002
Brevibacillus sp. SCSIO 07484	2496837	S	328	57	385	0.00006
Brevibacillus sp. FJAT-54423	2796470	S	237	61	298	0.00005
Brevibacillus choshinensis	54911	S	408	87	495	0.00008
Brevibacillus agri	51101	S	236	62	298	0.00005
Brevibacillus brevis	1393	S	181	180	361	0.00006
Cohnella sp. LGH	1619153	S	330	57	387	0.00006
Cohnella sp. KS 22	2598458	S	178	38	216	0.00004
Cohnella sp. MFER-1	2728023	S	156	34	190	0.00003
Cohnella candidum	2674991	S	523	110	633	0.00011
Thermobacillus composti	377615	S	742	213	955	0.00016
Saccharibacillus brassicae	2583377	S	493	110	603	0.00010
Novibacillus thermophilus	1471761	S	5798	592	6390	0.00106
Kroppenstedtia eburnea	714067	S	577	64	641	0.00011
Staphylospora marina	2490858	S	233	40	273	0.00005
Laceyella sacchari	37482	S	149	24	173	0.00003
Thermoactinomyces vulgaris	2026	S	140	22	162	0.00003
Alicyclobacillus acidocaldarius	405212	S	884	109	993	0.00016
Alicyclobacillus ferrooxydans	471514	S	200	15	215	0.00004
Tumebacillus avium	1903704	S	569	262	831	0.00014
Tumebacillus algifaecis	1214604	S	227	86	313	0.00005
Kyrpidia spormannii	2055160	S	163	87	250	0.00004
Kyrpidia tusciae	33943	S	109	75	184	0.00003
Exiguobacterium mexicanum	340146	S	105	103	208	0.00003
Thermaerobacter sp. FW80	2546351	S	883	375	1258	0.00021
Thermaerobacter sp. PB12/4term	2293838	S	640	296	936	0.00016
Thermaerobacter marianensis	73919	S	837	415	1252	0.00021
Intestinimonas butyriciproducens	1297617	S	273	96	369	0.00006
Flintibacter sp. KGMB00164	2610895	S	178	54	232	0.00004
Faecalibacterium prausnitzii	853	S	578	538	1116	0.00019
Flavonifractor plautii	292800	S	443	241	684	0.00011
Oscillibacter sp. NSJ-62	2763056	S	173	87	260	0.00004
Oscillibacter valericigenes	351091	S	140	24	164	0.00003
Caproiciproducens sp. NJN-50	2507162	S	178	35	213	0.00004
Caproiciproducens sp. 7D4C2	2721621	S	120	33	153	0.00003
Ethanoligenens harbinense	253239	S	243	68	311	0.00005
Ruthenibacterium lactatiformans	1550024	S	228	106	334	0.00006
Acutalibacter muris	1796620	S	122	15	137	0.00002
Symbiobacterium thermophilum	2734	S	1292	281	1573	0.00026
Candidatus Desulforudis audaxviator	471827	S	272	46	318	0.00005
Desulfallas gibsoniae	102134	S	153	36	189	0.00003
Christensenella sp. Marseille-P3954	2086585	S	380	121	501	0.00008
Heliobacterium modesticaldum	35701	S	327	156	483	0.00008
Moorella thermoacetica	1525	S	184	24	208	0.00003
Moorella glycerini	55779	S	172	28	200	0.00003
Ammonifex degensii	42838	S	185	17	202	0.00003
Thermacetogenium phaeum	85874	S	145	92	237	0.00004
Selenomonas sp. oral taxon 126	712528	S	210	158	368	0.00006
Selenomonas sp. Marseille-Q3039	2754044	S	149	150	299	0.00005
Selenomonas sp. oral taxon 920	1884263	S	124	70	194	0.00003
Selenomonas sputigena	69823	S	354	68	422	0.00007
Selenomonas ruminantium	971	S	120	17	137	0.00002
Megasphaera elsdenii	907	S	158	52	210	0.00003
Megasphaera stantonii	2144175	S	141	50	191	0.00003
Limnochorda pilosa	1555112	S	1079	150	1229	0.00020
Deinococcus sp. NW-56	2080419	S	575	145	720	0.00012
Deinococcus sp. AJ005	2652443	S	305	83	388	0.00006
Deinococcus sp. S14-83	2489213	S	263	29	292	0.00005
Deinococcus maricopensis	309887	S	932	200	1132	0.00019
Deinococcus actinosclerus	1768108	S	776	524	1300	0.00022
Deinococcus metallilatus	1211322	S	749	181	930	0.00015
Deinococcus ficus	317577	S	731	156	887	0.00015
Deinococcus gobiensis	502394	S	727	171	898	0.00015
Deinococcus peraridilitoris	432329	S	592	60	652	0.00011
Deinococcus irradiatisoli	2202254	S	548	132	680	0.00011
Deinococcus swuensis	1182571	S	500	167	667	0.00011
Deinococcus wulumuqiensis	980427	S	431	239	670	0.00011
Deinococcus radiodurans	1299	S	407	155	562	0.00009
Deinococcus geothermalis	68909	S	372	1989	2361	0.00039
Deinococcus soli Cha et al. 2016	1309411	S	322	325	647	0.00011
Deinococcus proteolyticus	55148	S	319	52	371	0.00006
Deinococcus deserti	310783	S	269	31	300	0.00005
Deinococcus puniceus	1182568	S	141	16	157	0.00003
Thermus thermophilus	274	S	314	637	951	0.00016
Thermus aquaticus	271	S	237	119	356	0.00006
Thermus sp. CCB_US3_UF1	1111069	S	215	79	294	0.00005
Thermus oshimai	56957	S	168	66	234	0.00004
Thermus scotoductus	37636	S	130	98	228	0.00004
Thermus brockianus	56956	S	126	40	166	0.00003
Oceanithermus profundus	187137	S	1164	301	1465	0.00024
Meiothermus ruber	277	S	322	157	479	0.00008
Meiothermus silvanus	52022	S	319	53	372	0.00006
Meiothermus taiwanensis	172827	S	244	185	429	0.00007
Marinithermus hydrothermalis	186192	S	608	143	751	0.00012
Truepera radiovictrix	332249	S	869	113	982	0.00016
Synechococcus sp. CBW1004	1353136	S	403	368	771	0.00013
Synechococcus sp. RSCCF101	2511069	S	374	165	539	0.00009
Synechococcus sp. CBW1107	2789857	S	320	267	587	0.00010
Synechococcus sp. LTW-R	2751170	S	230	128	358	0.00006
Synechococcus sp. CB0101	232348	S	214	145	359	0.00006
Synechococcus sp. CBW1108	1353147	S	208	123	331	0.00005
Synechococcus sp. SynAce01	1916956	S	195	81	276	0.00005
Synechococcus sp. JA-3-3Ab	321327	S	186	242	428	0.00007
Synechococcus sp. PCC 7336	195250	S	151	11	162	0.00003
Synechococcus sp. HK01-R	2751171	S	120	105	225	0.00004
Synechococcus sp. RS9909	221352	S	115	405	520	0.00009
Synechococcus sp. Minos11	221341	S	113	37	150	0.00002
Synechococcus sp. JA-2-3B'a(2-13)	321332	S	110	138	248	0.00004
Synechococcus elongatus	32046	S	120	113	233	0.00004
Cyanobium sp. NIES-981	1851505	S	329	187	516	0.00009
Cyanobium sp. NS01	261284	S	320	185	505	0.00008
Cyanobium gracile	59930	S	464	207	671	0.00011
Leptolyngbya sp. O-77	1080068	S	223	176	399	0.00007
Leptolyngbya sp. BL0902	1115757	S	153	22	175	0.00003
Halomicronema hongdechloris	1209493	S	157	13	170	0.00003
Nostoc sp. NIES-4103	2005458	S	172	716	888	0.00015
Geitlerinema sp. PCC 7407	1173025	S	469	121	590	0.00010
Oxynema sp. AP17	2064643	S	137	51	188	0.00003
Moorea producens	1155739	S	162	24	186	0.00003
Microcystis aeruginosa	1126	S	105	175	280	0.00005
Gloeobacter violaceus	33072	S	746	117	863	0.00014
Gloeobacter kilaueensis	1416614	S	618	86	704	0.00012
Sphaerobacter thermophilus	2057	S	3631	669	4300	0.00071
Thermomicrobium roseum	500	S	596	49	645	0.00011
Roseiflexus sp. RS-1	357808	S	682	135	817	0.00014
Roseiflexus castenholzii	120962	S	661	168	829	0.00014
Chloroflexus aurantiacus	1108	S	282	109	391	0.00006
Chloroflexus aggregans	152260	S	233	49	282	0.00005
Tepidiforma bonchosmolovskayae	2601677	S	2012	338	2350	0.00039
Candidatus Promineofilum breve	1806508	S	1558	217	1775	0.00029
Anaerolinea thermophila	167964	S	339	69	408	0.00007
Anaerolinea sp. 'rifampicinis'	2710758	S	309	10	319	0.00005
Pelolinea submarina	913107	S	267	37	304	0.00005
Brevefilum fermentans	1986204	S	121	21	142	0.00002
Caldilinea aerophila	133453	S	815	123	938	0.00016
Dehalogenimonas lykanthroporepellens	552810	S	199	96	295	0.00005
Dehalogenimonas formicexedens	1839801	S	183	37	220	0.00004
Dehalogenimonas sp. GP	1536648	S	103	17	120	0.00002
Ktedonosporobacter rubrisoli	2509675	S	338	10	348	0.00006
Thermobaculum terrenum	166501	S	284	30	314	0.00005
Fimbriimonas ginsengisoli	1005039	S	990	45	1035	0.00017
Chthonomonas calidirosea	454171	S	235	8	243	0.00004
Gemmata obscuriglobus	114	S	8681	2457	11138	0.00185
Gemmata massiliana	1210884	S	3361	2571	5932	0.00098
Gemmata sp. SH-PL17	1630693	S	3264	2821	6085	0.00101
Urbifossiella limnaea	2528023	S	16546	5152	21698	0.00360
Frigoriglobus tundricola	2774151	S	10562	3897	14459	0.00240
Limnoglobus roseus	2598579	S	7125	1331	8456	0.00140
Tuwongella immobilis	692036	S	851	54	905	0.00015
Lacipirellula parvula	2650471	S	3853	1112	4965	0.00082
Lacipirellula limnantheis	2528024	S	3387	901	4288	0.00071
Pirellulimonas nuda	2528009	S	2637	710	3347	0.00056
Botrimarina mediterranea	2528022	S	2312	563	2875	0.00048
Aeoliella mucimassa	2527972	S	1018	126	1144	0.00019
Bythopirellula goksoyri	1400387	S	481	37	518	0.00009
Stieleria neptunia	2527979	S	882	139	1021	0.00017
Stieleria maiorica	2795974	S	840	182	1022	0.00017
Lignipirellula cremea	2528010	S	1740	296	2036	0.00034
Anatilimnocola aggregata	2528021	S	1537	243	1780	0.00030
Rosistilla oblonga	2527990	S	723	233	956	0.00016
Rosistilla carotiformis	2528017	S	386	166	552	0.00009
Pirellula staleyi	125	S	842	82	924	0.00015
Pirellula sp. SH-Sr6A	1632865	S	242	11	253	0.00004
Roseimaritima ulvae	980254	S	875	128	1003	0.00017
Bremerella volcania	2527984	S	814	143	957	0.00016
Mariniblastus fucicola	980251	S	359	19	378	0.00006
Aureliella helgolandensis	2527968	S	330	23	353	0.00006
Rhodopirellula baltica	265606	S	314	32	346	0.00006
Thermogutta terrifontis	1331910	S	313	17	330	0.00005
Tautonia plasticadhaerens	2527974	S	8111	2200	10311	0.00171
Aquisphaera giovannonii	406548	S	6700	2284	8984	0.00149
Paludisphaera borealis	1387353	S	4817	2151	6968	0.00116
Singulisphaera acidiphila	466153	S	3025	548	3573	0.00059
Isosphaera pallida	128	S	792	75	867	0.00014
Planctomyces sp. SH-PL62	1636152	S	4230	2580	6810	0.00113
Planctomyces sp. SH-PL14	1632864	S	2986	579	3565	0.00059
Caulifigura coniformis	2527983	S	2851	554	3405	0.00056
Gimesia panareensis	2527978	S	655	123	778	0.00013
Gimesia chilikensis	2605989	S	391	360	751	0.00012
Gimesia maris	122	S	282	63	345	0.00006
Gimesia algae	2527971	S	189	60	249	0.00004
Gimesia fumaroli	2527976	S	163	46	209	0.00003
Gimesia alba	2527973	S	159	42	201	0.00003
Gimesia aquarii	2527964	S	136	7	143	0.00002
Maioricimonas rarisocia	2528026	S	1958	414	2372	0.00039
Alienimonas californiensis	2527989	S	1881	406	2287	0.00038
Symmachiella dynata	2527995	S	938	77	1015	0.00017
Planctopirus limnophila	120	S	188	96	284	0.00005
Planctopirus ephydatiae	2528019	S	166	92	258	0.00004
Rubinisphaera brasiliensis	119	S	500	71	571	0.00009
Calycomorphotria hydatis	2528027	S	462	52	514	0.00009
Fuerstia marisgermanicae	1891926	S	452	31	483	0.00008
Crateriforma conspicua	2527996	S	444	91	535	0.00009
Thalassoglobus polymorphus	2527994	S	198	13	211	0.00004
Polystyrenella longa	2528007	S	187	15	202	0.00003
Humisphaera borealis	2807512	S	3091	419	3510	0.00058
Phycisphaera mikurensis	547188	S	1787	425	2212	0.00037
Poriferisphaera corsica	2528020	S	133	4	137	0.00002
Anaerohalosphaera lusitana	1936003	S	217	14	231	0.00004
Limihaloglobus sulfuriphilus	1851148	S	106	13	119	0.00002
Opitutus sp. GAS368	1882749	S	6151	2126	8277	0.00137
Opitutus terrae	107709	S	4878	701	5579	0.00093
Lacunisphaera limnophila	1838286	S	7173	2364	9537	0.00158
Nibricoccus aquaticus	2576891	S	2422	328	2750	0.00046
Ereboglobus luteus	1796921	S	1645	204	1849	0.00031
Coraliomargarita akajimensis	395922	S	151	7	158	0.00003
Verrucomicrobium sp. GAS474	1882831	S	1357	257	1614	0.00027
Verrucomicrobium spinosum	2736	S	808	145	953	0.00016
Roseimicrobium sp. ORNL1	2711231	S	1210	215	1425	0.00024
Luteolibacter luteus	2728835	S	1163	124	1287	0.00021
Akkermansia muciniphila	239935	S	378	44	422	0.00007
Akkermansia glycaniphila	1679444	S	230	29	259	0.00004
Methylacidimicrobium sp. AP8	2730359	S	348	67	415	0.00007
Methylacidimicrobium sp. B4	2796139	S	331	76	407	0.00007
Candidatus Xiphinematobacter sp. Idaho Grape	1704307	S	118	7	125	0.00002
Kiritimatiella glycovorans	1307763	S	556	178	734	0.00012
Candidatus Vampirococcus archaeovorus	1930593	S	148	5	153	0.00003
Hymenobacter sp. PAMC 26554	1484116	S	444	135	579	0.00010
Hymenobacter sp. PAMC 26628	1484118	S	432	247	679	0.00011
Hymenobacter sp. BRD128	2675878	S	359	123	482	0.00008
Hymenobacter sp. APR13	1356852	S	353	213	566	0.00009
Hymenobacter sp. NBH84	2596915	S	296	75	371	0.00006
Hymenobacter sp. DG01	2584940	S	218	90	308	0.00005
Hymenobacter sp. TS19	2735321	S	175	44	219	0.00004
Hymenobacter sp. BRD67	2675877	S	174	210	384	0.00006
Hymenobacter sp. DG25A	1385663	S	152	98	250	0.00004
Hymenobacter sp. DG25B	1385664	S	149	94	243	0.00004
Hymenobacter sp. S2-20-2	2761579	S	148	49	197	0.00003
Hymenobacter busanensis	2607656	S	466	162	628	0.00010
Hymenobacter sedentarius	1411621	S	379	129	508	0.00008
Hymenobacter nivis	1850093	S	319	196	515	0.00009
Hymenobacter oligotrophus	2319843	S	291	87	378	0.00006
Hymenobacter jejuensis	2502781	S	252	58	310	0.00005
Hymenobacter swuensis	1446467	S	247	102	349	0.00006
Hymenobacter russus	2724192	S	247	90	337	0.00006
Hymenobacter baengnokdamensis	2615203	S	181	261	442	0.00007
Hymenobacter qilianensis	1385715	S	141	53	194	0.00003
Pontibacter russatus	2694929	S	542	177	719	0.00012
Pontibacter actiniarum	323450	S	243	95	338	0.00006
Pontibacter akesuensis	388950	S	193	58	251	0.00004
Pontibacter pudoricolor	2694930	S	110	28	138	0.00002
Pontibacter sp. SGAir0037	2571030	S	105	31	136	0.00002
Rufibacter radiotolerans	1379910	S	151	56	207	0.00003
Rufibacter tibetensis	512763	S	124	37	161	0.00003
Adhaeribacter radiodurans	2745197	S	101	22	123	0.00002
Adhaeribacter swui	2086471	S	100	24	124	0.00002
Spirosoma sp. CJU-R4	2728024	S	265	49	314	0.00005
Spirosoma sp. KUDC1026	2745947	S	181	29	210	0.00003
Spirosoma sp. PL0136	2710596	S	110	18	128	0.00002
Spirosoma sp. KCTC 42546	2520506	S	104	17	121	0.00002
Spirosoma rigui	564064	S	237	40	277	0.00005
Spirosoma taeanense	2735870	S	183	32	215	0.00004
Spirosoma montaniterrae	1178516	S	168	69	237	0.00004
Spirosoma radiotolerans	1379870	S	121	18	139	0.00002
Spirosoma endbachense	2666025	S	117	87	204	0.00003
Spirosoma pollinicola	2057025	S	100	14	114	0.00002
Dyadobacter fermentans	94254	S	420	65	485	0.00008
Dyadobacter sp. Q3-56	2747268	S	138	19	157	0.00003
Fibrella aestuarina	651143	S	327	68	395	0.00007
Fibrella sp. ES10-3-2-2	1834519	S	194	34	228	0.00004
Runella slithyformis	106	S	147	23	170	0.00003
Rhodocytophaga rosea	2704465	S	100	10	110	0.00002
Chryseolinea soli	2321403	S	975	104	1079	0.00018
Chitinophaga sp. XS-30	2604421	S	427	316	743	0.00012
Chitinophaga sp. MD30	2033437	S	187	122	309	0.00005
Chitinophaga pinensis	79329	S	446	182	628	0.00010
Chitinophaga alhagiae	2203219	S	203	55	258	0.00004
Chitinophaga agri	2703787	S	201	92	293	0.00005
Chitinophaga caeni	2029983	S	107	48	155	0.00003
Niastella koreensis	354356	S	1814	496	2310	0.00038
Paraflavitalea soli	2315862	S	922	247	1169	0.00019
Flavisolibacter ginsenosidimutans	661481	S	428	91	519	0.00009
Flavisolibacter tropicus	1492898	S	325	93	418	0.00007
Pseudobacter ginsenosidimutans	661488	S	710	189	899	0.00015
Pseudocnuella soli	2502779	S	502	181	683	0.00011
Niabella ginsenosidivorans	1176587	S	229	57	286	0.00005
Niabella soli	446683	S	176	53	229	0.00004
Panacibacter ginsenosidivorans	1813871	S	342	82	424	0.00007
Lacibacter sp. S13-6-6	2760713	S	285	71	356	0.00006
Arachidicoccus sp. BS20	1850526	S	103	83	186	0.00003
Flavihumibacter sp. SB-02	2676868	S	231	71	302	0.00005
Filimonas lacunae	477680	S	208	62	270	0.00004
Robiginitalea biformata	252307	S	151	422	573	0.00010
Alistipes communis	2585118	S	337	224	561	0.00009
Alistipes dispar	2585119	S	324	129	453	0.00008
Alistipes megaguti	2364787	S	262	89	351	0.00006
Alistipes onderdonkii	328813	S	249	113	362	0.00006
Alistipes sp. dk3624	2662363	S	233	104	337	0.00006
Alistipes shahii	328814	S	229	189	418	0.00007
Alistipes indistinctus	626932	S	178	73	251	0.00004
Alistipes finegoldii	214856	S	176	111	287	0.00005
Prevotella dentalis	52227	S	155	53	208	0.00003
Sodaliphilus pleomorphus	2606626	S	149	111	260	0.00004
Tannerella sp. oral taxon HOT-286	712710	S	177	24	201	0.00003
Barnesiella viscericola	397865	S	112	77	189	0.00003
Rhodothermus marinus	29549	S	1950	453	2403	0.00040
Salinibacter ruber	146919	S	1200	128	1328	0.00022
Mucilaginibacter ginsenosidivorans	398053	S	134	95	229	0.00004
Mucilaginibacter mali	2740462	S	129	131	260	0.00004
Mucilaginibacter ginsenosidivorax	862126	S	104	134	238	0.00004
Anseongella ginsenosidimutans	496056	S	137	48	185	0.00003
Haliscomenobacter hydrossis	2350	S	148	16	164	0.00003
Chlorobaculum limnaeum	274537	S	460	170	630	0.00010
Chlorobaculum tepidum	1097	S	247	112	359	0.00006
Chlorobaculum parvum	274539	S	226	77	303	0.00005
Chlorobium limicola	1092	S	106	60	166	0.00003
Pelodictyon luteolum	1100	S	205	71	276	0.00005
Prosthecochloris sp. GSB1	281093	S	230	48	278	0.00005
Candidatus Cyclonatronum proteinivorum	1457365	S	154	14	168	0.00003
Gemmatirosa kalamazoonesis	861299	S	26358	5405	31763	0.00527
Gemmatimonas sp. TET16	2732249	S	3308	818	4126	0.00068
Gemmatimonas aurantiaca	173480	S	2496	641	3137	0.00052
Gemmatimonas phototrophica	1379270	S	1949	470	2419	0.00040
Fibrobacter succinogenes	833	S	106	4	110	0.00002
Granulicella sp. WH15	2602070	S	1251	476	1727	0.00029
Granulicella sp. 5B5	1617967	S	956	346	1302	0.00022
Granulicella mallensis	940614	S	910	235	1145	0.00019
Granulicella tundricola	940615	S	847	188	1035	0.00017
Terriglobus roseus	392734	S	1391	466	1857	0.00031
Terriglobus albidus	1592106	S	1111	212	1323	0.00022
Terriglobus saanensis	870903	S	552	130	682	0.00011
Acidobacterium capsulatum	33075	S	1215	373	1588	0.00026
Acidobacterium sp. 4Y35	2763107	S	1099	169	1268	0.00021
Candidatus Koribacter versatilis	658062	S	2142	259	2401	0.00040
Edaphobacter sp. 12200R-103	2703788	S	728	244	972	0.00016
Edaphobacter sp. 4G125	2763071	S	439	133	572	0.00009
Acidisarcina polymorpha	2211140	S	849	103	952	0.00016
Candidatus Solibacter usitatus	332163	S	4509	723	5232	0.00087
Paludibaculum fermentans	1473598	S	3049	481	3530	0.00059
Luteitalea pratensis	1855912	S	14854	2117	16971	0.00281
Chloracidobacterium thermophilum	458033	S	718	62	780	0.00013
Nitrospira moscoviensis	42253	S	2531	597	3128	0.00052
Nitrospira japonica	1325564	S	1484	365	1849	0.00031
Nitrospira sp. KM1	1936990	S	1143	399	1542	0.00026
Candidatus Nitrospira inopinata	1715989	S	1067	196	1263	0.00021
Treponema brennaborense	81028	S	133	108	241	0.00004
Spirochaeta thermophila	154	S	359	37	396	0.00007
Spirochaeta africana	46355	S	121	21	142	0.00002
Turneriella parva	29510	S	276	9	285	0.00005
Fretibacterium fastidiosum	651822	S	280	24	304	0.00005
Thermanaerovibrio acidaminovorans	81462	S	141	64	205	0.00003
Aminomonas paucivorans	81412	S	242	54	296	0.00005
Cloacibacillus porcorum	1197717	S	236	22	258	0.00004
Jonquetella anthropi	428712	S	149	14	163	0.00003
Candidatus Bipolaricaulis anaerobius	2026885	S	308	23	331	0.00006
Thermosulfurimonas marina	2047767	S	128	53	181	0.00003
Caldithrix abyssi	187145	S	193	5	198	0.00003
Desulfurispirillum indicum	936456	S	149	20	169	0.00003
Candidatus Nitrososphaera gargensis	497727	S	7772	342	8114	0.00135
Nitrososphaera viennensis	1034015	S	4965	1818	6783	0.00113
Candidatus Nitrososphaera evergladensis	1459637	S	3357	999	4356	0.00072
Candidatus Nitrosocosmicus franklandus	1798806	S	381	87	468	0.00008
Candidatus Nitrosocosmicus oleophilus	1353260	S	253	46	299	0.00005
Candidatus Nitrosocosmicus hydrocola	1826872	S	251	62	313	0.00005
Candidatus Nitrosotenuis aquarius	1846278	S	8048	944	8992	0.00149
Candidatus Nitrosotenuis cloacae	1603555	S	4093	508	4601	0.00076
Candidatus Nitrosotenuis sp. DW1	2259672	S	392	20	412	0.00007
Halorubrum sp. CBA1229	1853699	S	408	145	553	0.00009
Halorubrum sp. RHB-C	2739057	S	292	165	457	0.00008
Halorubrum sp. PV6	634157	S	290	75	365	0.00006
Halorubrum sp. BOL3-1	2497325	S	270	69	339	0.00006
Halorubrum trapanicum	29284	S	294	222	516	0.00009
Halorubrum ezzemoulense	337243	S	284	107	391	0.00006
Halorubrum lacusprofundi	2247	S	223	178	401	0.00007
Halobonum sp. NJ-3-1	2743089	S	479	82	561	0.00009
Halobonum sp. Gai3-2	2743090	S	410	65	475	0.00008
Salinigranum rubrum	755307	S	399	51	450	0.00007
Halolamina sp. CBA1230	1853690	S	386	107	493	0.00008
Halopenitus persicus	1048396	S	309	54	363	0.00006
Haloplanus rubicundus	1547898	S	325	73	398	0.00007
Haloplanus rallus	1816183	S	290	108	398	0.00007
Haloplanus aerogenes	660522	S	245	50	295	0.00005
Haloferax gibbonsii	35746	S	263	353	616	0.00010
Haloferax mediterranei	2252	S	120	23	143	0.00002
Halobellus limi	699433	S	326	89	415	0.00007
Haloprofundus sp. MHR1	2572921	S	280	50	330	0.00005
Halogeometricum borinquense	60847	S	142	16	158	0.00003
Halalkaliarchaeum desulfuricum	2055893	S	200	18	218	0.00004
Halosimplex pelagicum	869886	S	407	156	563	0.00009
Halosimplex litoreum	1198301	S	365	107	472	0.00008
Halosimplex rubrum	869889	S	325	158	483	0.00008
Natronomonas sp. YPL13	1710540	S	468	97	565	0.00009
Natronomonas sp. C90	2747817	S	189	27	216	0.00004
Natronomonas moolapensis	416273	S	186	26	212	0.00004
Natronomonas pharaonis	2257	S	144	14	158	0.00003
Haloarcula sp. JP-L23	2716717	S	298	210	508	0.00008
Halorhabdus utahensis	146826	S	157	29	186	0.00003
Halorhabdus tiamatea	430914	S	116	34	150	0.00003
Halorhabdus sp. CBA1104	1380432	S	111	11	122	0.00002
Halomicrobium sp. LC1Hm	2610902	S	165	264	429	0.00007
Halorientalis sp. IM1011	1932360	S	291	56	347	0.00006
Halapricum salinum	1457250	S	187	22	209	0.00003
Halobacterium hubeiense	1407499	S	361	243	604	0.00010
Halobacterium sp. DL1	751944	S	316	244	560	0.00009
Halorussus sp. ZS-3	2650975	S	192	17	209	0.00003
Halorussus sp. RC-68	2505977	S	182	22	204	0.00003
Halarchaeum sp. CBA1220	1853682	S	351	61	412	0.00007
Halalkalicoccus jeotgali	413810	S	200	16	216	0.00004
Salarchaeum sp. JOR-1	2599399	S	176	32	208	0.00003
Halanaeroarchaeum sulfurireducens	1604004	S	130	12	142	0.00002
Halodesulfurarchaeum formicicum	1873524	S	108	9	117	0.00002
Haloterrigena sp. KZCA68	2816475	S	302	101	403	0.00007
Haloterrigena sp. YPL8	1699371	S	133	14	147	0.00002
Haloterrigena turkmenica	62320	S	256	105	361	0.00006
Haloterrigena salifodinae	2675099	S	222	108	330	0.00005
Haloterrigena longa	370324	S	160	52	212	0.00004
Haloterrigena daqingensis	588898	S	138	17	155	0.00003
Natrinema sp. YPL30	1710539	S	191	53	244	0.00004
Natrinema sp. J7-2	406552	S	126	68	194	0.00003
Natrinema versiforme	88724	S	243	86	329	0.00005
Natrinema pellirubrum	69525	S	206	94	300	0.00005
Natrinema pallidum	69527	S	108	56	164	0.00003
Halovivax sp. KZCA124	2817025	S	320	37	357	0.00006
Halovivax ruber	387341	S	212	24	236	0.00004
Natrarchaeobaculum aegyptiacum	745377	S	226	39	265	0.00004
Natrarchaeobaculum sulfurireducens	2044521	S	185	25	210	0.00003
Natronococcus occultus	29288	S	369	62	431	0.00007
Halopiger xanaduensis	387343	S	357	90	447	0.00007
Halobiforma lacisalsi	229731	S	350	91	441	0.00007
Natronorubrum aibiense	348826	S	202	40	242	0.00004
Natronorubrum bangense	61858	S	110	21	131	0.00002
Salinarchaeum sp. Harcht-Bsk1	1333523	S	273	32	305	0.00005
Natrialba magadii	13769	S	229	32	261	0.00004
Halostagnicola larsenii	353800	S	191	19	210	0.00003
Natronobacterium gregoryi	44930	S	136	21	157	0.00003
Methanoculleus marisnigri	2198	S	276	41	317	0.00005
Methanoculleus bourgensis	83986	S	180	30	210	0.00003
Methanofollis liminatans	2201	S	129	13	142	0.00002
Methanosaeta harundinacea	301375	S	133	8	141	0.00002
Methanocella arvoryzae	1175445	S	136	6	142	0.00002
Methanocella paludicola	570267	S	135	6	141	0.00002
Fusarium oxysporum	5507	S	3436	1232	4668	0.00077
Fusarium venenatum	56646	S	178	196	374	0.00006
Fusarium graminearum	5518	S	120	150	270	0.00004
Fusarium pseudograminearum	101028	S	116	134	250	0.00004
Fusarium verticillioides	117187	S	267	86	353	0.00006
Fusarium fujikuroi	5127	S	167	50	217	0.00004
Drechmeria coniospora	98403	S	564	77	641	0.00011
Pochonia chlamydosporia	280754	S	323	26	349	0.00006
Colletotrichum higginsianum	80884	S	695	192	887	0.00015
Thermothelomyces thermophilus	78579	S	1194	243	1437	0.00024
Thermothielavioides terrestris	2587410	S	1057	235	1292	0.00021
Neurospora crassa	5141	S	462	81	543	0.00009
Pyricularia oryzae	318829	S	286	91	377	0.00006
Pyricularia pennisetigena	1578925	S	271	60	331	0.00006
Pyricularia grisea	148305	S	219	53	272	0.00005
Botrytis cinerea	40559	S	123	5	128	0.00002
Aspergillus oryzae	5062	S	473	79	552	0.00009
Aspergillus fumigatus	746128	S	206	41	247	0.00004
Talaromyces rugulosus	121627	S	176	38	214	0.00004
Zymoseptoria tritici	1047171	S	251	9	260	0.00004
Cercospora beticola	122368	S	194	7	201	0.00003
Eremothecium gossypii	33169	S	105	55	160	0.00003
Yarrowia lipolytica	4952	S	103	5	108	0.00002
Sporisorium graminicola	280036	S	259	31	290	0.00005
Ustilago maydis	5270	S	180	10	190	0.00003
Malassezia restricta	76775	S	106	8	114	0.00002
Homo sapiens	9606	S	13731	981	14712	0.00244
Besnoitia besnoiti	94643	S	543	26	569	0.00009
Neospora caninum	29176	S	289	2	291	0.00005
Toxoplasma gondii	5811	S	284	26	310	0.00005
Babesia bigemina	5866	S	107	33	140	0.00002
Phaeodactylum tricornutum	2850	S	129	11	140	0.00002
Thalassiosira pseudonana	35128	S	105	12	117	0.00002
Leishmania mexicana	5665	S	208	129	337	0.00006
Leishmania major	5664	S	205	202	407	0.00007
