name	taxonomy_id	taxonomy_lvl	kraken_assigned_reads	added_reads	new_est_reads	fraction_total_reads
Streptomyces sp. GQFP	2907545	S	125838	20682	146520	0.01101
Streptomyces sp. 3214.6	1882757	S	40521	11590	52111	0.00392
Streptomyces sp. P3	2135430	S	27843	6812	34655	0.00260
Streptomyces sp. A2-16	2781734	S	25282	7742	33024	0.00248
Streptomyces sp. CdTB01	1725411	S	19992	5480	25472	0.00191
Streptomyces sp. ZYC-3	2797636	S	17977	3508	21485	0.00161
Streptomyces sp. ST1015	1848900	S	11975	2338	14313	0.00108
Streptomyces sp. Z423-1	2730915	S	10233	2879	13112	0.00099
Streptomyces sp. LRE541	2931983	S	10229	2283	12512	0.00094
Streptomyces sp. SN-593	659352	S	9973	1967	11940	0.00090
Streptomyces sp. MG28	2865673	S	9489	3643	13132	0.00099
Streptomyces sp. So13.3	2136173	S	8964	1440	10404	0.00078
Streptomyces sp. AMCC400023	2056258	S	8882	3958	12840	0.00096
Streptomyces sp. BH-MK-02	2880933	S	8808	1730	10538	0.00079
Streptomyces sp. MG62	2838015	S	8454	3137	11591	0.00087
Streptomyces sp. HM190	2695266	S	7766	2350	10116	0.00076
Streptomyces sp. WAC 01438	2203204	S	7527	2412	9939	0.00075
Streptomyces sp. SAT1	1849967	S	7506	2567	10073	0.00076
Streptomyces sp. RPA4-2	2721244	S	7450	2162	9612	0.00072
Streptomyces sp. NEAU-sy36	2751189	S	6949	2480	9429	0.00071
Streptomyces sp. JB150	2714844	S	6801	2204	9005	0.00068
Streptomyces sp. NA02536	2742133	S	6711	17658	24369	0.00183
Streptomyces sp. Go-475	2072505	S	6670	3069	9739	0.00073
Streptomyces sp. S1D4-11	2721246	S	6599	5914	12513	0.00094
Streptomyces sp. SCSIO 64649	2878388	S	6377	957	7334	0.00055
Streptomyces sp. Go 40/10	2825844	S	6370	2873	9243	0.00069
Streptomyces sp. DSM 40868	2721173	S	6311	2243	8554	0.00064
Streptomyces sp. CB01881	2078691	S	6126	940	7066	0.00053
Streptomyces sp. CB09001	2083284	S	5389	3771	9160	0.00069
Streptomyces sp. BJ20	2930049	S	5360	2055	7415	0.00056
Streptomyces sp. SCUT-3	2684469	S	5329	1731	7060	0.00053
Streptomyces sp. GMY02	1333528	S	5306	830	6136	0.00046
Streptomyces sp. NA02950	2742137	S	5231	943	6174	0.00046
Streptomyces sp. NHF165	2175864	S	5186	775	5961	0.00045
Streptomyces sp. HP-A2021	2927875	S	5182	2886	8068	0.00061
Streptomyces sp. MA3_2.13	2867410	S	4923	529	5452	0.00041
Streptomyces sp. NA04227	2742136	S	4837	970	5807	0.00044
Streptomyces sp. SYP-A7193	2662065	S	4813	3325	8138	0.00061
Streptomyces sp. MBT27	1488356	S	4726	1235	5961	0.00045
Streptomyces sp. YIM 121038	2136401	S	4627	1288	5915	0.00044
Streptomyces sp. RTd22	1841249	S	4364	2507	6871	0.00052
Streptomyces sp. 3025	2923272	S	4361	679	5040	0.00038
Streptomyces sp. GS7	2692234	S	4331	1085	5416	0.00041
Streptomyces sp. SM18	1736046	S	4276	1151	5427	0.00041
Streptomyces sp. jing01	2726118	S	4237	2331	6568	0.00049
Streptomyces sp. C8S0	2585716	S	4125	1030	5155	0.00039
Streptomyces sp. SirexAA-E	862751	S	4103	1194	5297	0.00040
Streptomyces sp. QHH-9511	2684468	S	4090	1019	5109	0.00038
Streptomyces sp. W1SF4	2305220	S	3997	1316	5313	0.00040
Streptomyces sp. Rer75	2750011	S	3978	2532	6510	0.00049
Streptomyces sp. 891-h	2720714	S	3936	634	4570	0.00034
Streptomyces sp. 135	2838850	S	3832	1225	5057	0.00038
Streptomyces sp. MST-110588	2833628	S	3773	807	4580	0.00034
Streptomyces sp. BHT-5-2	2866715	S	3524	1050	4574	0.00034
Streptomyces sp. WAC 01529	2203205	S	3489	1196	4685	0.00035
Streptomyces sp. HSG2	2797167	S	3460	653	4113	0.00031
Streptomyces sp. SUK 48	2582831	S	3287	2202	5489	0.00041
Streptomyces sp. CCM_MD2014	1561022	S	3250	3788	7038	0.00053
Streptomyces sp. CMB-StM0423	2059884	S	3220	2156	5376	0.00040
Streptomyces sp. S4.7	2705439	S	3201	1005	4206	0.00032
Streptomyces sp. Tu 2975	2676871	S	3152	917	4069	0.00031
Streptomyces sp. fd1-xmd	1812480	S	3061	1481	4542	0.00034
Streptomyces sp. HF10	2692233	S	2915	2212	5127	0.00039
Streptomyces sp. R527F	1664033	S	2744	15880	18624	0.00140
Streptomyces sp. INR7	2607753	S	2686	1595	4281	0.00032
Streptomyces sp. TN58	234612	S	2482	1281	3763	0.00028
Streptomyces sp. RLB1-33	2721243	S	2285	7604	9889	0.00074
Streptomyces sp. WY228	2855836	S	2173	1147	3320	0.00025
Streptomyces sp. YPW6	2840373	S	2141	1094	3235	0.00024
Streptomyces sp. AgN23	1188315	S	2140	1916	4056	0.00030
Streptomyces sp. ADI95-16	1522758	S	2093	2683	4776	0.00036
Streptomyces sp. EAS-AB2608	2779671	S	1971	4811	6782	0.00051
Streptomyces sp. Mg1	465541	S	1968	2682	4650	0.00035
Streptomyces sp. CNQ-509	444103	S	1925	2950	4875	0.00037
Streptomyces sp. M2	646637	S	1904	18748	20652	0.00155
Streptomyces sp. WAC 06738	2203210	S	1890	2969	4859	0.00037
Streptomyces sp. 2114.2	1881022	S	1848	11798	13646	0.00103
Streptomyces sp. PBH53	1577075	S	1766	4201	5967	0.00045
Streptomyces sp. 769	1262452	S	1749	1358	3107	0.00023
Streptomyces sp. RPA4-5	2721245	S	1613	1025	2638	0.00020
Streptomyces sp. 2323.1	1938841	S	1532	901	2433	0.00018
Streptomyces sp. S063	2005885	S	1432	1011	2443	0.00018
Streptomyces sp. MOE7	1961713	S	1400	1638	3038	0.00023
Streptomyces sp. CRSS-Y-16	2906474	S	1356	14124	15480	0.00116
Streptomyces sp. S8	1837283	S	1319	1164	2483	0.00019
Streptomyces sp. PAMC 26508	1265601	S	1304	8566	9870	0.00074
Streptomyces sp. NEAU-S7GS2	2202000	S	1295	1192	2487	0.00019
Streptomyces sp. 3211	1964449	S	1249	2473	3722	0.00028
Streptomyces sp. S501	2420135	S	1228	8741	9969	0.00075
Streptomyces sp. ID38640	1265399	S	1219	1021	2240	0.00017
Streptomyces sp. HNA39	2850561	S	1195	1443	2638	0.00020
Streptomyces sp. WA6-1-16	2879427	S	1145	1250	2395	0.00018
Streptomyces sp. Sge12	1972846	S	1080	2634	3714	0.00028
Streptomyces sp. XC 2026	2782004	S	1045	880	1925	0.00014
Streptomyces sp. 11-1-2	1851167	S	1016	1964	2980	0.00022
Streptomyces asoensis	249586	S	93681	22948	116629	0.00876
Streptomyces aurantiacus	47760	S	8624	1703	10327	0.00078
Streptomyces cadmiisoli	2184053	S	7555	1530	9085	0.00068
Streptomyces qaidamensis	1783515	S	4999	1820	6819	0.00051
Streptomyces alboniger	132473	S	2854	905	3759	0.00028
Streptomyces koyangensis	188770	S	1889	1704	3593	0.00027
Streptomyces venezuelae	54571	S	23239	7025	30264	0.00227
Streptomyces aquilus	2548456	S	22791	5583	28374	0.00213
Streptomyces griseorubiginosus	67304	S	21417	5885	27302	0.00205
Streptomyces hygroscopicus	1912	S	9362	12102	21464	0.00161
Streptomyces rapamycinicus	1226757	S	5895	1203	7098	0.00053
Streptomyces violaceusniger	68280	S	2415	1455	3870	0.00029
Streptomyces yatensis	155177	S	1853	1233	3086	0.00023
Streptomyces antibioticus	1890	S	20495	5924	26419	0.00198
Streptomyces chartreusis	1969	S	16109	5742	21851	0.00164
Streptomyces galilaeus	33899	S	16004	4373	20377	0.00153
Streptomyces lincolnensis	1915	S	14390	3442	17832	0.00134
Streptomyces phaeolivaceus	2653200	S	13279	3135	16414	0.00123
Streptomyces avermitilis	33903	S	10583	2475	13058	0.00098
Streptomyces cyaneochromogenes	2496836	S	10183	2495	12678	0.00095
Streptomyces collinus	42684	S	9841	5162	15003	0.00113
Streptomyces davaonensis	348043	S	9716	2235	11951	0.00090
Streptomyces griseus	1911	S	3640	2665	6305	0.00047
Streptomyces anulatus	1892	S	2839	2726	5565	0.00042
Streptomyces microflavus	1919	S	1536	6395	7931	0.00060
Streptomyces globisporus	1908	S	1069	7519	8588	0.00065
Streptomyces lydicus	47763	S	9620	5917	15537	0.00117
Streptomyces capitiformicae	2014920	S	9376	1247	10623	0.00080
Streptomyces griseoviridis	45398	S	9348	2416	11764	0.00088
Streptomyces griseochromogenes	68214	S	9274	2124	11398	0.00086
Streptomyces roseirectus	2768066	S	9124	1786	10910	0.00082
Streptomyces ferrugineus	1413221	S	9117	2433	11550	0.00087
Streptomyces seoulensis	73044	S	9005	2729	11734	0.00088
Streptomyces albus	1888	S	8950	3909	12859	0.00097
Streptomyces bingchenggensis	379067	S	8675	1275	9950	0.00075
Streptomyces formicae	1616117	S	8235	2178	10413	0.00078
Streptomyces dengpaensis	2049881	S	8224	1855	10079	0.00076
Streptomyces actuosus	1885	S	7864	2694	10558	0.00079
Streptomyces cattleya	29303	S	7550	1641	9191	0.00069
Streptomyces deccanensis	424188	S	6935	2556	9491	0.00071
Streptomyces tsukubensis	83656	S	6853	1326	8179	0.00061
Streptomyces niveus	193462	S	6844	2575	9419	0.00071
Streptomyces paludis	2282738	S	6554	1111	7665	0.00058
Streptomyces buecherae	2763006	S	6541	1260	7801	0.00059
Streptomyces nodosus	40318	S	6420	1294	7714	0.00058
Streptomyces spectabilis	68270	S	6343	1728	8071	0.00061
Streptomyces broussonetiae	2686304	S	6324	1573	7897	0.00059
Streptomyces nigra	1827580	S	6318	2003	8321	0.00063
Streptomyces xanthii	2768069	S	5968	1413	7381	0.00055
Streptomyces fodineus	1904616	S	5947	1764	7711	0.00058
Streptomyces incarnatus	665007	S	5927	1482	7409	0.00056
Streptomyces ambofaciens	1889	S	5895	2893	8788	0.00066
Streptomyces fungicidicus	68203	S	5818	16293	22111	0.00166
Streptomyces calvus	67282	S	5605	1792	7397	0.00056
Streptomyces roseochromogenus	285450	S	5593	1464	7057	0.00053
Streptomyces chromofuscus	42881	S	5412	1704	7116	0.00053
Streptomyces lunaelactis	1535768	S	5410	890	6300	0.00047
Streptomyces fagopyri	2662397	S	5308	1542	6850	0.00051
Streptomyces dangxiongensis	1442032	S	5305	1504	6809	0.00051
Streptomyces glaucescens	1907	S	5240	1830	7070	0.00053
Streptomyces prasinus	67345	S	5233	1359	6592	0.00050
Streptomyces durmitorensis	319947	S	5218	907	6125	0.00046
Streptomyces coeruleorubidus	116188	S	5089	2143	7232	0.00054
Streptomyces pactum	68249	S	5086	1712	6798	0.00051
Streptomyces parvulus	146923	S	5010	1826	6836	0.00051
Streptomyces viridosporus	67581	S	4943	1626	6569	0.00049
Streptomyces hawaiiensis	67305	S	4883	1854	6737	0.00051
Streptomyces armeniacus	83291	S	4858	518	5376	0.00040
Streptomyces rimosus	1927	S	4746	1697	6443	0.00048
Streptomyces aureoverticillatus	66871	S	4645	1021	5666	0.00043
Streptomyces alboflavus	67267	S	4618	1040	5658	0.00043
Streptomyces cyanogenus	80860	S	4609	1723	6332	0.00048
Streptomyces bathyalis	2710756	S	4576	571	5147	0.00039
Streptomyces pluripotens	1355015	S	4498	826	5324	0.00040
Streptomyces tendae	1932	S	4466	1512	5978	0.00045
Streptomyces liangshanensis	2717324	S	4449	871	5320	0.00040
Streptomyces vietnamensis	362257	S	4406	1200	5606	0.00042
Streptomyces genisteinicus	2768068	S	4349	1058	5407	0.00041
Streptomyces atratus	1893	S	4334	688	5022	0.00038
Streptomyces xinghaiensis	1038928	S	4265	979	5244	0.00039
Streptomyces pratensis	1169025	S	4187	825	5012	0.00038
Streptomyces albulus	68570	S	4187	1023	5210	0.00039
Streptomyces globosus	68209	S	4054	1154	5208	0.00039
Streptomyces tuirus	68278	S	3931	1688	5619	0.00042
Streptomyces clavuligerus	1901	S	3904	731	4635	0.00035
Streptomyces olivoreticuli	68246	S	3895	854	4749	0.00036
Streptomyces griseocarneus	51201	S	3855	1042	4897	0.00037
Streptomyces mirabilis	68239	S	3803	23057	26860	0.00202
Streptomyces luteoverticillatus	66425	S	3774	966	4740	0.00036
Streptomyces exfoliatus	1905	S	3742	1026	4768	0.00036
Streptomyces rectiverticillatus	173860	S	3741	928	4669	0.00035
Streptomyces ficellus	1977088	S	3733	1044	4777	0.00036
Streptomyces hundungensis	1077946	S	3728	925	4653	0.00035
Streptomyces peucetius	1950	S	3631	782	4413	0.00033
Streptomyces subrutilus	36818	S	3579	1060	4639	0.00035
Streptomyces finlayi	67296	S	3473	623	4096	0.00031
Streptomyces lavendulae	1914	S	3449	965	4414	0.00033
Streptomyces vinaceus	1960	S	3440	996	4436	0.00033
Streptomyces gilvosporeus	553510	S	3402	864	4266	0.00032
Streptomyces kanamyceticus	1967	S	3393	994	4387	0.00033
Streptomyces katrae	68223	S	3383	1013	4396	0.00033
Streptomyces inhibens	2293571	S	3368	842	4210	0.00032
Streptomyces pristinaespiralis	38300	S	3186	1076	4262	0.00032
Streptomyces nitrosporeus	28894	S	3169	704	3873	0.00029
Streptomyces tirandamycinicus	2174846	S	3130	838	3968	0.00030
Streptomyces harbinensis	1176198	S	3116	645	3761	0.00028
Streptomyces spongiicola	1690221	S	3091	1035	4126	0.00031
Streptomyces gardneri	66892	S	3042	1063	4105	0.00031
Streptomyces coelicolor	1902	S	2366	26634	29000	0.00218
Streptomyces huasconensis	1854574	S	2927	964	3891	0.00029
Streptomyces qinzhouensis	2599401	S	2911	563	3474	0.00026
Streptomyces nojiriensis	66374	S	2786	1026	3812	0.00029
Streptomyces mobaraensis	35621	S	2694	103531	106225	0.00798
Streptomyces angustmyceticus	285578	S	2670	896	3566	0.00027
Streptomyces leeuwenhoekii	1437453	S	2542	1573	4115	0.00031
Streptomyces rutgersensis	53451	S	2513	1004	3517	0.00026
Streptomyces cyaneogriseus	68192	S	2413	1654	4067	0.00031
Streptomyces gobiensis	2875706	S	2305	330	2635	0.00020
Streptomyces antimycoticus	68175	S	1674	1655	3329	0.00025
Streptomyces lividans	1916	S	1657	9738	11395	0.00086
Streptomyces decoyicus	249567	S	1447	724	2171	0.00016
Streptomyces auratus	114687	S	1376	828	2204	0.00017
Streptomyces lydicamycinicus	1546107	S	1322	718	2040	0.00015
Streptomyces olivaceus	47716	S	1253	4496	5749	0.00043
Streptomyces platensis	58346	S	1243	859	2102	0.00016
Streptomyces xiamenensis	408015	S	1023	816	1839	0.00014
Kitasatospora sp. MMS16-BH015	2018025	S	4475	1106	5581	0.00042
Kitasatospora sp. NA04385	2742135	S	3940	1663	5603	0.00042
Kitasatospora setae	2066	S	4072	1657	5729	0.00043
Kitasatospora aureofaciens	1894	S	3188	976	4164	0.00031
Kitasatospora albolonga	68173	S	1374	761	2135	0.00016
Streptacidiphilus sp. P02-A3a	2704468	S	4595	1055	5650	0.00042
Streptacidiphilus sp. PB12-B1b	2705012	S	4013	1183	5196	0.00039
Streptacidiphilus bronchialis	2126346	S	3723	884	4607	0.00035
Yinghuangia sp. ASG 101	2896848	S	7712	937	8649	0.00065
Microbacterium sp. 4R-513	2567934	S	6784	1255	8039	0.00060
Microbacterium sp. No. 7	1714373	S	4151	1640	5791	0.00044
Microbacterium sp. SSW1-36	2851648	S	3770	1142	4912	0.00037
Microbacterium sp. 10M-3C3	2483401	S	3629	2110	5739	0.00043
Microbacterium sp. ABRD_28	2268461	S	3074	411	3485	0.00026
Microbacterium sp. JZ31	1906274	S	3011	786	3797	0.00029
Microbacterium sp. SSW1-51	2851650	S	2783	1084	3867	0.00029
Microbacterium sp. BH-3-3-3	1906742	S	2768	654	3422	0.00026
Microbacterium sp. YJN-G	2763257	S	2633	1033	3666	0.00028
Microbacterium sp. LKL04	912630	S	2373	558	2931	0.00022
Microbacterium sp. cx-55	2875948	S	2281	324	2605	0.00020
Microbacterium sp. XT11	367477	S	2272	548	2820	0.00021
Microbacterium sp. Y-01	2048898	S	2210	1418	3628	0.00027
Microbacterium sp. PM5	2014534	S	2156	402	2558	0.00019
Microbacterium sp. NIBRBAC000506063	2734618	S	2091	760	2851	0.00021
Microbacterium sp. H1-D42	2925844	S	2065	389	2454	0.00018
Microbacterium sp. A18JL241	2782166	S	2056	578	2634	0.00020
Microbacterium sp. CBA3102	2603598	S	1878	835	2713	0.00020
Microbacterium sp. TPU 3598	1938334	S	1742	881	2623	0.00020
Microbacterium sp. 1S1	2606451	S	1611	1566	3177	0.00024
Microbacterium sp. Nx66	2766784	S	1337	1921	3258	0.00024
Microbacterium atlanticum	2782168	S	8375	1532	9907	0.00074
Microbacterium cremeum	2782169	S	8250	1450	9700	0.00073
Microbacterium foliorum	104336	S	6397	1223	7620	0.00057
Microbacterium hominis	162426	S	5802	18632	24434	0.00184
Microbacterium oleivorans	273677	S	4376	717	5093	0.00038
Microbacterium pygmaeum	370764	S	4359	445	4804	0.00036
Microbacterium lemovicicum	1072463	S	3994	748	4742	0.00036
Microbacterium testaceum	2033	S	2826	434	3260	0.00024
Microbacterium aurum	36805	S	2715	714	3429	0.00026
Microbacterium chocolatum	84292	S	2660	484	3144	0.00024
Microbacterium resistens	156977	S	2546	384	2930	0.00022
Microbacterium wangchenii	2541726	S	2483	502	2985	0.00022
Microbacterium luteum	2782167	S	2479	837	3316	0.00025
Microbacterium sediminis	904291	S	2395	892	3287	0.00025
Microbacterium oryzae	743009	S	2353	564	2917	0.00022
Microbacterium caowuchunii	2614638	S	2343	362	2705	0.00020
Microbacterium lushaniae	2614639	S	2243	463	2706	0.00020
Microbacterium oxydans	82380	S	2187	1822	4009	0.00030
Microbacterium hydrocarbonoxydans	273678	S	2163	355	2518	0.00019
Microbacterium protaetiae	2509458	S	2163	386	2549	0.00019
Microbacterium esteraromaticum	57043	S	2089	402	2491	0.00019
Microbacterium schleiferi	69362	S	1706	459	2165	0.00016
Agromyces sp. H17E-10	2932244	S	6951	2030	8981	0.00067
Agromyces sp. LHK192	2498704	S	3732	952	4684	0.00035
Agromyces sp. CFWR-12	2929802	S	2863	1562	4425	0.00033
Agromyces flavus	589382	S	8817	2424	11241	0.00084
Agromyces aureus	453304	S	4174	1037	5211	0.00039
Agromyces soli	659012	S	3667	1166	4833	0.00036
Agromyces marinus	1389020	S	3148	992	4140	0.00031
Agromyces protaetiae	2509455	S	3044	763	3807	0.00029
Agromyces badenianii	2080742	S	2775	803	3578	0.00027
Agromyces intestinalis	2592652	S	2648	1374	4022	0.00030
Agromyces laixinhei	2585717	S	2533	512	3045	0.00023
Agromyces archimandritae	2781962	S	2473	609	3082	0.00023
Curtobacterium sp. BH-2-1-1	1905847	S	2466	1176	3642	0.00027
Curtobacterium sp. L6-1	2841594	S	1809	681	2490	0.00019
Curtobacterium sp. TC1	2862880	S	1478	1773	3251	0.00024
Curtobacterium sp. YC1	2795488	S	1458	897	2355	0.00018
Curtobacterium sp. 24E2	2804758	S	1429	1822	3251	0.00024
Curtobacterium sp. MR_MD2014	1561023	S	1393	1293	2686	0.00020
Curtobacterium flaccumfaciens	2035	S	3067	1318	4385	0.00033
Curtobacterium luteum	33881	S	1922	620	2542	0.00019
Leifsonia sp. 21MFCrub1.1	1798223	S	4159	4665	8824	0.00066
Leifsonia sp. ZF2019	2781978	S	3726	936	4662	0.00035
Leifsonia sp. PS1209	2724914	S	3429	861	4290	0.00032
Leifsonia shinshuensis	150026	S	4495	1185	5680	0.00043
Leifsonia xyli	1575	S	2109	261	2370	0.00018
Rathayibacter sp. VKM Ac-2759	2609252	S	2650	1162	3812	0.00029
Rathayibacter sp. VKM Ac-2760	2609253	S	2333	2037	4370	0.00033
Rathayibacter sp. VKM Ac-2804	2609257	S	1593	1999	3592	0.00027
Rathayibacter festucae	110937	S	2413	2780	5193	0.00039
Rathayibacter tanaceti	1671680	S	1500	364	1864	0.00014
Protaetiibacter intestinalis	2419774	S	6832	2385	9217	0.00069
Protaetiibacter sp. SSC-01	2759943	S	6612	2351	8963	0.00067
Protaetiibacter larvae	2592654	S	4322	1314	5636	0.00042
Clavibacter michiganensis	28447	S	10501	8761	19262	0.00145
Clavibacter zhangzhiyongii	2768071	S	1425	670	2095	0.00016
Leucobacter sp. H25R-14	2932245	S	1668	1355	3023	0.00023
Leucobacter sp. NB 10	2873270	S	1560	777	2337	0.00018
Leucobacter sp. Psy1	2875729	S	1210	332	1542	0.00012
Leucobacter sp. CX169	2813744	S	1041	391	1432	0.00011
Leucobacter muris	1935379	S	1741	609	2350	0.00018
Leucobacter triazinivorans	1784719	S	1611	815	2426	0.00018
Agrococcus sp. SCSIO52902	2933290	S	2489	1093	3582	0.00027
Agrococcus sp. SGAir0287	2070347	S	2482	685	3167	0.00024
Agrococcus sp. Marseille-Q4369	2810513	S	2332	751	3083	0.00023
Agrococcus jejuensis	399736	S	3000	856	3856	0.00029
Agrococcus carbonis	684552	S	2489	1010	3499	0.00026
Salinibacterium sp. ZJ70	2708084	S	2676	642	3318	0.00025
Salinibacterium sp. ZJ450	2708338	S	1932	279	2211	0.00017
Salinibacterium sp. dk2585	2603292	S	1328	226	1554	0.00012
Cryobacterium sp. LW097	1978566	S	1503	327	1830	0.00014
Cryobacterium soli	2220095	S	1261	786	2047	0.00015
Cryobacterium arcticum	670052	S	1003	933	1936	0.00015
Microterricola viridarii	412690	S	4442	976	5418	0.00041
Frondihabitans sp. PAMC 28766	1795630	S	2341	280	2621	0.00020
Frondihabitans sp. 762G35	1446794	S	2023	387	2410	0.00018
Microcella flavibacter	1804990	S	2504	1042	3546	0.00027
Microcella alkaliphila	279828	S	1560	241	1801	0.00014
Herbiconiux sp. SALV-R1	2735133	S	3127	559	3686	0.00028
Cnuibacter physcomitrellae	1619308	S	3044	589	3633	0.00027
Frigoribacterium sp. NBH87	2596916	S	2774	727	3501	0.00026
Mycetocola zhujimingii	2079792	S	1014	120	1134	0.00009
Gryllotalpicola protaetiae	2419771	S	2681	454	3135	0.00024
Subtercola sp. AK-R2A1-2	2895559	S	1534	137	1671	0.00013
Humibacter sp. WJ7-1	2599293	S	2353	452	2805	0.00021
Amnibacterium sp. L3-i23	2905871	S	2126	449	2575	0.00019
Marisediminicola antarctica	674079	S	1780	196	1976	0.00015
Diaminobutyricimonas sp. LJ205	2683590	S	1631	269	1900	0.00014
Gulosibacter sediminis	1729695	S	1521	363	1884	0.00014
Glaciihabitans sp. INWT7	2596912	S	1470	103	1573	0.00012
Agreia sp. COWG	2773266	S	1356	147	1503	0.00011
Arthrobacter sp. NicSoilC5	2831000	S	51161	17747	68908	0.00518
Arthrobacter sp. FW305-BF8	2879617	S	30753	6367	37120	0.00279
Arthrobacter sp. QXT-31	1357915	S	29443	6304	35747	0.00269
Arthrobacter sp. NtRootA1	2830983	S	8408	1808	10216	0.00077
Arthrobacter sp. PM3	2017685	S	7637	833	8470	0.00064
Arthrobacter sp. NicSoilB8	2830998	S	7522	1473	8995	0.00068
Arthrobacter sp. KBS0702	2578107	S	6046	1827	7873	0.00059
Arthrobacter sp. UKPF54-2	2600159	S	5793	1849	7642	0.00057
Arthrobacter sp. PGP41	2079227	S	4998	1102	6100	0.00046
Arthrobacter sp. 24S4-2	2575374	S	4770	799	5569	0.00042
Arthrobacter sp. PAMC25564	2565366	S	4684	968	5652	0.00042
Arthrobacter sp. NicSoilB4	2830997	S	4596	1092	5688	0.00043
Arthrobacter sp. U41	1849032	S	4525	949	5474	0.00041
Arthrobacter sp. FW306-06-A	2879621	S	4438	10826	15264	0.00115
Arthrobacter sp. FB24	290399	S	4384	933	5317	0.00040
Arthrobacter sp. PAMC25284	2861279	S	2983	599	3582	0.00027
Arthrobacter sp. FW306-2-2C-D06B	2879618	S	2844	429	3273	0.00025
Arthrobacter sp. NicSoilB11	2830999	S	2807	7689	10496	0.00079
Arthrobacter sp. StoSoilB19	2830994	S	2697	8460	11157	0.00084
Arthrobacter sp. FW306-07-I	2879622	S	2695	10470	13165	0.00099
Arthrobacter sp. FW306-05-C	2879620	S	2527	9253	11780	0.00089
Arthrobacter sp. QL17	2895818	S	2181	408	2589	0.00019
Arthrobacter sp. ERGS1:01	1704044	S	1866	293	2159	0.00016
Arthrobacter sp. StoSoilB5	2830992	S	1728	357	2085	0.00016
Arthrobacter sp. StoSoilB20	2830995	S	1662	318	1980	0.00015
Arthrobacter sp. Helios	2828862	S	1493	199	1692	0.00013
Arthrobacter sp. zg-Y462	2886936	S	1241	208	1449	0.00011
Arthrobacter sp. D5-1	1477518	S	1151	542	1693	0.00013
Arthrobacter sp. YN	2020486	S	1107	315	1422	0.00011
Arthrobacter sp. PAMC 25486	1494608	S	1068	146	1214	0.00009
Arthrobacter sp. zg-Y809	2886940	S	1045	324	1369	0.00010
Arthrobacter crystallopoietes	37928	S	3496	502	3998	0.00030
Arthrobacter agilis	37921	S	3086	356	3442	0.00026
Arthrobacter sulfonylureivorans	2486855	S	2169	272	2441	0.00018
Arthrobacter woluwensis	156980	S	1626	289	1915	0.00014
Arthrobacter dokdonellae	2211210	S	1495	207	1702	0.00013
Arthrobacter alpinus	656366	S	1164	1662	2826	0.00021
Arthrobacter jiangjiafuii	2817475	S	1114	253	1367	0.00010
Pseudarthrobacter sp. NIBRBAC000502770	2590785	S	3506	8407	11913	0.00090
Pseudarthrobacter sp. L1SW	2851598	S	3478	938	4416	0.00033
Pseudarthrobacter sp. NIBRBAC000502771	2590774	S	3359	9074	12433	0.00093
Pseudarthrobacter sp. BIM B-2242	2772401	S	3027	552	3579	0.00027
Pseudarthrobacter sp. NBSH8	2596911	S	1613	521	2134	0.00016
Pseudarthrobacter sp. NIBRBAC000502772	2590775	S	1383	969	2352	0.00018
Pseudarthrobacter sp. SSS035	2931399	S	1119	1011	2130	0.00016
Pseudarthrobacter equi	728066	S	6449	2056	8505	0.00064
Pseudarthrobacter chlorophenolicus	85085	S	6004	1772	7776	0.00058
Pseudarthrobacter phenanthrenivorans	361575	S	3356	1085	4441	0.00033
Pseudarthrobacter psychrotolerans	2697569	S	1674	584	2258	0.00017
Kocuria rosea	1275	S	2549	698	3247	0.00024
Kocuria flava	446860	S	2169	862	3031	0.00023
Kocuria turfanensis	388357	S	2104	649	2753	0.00021
Kocuria palustris	71999	S	1305	387	1692	0.00013
Kocuria rhizophila	72000	S	1097	2013	3110	0.00023
Sinomonas atrocyanea	37927	S	5789	1369	7158	0.00054
Sinomonas sp. R1AF57	2020377	S	3602	596	4198	0.00032
Paenarthrobacter ureafaciens	37931	S	1840	3384	5224	0.00039
Paenarthrobacter aurescens	43663	S	1213	603	1816	0.00014
Micrococcus luteus	1270	S	3053	4438	7491	0.00056
Micrococcus sp. KD337-16	2856555	S	1242	568	1810	0.00014
Rothia kristinae	37923	S	1466	679	2145	0.00016
Citricoccus sp. SGAir0253	2567881	S	2119	420	2539	0.00019
Intrasporangium calvum	53358	S	15248	3259	18507	0.00139
Janibacter melonis	262209	S	5338	1565	6903	0.00052
Janibacter limosus	53458	S	3501	844	4345	0.00033
Janibacter indicus	857417	S	1706	3982	5688	0.00043
Pedococcus dokdonensis	443156	S	14125	3768	17893	0.00134
Phycicoccus sp. HDW14	2714941	S	7900	2340	10240	0.00077
Phycicoccus endophyticus	1690220	S	5283	1407	6690	0.00050
Tetrasphaera sp. HKS02	1813880	S	9714	2299	12013	0.00090
Arsenicicoccus sp. oral taxon 190	1658671	S	4534	1450	5984	0.00045
Cellulomonas sp. H30R-01	2704467	S	5994	2018	8012	0.00060
Cellulomonas sp. Y8	2591145	S	4473	1640	6113	0.00046
Cellulomonas sp. zg-ZUI188	2819978	S	4097	964	5061	0.00038
Cellulomonas sp. C5510	2871170	S	3449	1187	4636	0.00035
Cellulomonas sp. JZ18	2654191	S	3413	1251	4664	0.00035
Cellulomonas sp. zg-ZUI222	2816956	S	2976	966	3942	0.00030
Cellulomonas sp. zg-ZUI157	2819979	S	2817	844	3661	0.00028
Cellulomonas sp. EW123	2608402	S	2565	1384	3949	0.00030
Cellulomonas sp. PSBB021	2003551	S	2521	1813	4334	0.00033
Cellulomonas fimi	1708	S	4453	3097	7550	0.00057
Cellulomonas iranensis	76862	S	3188	1270	4458	0.00033
Cellulomonas shaoxiangyii	2566013	S	3133	1104	4237	0.00032
Cellulomonas flavigena	1711	S	2806	910	3716	0.00028
Cellulomonas gilvus	11	S	2699	1004	3703	0.00028
Cellulomonas taurus	2729175	S	2079	552	2631	0.00020
Actinotalea sp. JY-7876	2758442	S	3315	995	4310	0.00032
Oerskovia sp. KBS0722	1179673	S	2653	711	3364	0.00025
Pseudactinotalea sp. HY158	2654547	S	2232	268	2500	0.00019
Paraoerskovia marina	545619	S	1714	370	2084	0.00016
Cellulosimicrobium cellulans	1710	S	7609	8314	15923	0.00120
Cellulosimicrobium sp. BI34T	2587808	S	2659	1379	4038	0.00030
Xylanimonas protaetiae	2509457	S	2842	1081	3923	0.00029
Xylanimonas cellulosilytica	186189	S	2457	745	3202	0.00024
Xylanimonas allomyrinae	2509459	S	2428	651	3079	0.00023
Isoptericola variabilis	139208	S	3144	1397	4541	0.00034
Isoptericola dokdonensis	372663	S	2835	926	3761	0.00028
Ornithinimicrobium avium	2283195	S	3720	835	4555	0.00034
Ornithinimicrobium sp. HY006	2508882	S	2495	777	3272	0.00025
Ornithinimicrobium flavum	1288636	S	2869	824	3693	0.00028
Ornithinimicrobium ciconiae	2594265	S	2232	290	2522	0.00019
Ornithinimicrobium pratense	2593973	S	1718	455	2173	0.00016
Serinicoccus chungangensis	767452	S	2669	765	3434	0.00026
Serinicoccus hydrothermalis	1758689	S	2550	1007	3557	0.00027
Serinicoccus profundi	1078471	S	2388	717	3105	0.00023
Serinicoccus marinus	247333	S	2189	906	3095	0.00023
Brachybacterium sp. CBA3105	2887346	S	2325	437	2762	0.00021
Brachybacterium sp. SGAir0954	2571029	S	2080	477	2557	0.00019
Brachybacterium sp. P6-10-X1	1903186	S	1864	267	2131	0.00016
Brachybacterium ginsengisoli	1331682	S	1869	449	2318	0.00017
Brachybacterium saurashtrense	556288	S	1788	417	2205	0.00017
Brachybacterium faecium	43669	S	1660	415	2075	0.00016
Brachybacterium vulturis	2017484	S	1324	404	1728	0.00013
Brachybacterium avium	2017485	S	1130	344	1474	0.00011
Brevibacterium sp. CS2	2575923	S	1951	678	2629	0.00020
Brevibacterium casei	33889	S	2183	2826	5009	0.00038
Brevibacterium luteolum	199591	S	1101	378	1479	0.00011
Brevibacterium linens	1703	S	1081	1466	2547	0.00019
Dermacoccus nishinomiyaensis	1274	S	2656	999	3655	0.00027
Dermacoccus sp. PAMC28757	2762331	S	1896	619	2515	0.00019
Luteipulveratus mongoliensis	571913	S	3850	451	4301	0.00032
Allobranchiibius sp. GilTou73	2904523	S	3111	571	3682	0.00028
Yimella sp. cx-51	2770551	S	1807	301	2108	0.00016
Georgenia yuyongxinii	2589797	S	3300	660	3960	0.00030
Georgenia sp. TF02-10	2917725	S	3251	968	4219	0.00032
Georgenia wutianyii	2585135	S	2908	821	3729	0.00028
Georgenia faecalis	2483799	S	2646	594	3240	0.00024
Haloactinobacterium kanbiaonis	2675754	S	3431	412	3843	0.00029
Ruania sp. LR1S40	2897774	S	1798	322	2120	0.00016
Ruania sp. M4N3S171	2897773	S	1103	148	1251	0.00009
Ruania zhangjianzhongii	2603206	S	1934	160	2094	0.00016
Ruania alkalisoli	2779775	S	1406	226	1632	0.00012
Pengzhenrongella sicca	2819238	S	3876	896	4772	0.00036
Luteimicrobium xylanilyticum	1133546	S	3218	821	4039	0.00030
Beutenbergia cavernae	84757	S	3912	535	4447	0.00033
Miniimonas sp. S16	2171623	S	2785	1206	3991	0.00030
Sanguibacter keddieii	60920	S	2586	639	3225	0.00024
Sanguibacter sp. HDW7	2714931	S	2223	577	2800	0.00021
Gephyromycinifex aptenodytis	2716227	S	1203	125	1328	0.00010
Kytococcus sedentarius	1276	S	2210	646	2856	0.00021
Demequina sp. TMPB413	2881056	S	1171	73	1244	0.00009
Nocardioides sp. G188	2849501	S	147393	37750	185143	0.01391
Nocardioides sp. S5	2017486	S	21533	9701	31234	0.00235
Nocardioides sp. zg-1228	2763008	S	18134	6999	25133	0.00189
Nocardioides sp. LMS-CY	2840457	S	14953	4249	19202	0.00144
Nocardioides sp. JS614	196162	S	14567	3792	18359	0.00138
Nocardioides sp. HDW12B	2714939	S	12590	3425	16015	0.00120
Nocardioides sp. W7	2931390	S	10257	3059	13316	0.00100
Nocardioides sp. zg-579	2663857	S	9979	4440	14419	0.00108
Nocardioides sp. cx-173	2898796	S	9607	2879	12486	0.00094
Nocardioides sp. TF02-7	2917724	S	9346	2572	11918	0.00090
Nocardioides sp. InS609-2	2760705	S	9307	1848	11155	0.00084
Nocardioides sp. S-1144	2582905	S	9206	3064	12270	0.00092
Nocardioides sp. CF8	110319	S	8513	3149	11662	0.00088
Nocardioides sp. 603	2483798	S	8034	3256	11290	0.00085
Nocardioides sp. SCSIO 67246	2872154	S	8017	1814	9831	0.00074
Nocardioides sp. JQ2195	2592334	S	7082	1260	8342	0.00063
Nocardioides sp. MC1495	2736757	S	7004	2145	9149	0.00069
Nocardioides sp. zg-536	2803858	S	5750	2156	7906	0.00059
Nocardioides sp. dk884	2662361	S	5532	5805	11337	0.00085
Nocardioides sp. ZJ1313	2685869	S	5091	5395	10486	0.00079
Nocardioides sp. WS12	2486272	S	4713	714	5427	0.00041
Nocardioides sp. Kera G14	2884264	S	4344	763	5107	0.00038
Nocardioides ungokensis	1643322	S	38944	11626	50570	0.00380
Nocardioides mesophilus	433659	S	34430	8606	43036	0.00323
Nocardioides okcheonensis	2894081	S	18130	7201	25331	0.00190
Nocardioides cynanchi	2558918	S	13639	2719	16358	0.00123
Nocardioides anomalus	2712223	S	12966	3323	16289	0.00122
Nocardioides euryhalodurans	2518370	S	9468	2455	11923	0.00090
Nocardioides dongkuii	2760089	S	9078	3903	12981	0.00098
Nocardioides humi	449461	S	8402	2398	10800	0.00081
Nocardioides rotundus	1774216	S	7799	2495	10294	0.00077
Nocardioides aquaticus	160826	S	7557	1971	9528	0.00072
Nocardioides aromaticivorans	200618	S	7531	2450	9981	0.00075
Nocardioides marinisabuli	419476	S	7349	3562	10911	0.00082
Nocardioides seonyuensis	2518371	S	6659	1541	8200	0.00062
Nocardioides dokdonensis	450734	S	6575	2717	9292	0.00070
Nocardioides sambongensis	2589074	S	5608	1350	6958	0.00052
Nocardioides piscis	2714938	S	5580	1896	7476	0.00056
Nocardioides houyundeii	2045452	S	5228	1358	6586	0.00049
Nocardioides panacisoli	627624	S	4534	934	5468	0.00041
Nocardioides daphniae	402297	S	3944	1543	5487	0.00041
Nocardioides jishulii	2575440	S	3102	977	4079	0.00031
Nocardioides yefusunii	2500546	S	2194	534	2728	0.00021
Nocardioides baekrokdamisoli	1804624	S	2027	213	2240	0.00017
Aeromicrobium sp. A1-2	2107713	S	3391	403	3794	0.00029
Aeromicrobium sp. Leaf245	1736306	S	3211	828	4039	0.00030
Aeromicrobium sp. zg-629	2663859	S	2523	696	3219	0.00024
Aeromicrobium chenweiae	2079793	S	4074	1174	5248	0.00039
Aeromicrobium yanjiei	2662028	S	3732	1005	4737	0.00036
Aeromicrobium erythreum	2041	S	3572	875	4447	0.00033
Aeromicrobium choanae	1736691	S	3003	743	3746	0.00028
Aeromicrobium marinum	219314	S	2561	448	3009	0.00023
Marmoricola scoriae	642780	S	8927	2689	11616	0.00087
Pimelobacter simplex	2045	S	6252	1881	8133	0.00061
Friedmanniella luteola	546871	S	5993	923	6916	0.00052
Mumia sp. ZJ1417	2708082	S	3958	550	4508	0.00034
Micropruina glycogenica	75385	S	1954	219	2173	0.00016
Microlunatus sagamiharensis	546874	S	5382	973	6355	0.00048
Microlunatus phosphovorus	29405	S	4536	427	4963	0.00037
Microlunatus soli	630515	S	3318	276	3594	0.00027
Microlunatus elymi	2596828	S	3030	291	3321	0.00025
Microlunatus sp. Gsoil 973	2672569	S	2510	171	2681	0.00020
Tessaracoccus sp. J1M15	2829499	S	1794	457	2251	0.00017
Tessaracoccus sp. MC1865	2760310	S	1227	282	1509	0.00011
Tessaracoccus defluvii	1285901	S	1819	1028	2847	0.00021
Tessaracoccus aquimaris	1332264	S	1800	720	2520	0.00019
Tessaracoccus flavescens	399497	S	1555	1050	2605	0.00020
Tessaracoccus flavus	1610493	S	1239	769	2008	0.00015
Brevilactibacter coleopterorum	2714937	S	2628	926	3554	0.00027
Brevilactibacter sp. MC1595	2819349	S	2374	732	3106	0.00023
Acidipropionibacterium acidipropionici	1748	S	1506	747	2253	0.00017
Acidipropionibacterium jensenii	1749	S	1453	752	2205	0.00017
Propionibacterium acidifaciens	556499	S	1453	254	1707	0.00013
Propionibacterium freudenreichii	1744	S	1224	979	2203	0.00017
Propionibacterium australiense	119981	S	1170	151	1321	0.00010
Auraticoccus monumenti	675864	S	3627	513	4140	0.00031
Raineyella fluvialis	2662261	S	1999	214	2213	0.00017
Arachnia propionica	1750	S	1085	143	1228	0.00009
Kribbella flavida	182640	S	17567	3247	20814	0.00156
Kribbella qitaiheensis	1544730	S	14284	1827	16111	0.00121
Actinopolymorpha singaporensis	117157	S	6100	527	6627	0.00050
Mycolicibacterium phocaicum	319706	S	7252	4004	11256	0.00085
Mycolicibacterium sp. YH-1	2908837	S	2480	3326	5806	0.00044
Mycolicibacterium helvum	1534349	S	4914	550	5464	0.00041
Mycolicibacterium litorale	758802	S	4887	1302	6189	0.00047
Mycolicibacterium mucogenicum	56689	S	4571	1920	6491	0.00049
Mycolicibacterium psychrotolerans	216929	S	4068	859	4927	0.00037
Mycolicibacterium fluoranthenivorans	258505	S	3957	458	4415	0.00033
Mycolicibacterium smegmatis	1772	S	3861	3903	7764	0.00058
Mycolicibacterium arabiense	1286181	S	3808	504	4312	0.00032
Mycolicibacterium fortuitum	1766	S	3689	1437	5126	0.00039
Mycolicibacterium rhodesiae	36814	S	3368	542	3910	0.00029
Mycolicibacterium aichiense	1799	S	3308	543	3851	0.00029
Mycolicibacterium chubuense	1800	S	3302	723	4025	0.00030
Mycolicibacterium sediminis	1286180	S	3160	506	3666	0.00028
Mycolicibacterium madagascariense	212765	S	3098	401	3499	0.00026
Mycolicibacterium rutilum	370526	S	3073	885	3958	0.00030
Mycolicibacterium neoaurum	1795	S	3010	555	3565	0.00027
Mycolicibacterium mageritense	53462	S	2972	494	3466	0.00026
Mycolicibacterium phlei	1771	S	2960	915	3875	0.00029
Mycolicibacterium vaccae	1810	S	2867	517	3384	0.00025
Mycolicibacterium gadium	1794	S	2797	373	3170	0.00024
Mycolicibacterium parafortuitum	39692	S	2768	492	3260	0.00024
Mycolicibacterium sarraceniae	1534348	S	2689	327	3016	0.00023
Mycolicibacterium aurum	1791	S	2652	305	2957	0.00022
Mycolicibacterium boenickei	146017	S	2608	4068	6676	0.00050
Mycolicibacterium hassiacum	46351	S	2554	638	3192	0.00024
Mycolicibacterium moriokaense	39691	S	2552	283	2835	0.00021
Mycolicibacterium poriferae	39694	S	2494	507	3001	0.00023
Mycolicibacterium chitae	1792	S	2483	532	3015	0.00023
Mycolicibacterium monacense	85693	S	2448	1045	3493	0.00026
Mycolicibacterium duvalii	39688	S	2420	434	2854	0.00021
Mycolicibacterium gilvum	1804	S	2417	942	3359	0.00025
Mycolicibacterium tokaiense	39695	S	2311	332	2643	0.00020
Mycolicibacterium pulveris	36813	S	2272	351	2623	0.00020
Mycolicibacterium septicum	98668	S	2113	1627	3740	0.00028
Mycolicibacterium thermoresistibile	1797	S	2102	423	2525	0.00019
Mycolicibacterium anyangense	1431246	S	2062	305	2367	0.00018
Mycolicibacterium baixiangningiae	2761578	S	2056	304	2360	0.00018
Mycolicibacterium celeriflavum	1249101	S	2047	392	2439	0.00018
Mycolicibacterium confluentis	28047	S	2033	269	2302	0.00017
Mycolicibacterium fallax	1793	S	2032	749	2781	0.00021
Mycolicibacterium alvei	67081	S	1921	559	2480	0.00019
Mycolicibacterium insubricum	444597	S	1800	479	2279	0.00017
Mycolicibacterium mengxianglii	2736649	S	1790	167	1957	0.00015
Mycolicibacterium austroafricanum	39687	S	1732	8011	9743	0.00073
Mycobacterium doricum	126673	S	1416	311	1727	0.00013
Mycobacterium sp. JS623	212767	S	7233	840	8073	0.00061
Mycobacterium sp. EPa45	1545728	S	4555	1480	6035	0.00045
Mycobacterium sp. YC-RL4	1682113	S	2212	936	3148	0.00024
Mycobacterium sp. DL440	2675523	S	2124	635	2759	0.00021
Mycobacterium sp. DL592	2675524	S	2113	517	2630	0.00020
Mycobacterium sp. IDR2000157661	2867005	S	2074	574	2648	0.00020
Mycobacterium sp. MS1601	1936029	S	1968	323	2291	0.00017
Mycobacterium sp. TY59	2775496	S	1315	534	1849	0.00014
Mycobacterium saskatchewanense	220927	S	2056	383	2439	0.00018
Mycobacterium parmense	185642	S	1929	410	2339	0.00018
Mycobacterium kubicae	120959	S	1790	372	2162	0.00016
Mycobacterium shigaense	722731	S	1473	196	1669	0.00013
Mycobacterium florentinum	292462	S	1408	298	1706	0.00013
Mycobacterium simiae	1784	S	1398	109	1507	0.00011
Mycobacterium stomatepiae	470076	S	1391	264	1655	0.00012
Mycobacterium lentiflavum	141349	S	1351	319	1670	0.00013
Mycobacterium heidelbergense	53376	S	1338	349	1687	0.00013
Mycobacterium avium	1764	S	3005	2756	5761	0.00043
Mycobacterium mantenii	560555	S	1650	212	1862	0.00014
Mycobacterium intracellulare	1767	S	1622	15892	17514	0.00132
Mycobacterium marseillense	701042	S	1555	423	1978	0.00015
Mycobacterium colombiense	339268	S	1531	282	1813	0.00014
Mycobacterium rufum	318424	S	6231	1809	8040	0.00060
Mycobacterium frederiksbergense	117567	S	4026	1315	5341	0.00040
Mycobacterium grossiae	1552759	S	3194	887	4081	0.00031
Mycobacterium crocinum	388459	S	2990	2408	5398	0.00041
Mycobacterium dioxanotrophicus	482462	S	2771	685	3456	0.00026
Mycobacterium conspicuum	44010	S	2208	280	2488	0.00019
Mycobacterium diernhoferi	1801	S	2148	394	2542	0.00019
Mycobacterium holsaticum	152142	S	2089	308	2397	0.00018
Mycobacterium goodii	134601	S	2043	806	2849	0.00021
Mycobacterium paragordonae	1389713	S	1928	257	2185	0.00016
Mycobacterium branderi	43348	S	1877	223	2100	0.00016
Mycobacterium gordonae	1778	S	1679	144	1823	0.00014
Mycobacterium cookii	1775	S	1614	142	1756	0.00013
Mycobacterium paraterrae	577492	S	1531	163	1694	0.00013
Mycobacterium kansasii	1768	S	1358	166	1524	0.00011
Mycobacterium koreense	1069220	S	1357	391	1748	0.00013
Mycobacterium riyadhense	486698	S	1333	53	1386	0.00010
Mycobacterium noviomagense	459858	S	1302	92	1394	0.00010
Mycobacterium paraseoulense	590652	S	1264	327	1591	0.00012
Mycobacterium vicinigordonae	1719132	S	1263	63	1326	0.00010
Mycobacterium heckeshornense	110505	S	1258	104	1362	0.00010
Mycobacterium lacus	169765	S	1226	86	1312	0.00010
Mycobacterium virginiense	1795032	S	1178	333	1511	0.00011
Mycobacterium seoulense	386911	S	1161	344	1505	0.00011
Mycobacterium shinjukuense	398694	S	1155	116	1271	0.00010
Mycobacterium malmoense	1780	S	1102	192	1294	0.00010
Mycobacterium xenopi	1789	S	1047	142	1189	0.00009
Mycolicibacter terrae	1788	S	1218	488	1706	0.00013
Mycolicibacter hiberniae	29314	S	1194	299	1493	0.00011
Mycobacteroides abscessus	36809	S	2108	1987	4095	0.00031
Mycobacteroides chelonae	1774	S	1344	1709	3053	0.00023
Mycolicibacillus parakoreensis	1069221	S	1581	464	2045	0.00015
Nocardia asteroides	1824	S	12379	3686	16065	0.00121
Nocardia brasiliensis	37326	S	7874	1898	9772	0.00073
Nocardia terpenica	455432	S	4797	730	5527	0.00042
Nocardia cyriacigeorgica	135487	S	4794	1850	6644	0.00050
Nocardia farcinica	37329	S	3863	2028	5891	0.00044
Nocardia nova	37330	S	3645	443	4088	0.00031
Nocardia wallacei	480035	S	3040	777	3817	0.00029
Nocardia arthritidis	228602	S	2991	326	3317	0.00025
Nocardia yamanashiensis	209247	S	2737	478	3215	0.00024
Nocardia sp. CS682	1047172	S	2665	574	3239	0.00024
Nocardia huaxiensis	2755382	S	2541	438	2979	0.00022
Nocardia yunnanensis	2382165	S	2530	559	3089	0.00023
Nocardia gipuzkoensis	2749991	S	2494	842	3336	0.00025
Nocardia tengchongensis	2055889	S	2488	553	3041	0.00023
Nocardia iowensis	204891	S	2485	483	2968	0.00022
Nocardia otitidiscaviarum	1823	S	2426	415	2841	0.00021
Nocardia seriolae	37332	S	2242	539	2781	0.00021
Nocardia mangyaensis	2213200	S	2224	516	2740	0.00021
Rhodococcus sp. X156	2499145	S	2799	763	3562	0.00027
Rhodococcus sp. MTM3W5.2	1805827	S	2515	537	3052	0.00023
Rhodococcus sp. SGAir0479	2567884	S	2161	634	2795	0.00021
Rhodococcus sp. W8901	2742603	S	2073	541	2614	0.00020
Rhodococcus sp. PBTS 1	1653478	S	1901	417	2318	0.00017
Rhodococcus sp. R79	2811421	S	1608	2733	4341	0.00033
Rhodococcus sp. ABRD24	2507582	S	1337	230	1567	0.00012
Rhodococcus sp. USK10	2789739	S	1310	2362	3672	0.00028
Rhodococcus opacus	37919	S	7057	17540	24597	0.00185
Rhodococcus fascians	1828	S	3641	831	4472	0.00034
Rhodococcus equi	43767	S	3406	1188	4594	0.00035
Rhodococcus rhodochrous	1829	S	1934	2100	4034	0.00030
Rhodococcus koreensis	99653	S	1675	1050	2725	0.00020
Rhodococcus triatomae	300028	S	1556	428	1984	0.00015
Rhodococcus coprophilus	38310	S	1262	191	1453	0.00011
Rhodococcus jostii	132919	S	1201	1102	2303	0.00017
Corynebacterium cyclohexanicum	322009	S	2656	733	3389	0.00025
Corynebacterium frankenforstense	1230998	S	1432	896	2328	0.00017
Corynebacterium xerosis	1725	S	1339	2172	3511	0.00026
Corynebacterium sphenisci	191493	S	1312	583	1895	0.00014
Corynebacterium bovis	36808	S	1232	526	1758	0.00013
Corynebacterium halotolerans	225326	S	1070	795	1865	0.00014
Corynebacterium nuruki	1032851	S	1004	574	1578	0.00012
Gordonia sp. PP30	2935861	S	1977	539	2516	0.00019
Gordonia sp. YC-JH1	2059875	S	1460	1018	2478	0.00019
Gordonia sp. KTR9	337191	S	1419	605	2024	0.00015
Gordonia sp. PDNC005	2811424	S	1115	156	1271	0.00010
Gordonia polyisoprenivorans	84595	S	3278	791	4069	0.00031
Gordonia terrae	2055	S	2323	3713	6036	0.00045
Gordonia insulae	2420509	S	2033	422	2455	0.00018
Gordonia phthalatica	1136941	S	1750	674	2424	0.00018
Gordonia bronchialis	2054	S	1729	562	2291	0.00017
Gordonia amarae	36821	S	1674	335	2009	0.00015
Gordonia jinghuaiqii	2758710	S	1579	342	1921	0.00014
Gordonia iterans	1004901	S	1546	487	2033	0.00015
Gordonia rubripertincta	36822	S	1393	1813	3206	0.00024
Gordonia pseudoamarae	2831662	S	1322	283	1605	0.00012
Gordonia otitidis	249058	S	1223	267	1490	0.00011
Skermania piniformis	39122	S	1611	165	1776	0.00013
Tsukamurella paurometabola	2061	S	3315	1388	4703	0.00035
Tsukamurella tyrosinosolvens	57704	S	2816	1078	3894	0.00029
Tsukamurella sp. PLM1	2929795	S	1925	536	2461	0.00018
Tsukamurella pulmonis	47312	S	1923	586	2509	0.00019
Dietzia sp. oral taxon 368	712270	S	1083	1916	2999	0.00023
Dietzia psychralcaliphila	139021	S	1231	309	1540	0.00012
Dietzia lutea	546160	S	1220	635	1855	0.00014
Tomitella gaofuii	2760083	S	1985	503	2488	0.00019
Tomitella fengzijianii	2597660	S	1741	475	2216	0.00017
Amycolatopsis sp. WQ 127309	2932773	S	10112	2249	12361	0.00093
Amycolatopsis sp. Hca4	2742131	S	9957	2878	12835	0.00096
Amycolatopsis sp. DSM 110486	2865832	S	8508	1411	9919	0.00075
Amycolatopsis sp. FDAARGOS 1241	2778070	S	6231	1131	7362	0.00055
Amycolatopsis sp. CA-230715	2745196	S	5332	648	5980	0.00045
Amycolatopsis sp. YIM 10	2653857	S	4933	1131	6064	0.00046
Amycolatopsis sp. FU40	2914159	S	3504	1386	4890	0.00037
Amycolatopsis sp. AA4	1896961	S	3239	1490	4729	0.00036
Amycolatopsis sp. BJA-103	1911175	S	2835	920	3755	0.00028
Amycolatopsis sp. TNS106	2861750	S	2230	1072	3302	0.00025
Amycolatopsis sp. EV170708-02-1	2919322	S	1796	1415	3211	0.00024
Amycolatopsis pretoriensis	218821	S	20414	5057	25471	0.00191
Amycolatopsis mediterranei	33910	S	9729	9111	18840	0.00142
Amycolatopsis acidiphila	715473	S	6504	1089	7593	0.00057
Amycolatopsis keratiniphila	129921	S	2786	1840	4626	0.00035
Amycolatopsis japonica	208439	S	1492	1135	2627	0.00020
Amycolatopsis thermalba	944492	S	4600	1493	6093	0.00046
Amycolatopsis methanolica	1814	S	4424	1369	5793	0.00044
Amycolatopsis albispora	1804986	S	4292	1945	6237	0.00047
Amycolatopsis aidingensis	2842453	S	3547	332	3879	0.00029
Amycolatopsis orientalis	31958	S	2918	763	3681	0.00028
Pseudonocardia sp. DSM 110487	2865833	S	33905	3867	37772	0.00284
Pseudonocardia sp. CGMCC 4.1532	2761535	S	8253	4371	12624	0.00095
Pseudonocardia sp. HH130630-07	1690815	S	5548	4021	9569	0.00072
Pseudonocardia sp. AL041005-10	445576	S	4718	3245	7963	0.00060
Pseudonocardia sp. HH130629-09	1641402	S	4035	4948	8983	0.00067
Pseudonocardia broussonetiae	2736640	S	11541	3272	14813	0.00111
Pseudonocardia dioxanivorans	240495	S	11169	2379	13548	0.00102
Pseudonocardia abyssalis	2792008	S	6556	3069	9625	0.00072
Pseudonocardia autotrophica	2074	S	6265	1401	7666	0.00058
Saccharothrix syringae	103733	S	7096	1979	9075	0.00068
Saccharothrix sp. 6-C	2781735	S	6518	1791	8309	0.00062
Saccharothrix espanaensis	103731	S	5594	1330	6924	0.00052
Saccharopolyspora erythraea	1836	S	7723	1960	9683	0.00073
Saccharopolyspora gregorii	33914	S	3773	618	4391	0.00033
Saccharopolyspora spinosa	60894	S	2019	1023	3042	0.00023
Saccharopolyspora pogona	333966	S	1796	1675	3471	0.00026
Saccharopolyspora sp. ASAGF58	2719023	S	1263	1308	2571	0.00019
Kutzneria sp. CA-103260	2802641	S	7335	1266	8601	0.00065
Kutzneria albida	43357	S	5173	951	6124	0.00046
Saccharomonospora marina	632569	S	2880	571	3451	0.00026
Saccharomonospora azurea	40988	S	2107	539	2646	0.00020
Saccharomonospora cyanea	40989	S	1922	608	2530	0.00019
Saccharomonospora xinjiangensis	75294	S	1615	226	1841	0.00014
Saccharomonospora glauca	40990	S	1535	471	2006	0.00015
Saccharomonospora viridis	1852	S	1218	157	1375	0.00010
Lentzea guizhouensis	1586287	S	7967	1349	9316	0.00070
Actinosynnema pretiosum	42197	S	2472	6321	8793	0.00066
Actinoalloteichus hoggarensis	1470176	S	2504	2378	4882	0.00037
Actinoalloteichus hymeniacidonis	340345	S	1917	601	2518	0.00019
Allokutzneria albata	211114	S	6072	1158	7230	0.00054
Kibdelosporangium phytohabitans	860235	S	5357	515	5872	0.00044
Alloactinosynnema sp. L-07	1653480	S	3996	707	4703	0.00035
Prauserella marina	530584	S	2531	187	2718	0.00020
Allosaccharopolyspora coralli	2665642	S	2001	351	2352	0.00018
Micromonospora sp. WMMC415	2675222	S	3967	1185	5152	0.00039
Micromonospora sp. HM134	2583243	S	3374	1247	4621	0.00035
Micromonospora sp. WMMA2032	2039870	S	3300	1776	5076	0.00038
Micromonospora sp. B006	2201999	S	2772	1827	4599	0.00035
Micromonospora terminaliae	1914461	S	5713	2353	8066	0.00061
Micromonospora carbonacea	47853	S	4588	1630	6218	0.00047
Micromonospora inositola	47865	S	4432	1778	6210	0.00047
Micromonospora echinaurantiaca	47857	S	4407	1718	6125	0.00046
Micromonospora krabiensis	307121	S	4395	1203	5598	0.00042
Micromonospora echinofusca	47858	S	4059	1476	5535	0.00042
Micromonospora auratinigra	261654	S	3872	1665	5537	0.00042
Micromonospora ferruginea	2749844	S	3834	1823	5657	0.00043
Micromonospora viridifaciens	1881	S	3764	1342	5106	0.00038
Micromonospora coriariae	285665	S	3749	1087	4836	0.00036
Micromonospora coxensis	356852	S	3665	1647	5312	0.00040
Micromonospora siamensis	299152	S	3640	1408	5048	0.00038
Micromonospora purpureochromogenes	47872	S	3633	1565	5198	0.00039
Micromonospora narathiwatensis	299146	S	3398	1314	4712	0.00035
Micromonospora echinospora	1877	S	3395	964	4359	0.00033
Micromonospora zamorensis	709883	S	3107	815	3922	0.00029
Micromonospora maris	1003110	S	3095	750	3845	0.00029
Micromonospora sagamiensis	47875	S	3059	955	4014	0.00030
Micromonospora endophytica (Xie et al. 2001) Li et al. 2019	515350	S	2955	722	3677	0.00028
Micromonospora chokoriensis	356851	S	2946	779	3725	0.00028
Micromonospora rifamycinica	291594	S	2937	1089	4026	0.00030
Micromonospora craniellae	2294034	S	2402	1228	3630	0.00027
Micromonospora tulbaghiae	479978	S	2021	1918	3939	0.00030
Micromonospora aurantiaca	47850	S	1515	9538	11053	0.00083
Actinoplanes sp. L3-i22	2836373	S	19598	11516	31114	0.00234
Actinoplanes sp. N902-109	649831	S	11863	2862	14725	0.00111
Actinoplanes sp. OR16	946334	S	11359	4480	15839	0.00119
Actinoplanes friuliensis	196914	S	12689	1661	14350	0.00108
Actinoplanes ianthinogenes	122358	S	12206	4149	16355	0.00123
Actinoplanes derwentensis	113562	S	11903	1504	13407	0.00101
Actinoplanes missouriensis	1866	S	9749	2700	12449	0.00094
Actinoplanes teichomyceticus	1867	S	9339	3309	12648	0.00095
Couchioplanes caeruleus	56438	S	28554	5801	34355	0.00258
Dactylosporangium vinaceum	53362	S	16652	1459	18111	0.00136
Phytohabitans suffuscus	624315	S	8183	1662	9845	0.00074
Phytohabitans flavus	1076124	S	6601	1040	7641	0.00057
Plantactinospora sp. KBS50	2024580	S	4605	913	5518	0.00041
Plantactinospora sp. BC1	2108470	S	1025	2747	3772	0.00028
Plantactinospora sp. BB1	2071627	S	1001	2654	3655	0.00027
Actinocatenispora thailandica	227318	S	4846	1118	5964	0.00045
Actinocatenispora sera	390989	S	4606	1118	5724	0.00043
Catellatospora sp. IY07-71	2728827	S	8574	1493	10067	0.00076
Polymorphospora rubra	338584	S	5756	1017	6773	0.00051
Natronosporangium hydrolyticum	2811111	S	3088	166	3254	0.00024
Verrucosispora sp. NA02020	2742132	S	2590	1644	4234	0.00032
Salinispora tropica	168695	S	1966	267	2233	0.00017
Nonomuraea coxensis	404386	S	24605	5628	30233	0.00227
Nonomuraea nitratireducens	2656914	S	10979	1884	12863	0.00097
Nonomuraea sp. ATCC 55076	1909395	S	10838	2823	13661	0.00103
Nonomuraea gerenzanensis	93944	S	9990	2727	12717	0.00096
Streptosporangium roseum	2001	S	10580	2239	12819	0.00096
Streptosporangium sp. 'caverna'	2202249	S	6828	1142	7970	0.00060
Thermobispora bispora	2006	S	3716	664	4380	0.00033
Actinomadura sp. WMMA1423	2591108	S	18906	4390	23296	0.00175
Actinomadura sp. NAK00032	2742128	S	10379	2864	13243	0.00099
Actinomadura sp. WMMB 499	1219491	S	7105	1322	8427	0.00063
Actinomadura verrucosospora	46165	S	13978	3340	17318	0.00130
Actinomadura madurae	1993	S	10390	2478	12868	0.00097
Actinomadura graeca	2750812	S	6138	1123	7261	0.00055
Thermomonospora amylolytica	1411117	S	4958	1462	6420	0.00048
Thermomonospora curvata	2020	S	3334	794	4128	0.00031
Nocardiopsis sp. MT53	2865672	S	3539	662	4201	0.00032
Nocardiopsis sp. HDS12	2831968	S	1136	830	1966	0.00015
Nocardiopsis gilva	280236	S	2657	421	3078	0.00023
Nocardiopsis dassonvillei	2014	S	2088	2085	4173	0.00031
Nocardiopsis alba	53437	S	1918	274	2192	0.00016
Thermobifida alba	53522	S	2097	681	2778	0.00021
Thermobifida halotolerans	483545	S	2027	533	2560	0.00019
Thermobifida fusca	2021	S	1061	148	1209	0.00009
Streptomonospora litoralis	2498135	S	2983	460	3443	0.00026
Spiractinospora alimapuensis	2820884	S	2043	105	2148	0.00016
Blastococcus sp. PRF04-17	2933797	S	17147	4819	21966	0.00165
Blastococcus saxobsidens	138336	S	13190	3338	16528	0.00124
Modestobacter marinus	477641	S	13985	4037	18022	0.00135
Modestobacter sp. L9-4	2851567	S	8174	2600	10774	0.00081
Geodermatophilus obscurus	1861	S	14516	3998	18514	0.00139
Nakamurella multipartita	53461	S	34599	4912	39511	0.00297
Nakamurella panacisegetis	1090615	S	2643	249	2892	0.00022
Nakamurella sp. PAMC28650	2762325	S	2624	189	2813	0.00021
Actinomyces sp. oral taxon 414	712122	S	1171	1861	3032	0.00023
Actinomyces radicidentis	111015	S	1467	1826	3293	0.00025
Actinomyces howellii	52771	S	1145	950	2095	0.00016
Frankia inefficax	298654	S	7655	715	8370	0.00063
Frankia sp. QA3	710111	S	3117	1092	4209	0.00032
Frankia sp. ArI3	1858	S	2452	1359	3811	0.00029
Candidatus Frankia datiscae	2716812	S	2611	318	2929	0.00022
Frankia alni	1859	S	2475	1424	3899	0.00029
Frankia casuarinae	106370	S	2462	208	2670	0.00020
Jiangella sp. DSM 45060	1798224	S	7554	1828	9382	0.00070
Jiangella alkaliphila	419479	S	6422	1493	7915	0.00059
Catenulispora acidiphila	304895	S	6089	682	6771	0.00051
Jatrophihabitans telluris	2038343	S	2575	184	2759	0.00021
Jatrophihabitans sp. GAS493	1907575	S	2412	186	2598	0.00020
Kineococcus radiotolerans	131568	S	3708	791	4499	0.00034
Stackebrandtia nassauensis	283811	S	3071	217	3288	0.00025
Epidermidibacterium keratini	1891644	S	2140	773	2913	0.00022
Actinopolyspora erythraea	414996	S	1587	125	1712	0.00013
Conexibacter sp. SYSU D00693	2812560	S	32212	6566	38778	0.00291
Conexibacter sp. S30A1	2937800	S	8301	791	9092	0.00068
Conexibacter sp. DBS9H8	2937801	S	8157	703	8860	0.00067
Conexibacter woesei	191495	S	36216	5468	41684	0.00313
Miltoncostaea oceani	2843216	S	10847	1394	12241	0.00092
Miltoncostaea marina	2843215	S	9742	2101	11843	0.00089
Baekduia soli	496014	S	36184	4757	40941	0.00308
Rubrobacter xylanophilus	49319	S	5269	583	5852	0.00044
Rubrobacter marinus	2653852	S	3513	281	3794	0.00029
Rubrobacter tropicus	2653851	S	3090	207	3297	0.00025
Rubrobacter radiotolerans	42256	S	1636	201	1837	0.00014
Aquihabitans sp. Kera 3	2884263	S	9804	1270	11074	0.00083
Aquihabitans sp. G128	2849779	S	9627	1570	11197	0.00084
Iamia sp. SCSIO 61187	2722752	S	8853	1132	9985	0.00075
Actinomarinicola tropica	2789776	S	7878	1247	9125	0.00069
Ilumatobacter coccineus	467094	S	3740	184	3924	0.00029
Acidimicrobium ferrooxidans	53635	S	1069	67	1136	0.00009
Arabiibacter massiliensis	1870985	S	1097	1128	2225	0.00017
Egibacter rhizosphaerae	1670831	S	3388	158	3546	0.00027
Egicoccus halophilus	1670830	S	3233	391	3624	0.00027
Euzebya pacifica	1608957	S	3177	207	3384	0.00025
Priestia megaterium	1404	S	35887	31896	67783	0.00509
[Brevibacterium] frigoritolerans	450367	S	1025	2719	3744	0.00028
Neobacillus drentensis	220684	S	3963	1730	5693	0.00043
Hydrogenibacillus sp. N12	2866627	S	1177	236	1413	0.00011
Paenibacillus sp. B01	2660554	S	1468	3310	4778	0.00036
Paenibacillus mucilaginosus	61624	S	1451	198	1649	0.00012
Paenibacillus albicereus	2726185	S	1267	2014	3281	0.00025
Paenibacillus lycopersici	2704462	S	1117	371	1488	0.00011
Thermobacillus composti	377615	S	1128	347	1475	0.00011
Alicyclobacillus acidocaldarius	405212	S	1383	150	1533	0.00012
Faecalibacterium prausnitzii	853	S	1209	2451	3660	0.00027
Thermaerobacter sp. FW80	2546351	S	1448	375	1823	0.00014
Thermaerobacter sp. PB12/4term	2293838	S	1054	305	1359	0.00010
Thermaerobacter marianensis	73919	S	1294	340	1634	0.00012
Symbiobacterium thermophilum	2734	S	1734	232	1966	0.00015
Limnochorda pilosa	1555112	S	1599	62	1661	0.00012
Leptolyngbya sp. 7M	2812896	S	1051	1016	2067	0.00016
Deinococcus sp. NW-56	2080419	S	1050	246	1296	0.00010
Deinococcus maricopensis	309887	S	1487	161	1648	0.00012
Deinococcus gobiensis	502394	S	1473	281	1754	0.00013
Deinococcus actinosclerus	1768108	S	1457	1764	3221	0.00024
Deinococcus metallilatus	1211322	S	1363	245	1608	0.00012
Deinococcus ficus	317577	S	1272	176	1448	0.00011
Deinococcus irradiatisoli	2202254	S	1053	131	1184	0.00009
Oceanithermus profundus	187137	S	1609	171	1780	0.00013
Marinithermus hydrothermalis	186192	S	1046	217	1263	0.00009
Truepera radiovictrix	332249	S	1499	85	1584	0.00012
Sphaerobacter thermophilus	2057	S	4176	233	4409	0.00033
Thermomicrobium roseum	500	S	1052	19	1071	0.00008
Roseiflexus castenholzii	120962	S	1587	241	1828	0.00014
Roseiflexus sp. RS-1	357808	S	1492	223	1715	0.00013
Tepidiforma bonchosmolovskayae	2601677	S	2597	96	2693	0.00020
Candidatus Promineofilum breve	1806508	S	2436	42	2478	0.00019
Caldilinea aerophila	133453	S	1393	89	1482	0.00011
Ktedonosporobacter rubrisoli	2509675	S	1070	32	1102	0.00008
Fimbriimonas ginsengisoli	1005039	S	1588	7	1595	0.00012
Bradyrhizobium sp. 200	2782665	S	45496	10365	55861	0.00420
Bradyrhizobium sp. 170	2782641	S	39562	10330	49892	0.00375
Bradyrhizobium sp. CCBAU 051011	858422	S	23770	4031	27801	0.00209
Bradyrhizobium sp. CCBAU 51753	1325100	S	15203	2855	18058	0.00136
Bradyrhizobium sp. CCBAU 53351	1325114	S	13037	5829	18866	0.00142
Bradyrhizobium sp. 195	2782662	S	11853	4105	15958	0.00120
Bradyrhizobium sp. SK17	2057741	S	10576	3000	13576	0.00102
Bradyrhizobium sp. 186	2782654	S	9925	2673	12598	0.00095
Bradyrhizobium sp. A19	2898149	S	9553	1423	10976	0.00082
Bradyrhizobium sp. BTAi1	288000	S	9325	1470	10795	0.00081
Bradyrhizobium sp. ORS 278	114615	S	9160	1861	11021	0.00083
Bradyrhizobium sp. ORS 285	115808	S	9042	1835	10877	0.00082
Bradyrhizobium sp. CCBAU 53421	1325120	S	8226	2353	10579	0.00079
Bradyrhizobium sp. CCBAU 53338	1325111	S	8042	2869	10911	0.00082
Bradyrhizobium sp. 1(2017)	1404888	S	8014	2281	10295	0.00077
Bradyrhizobium sp. CCBAU 53340	1325112	S	7483	2537	10020	0.00075
Bradyrhizobium sp. S2-11-2	2840472	S	6205	5514	11719	0.00088
Bradyrhizobium sp. 6(2017)	1197460	S	6169	2671	8840	0.00066
Bradyrhizobium sp. CCGE-LA001	1223566	S	5775	1945	7720	0.00058
Bradyrhizobium sp. S2-20-1	2840469	S	5063	4864	9927	0.00075
Bradyrhizobium sp. 41S5	1404443	S	4969	3048	8017	0.00060
Bradyrhizobium sp. S2-11-4	2840473	S	4786	5078	9864	0.00074
Bradyrhizobium sp. I71	2590772	S	4263	4256	8519	0.00064
Bradyrhizobium sp. CCBAU 51765	1325102	S	4201	4277	8478	0.00064
Bradyrhizobium sp. 191	2782659	S	4050	4550	8600	0.00065
Bradyrhizobium sp. 192	2782660	S	3441	7777	11218	0.00084
Bradyrhizobium sp. C-145	574727	S	2733	2384	5117	0.00038
Bradyrhizobium sp.	376	S	2374	6962	9336	0.00070
Bradyrhizobium sp. 144S4	2823807	S	2134	5048	7182	0.00054
Bradyrhizobium sp. 323S2	1404649	S	1963	4691	6654	0.00050
Bradyrhizobium sp. 40	2782674	S	1928	5135	7063	0.00053
Bradyrhizobium sp. 4	2782678	S	1657	4995	6652	0.00050
Bradyrhizobium erythrophlei	1437360	S	41109	2628	43737	0.00329
Bradyrhizobium diazoefficiens	1355477	S	31111	37865	68976	0.00518
Bradyrhizobium symbiodeficiens	1404367	S	20509	26263	46772	0.00351
Bradyrhizobium paxllaeri	190148	S	20324	3066	23390	0.00176
Bradyrhizobium icense	1274631	S	18859	2095	20954	0.00157
Bradyrhizobium japonicum	375	S	13836	17594	31430	0.00236
Bradyrhizobium lablabi	722472	S	12920	12698	25618	0.00192
Bradyrhizobium canariense	255045	S	12619	17097	29716	0.00223
Bradyrhizobium genosp. L	83637	S	10508	1689	12197	0.00092
Bradyrhizobium arachidis	858423	S	10172	2407	12579	0.00095
Bradyrhizobium guangdongense	1325090	S	9337	2924	12261	0.00092
Bradyrhizobium cosmicum	1404864	S	8243	2210	10453	0.00079
Bradyrhizobium amphicarpaeae	1404768	S	8026	2765	10791	0.00081
Bradyrhizobium oligotrophicum	44255	S	7911	1089	9000	0.00068
Bradyrhizobium guangxiense	1325115	S	7038	2559	9597	0.00072
Bradyrhizobium genosp. B	83627	S	6931	1198	8129	0.00061
Bradyrhizobium guangzhouense	1325095	S	6769	2150	8919	0.00067
Bradyrhizobium quebecense	2748629	S	6412	3038	9450	0.00071
Bradyrhizobium vignae	1549949	S	6298	1205	7503	0.00056
Bradyrhizobium septentrionale	1404411	S	5457	2789	8246	0.00062
Bradyrhizobium betae	244734	S	5348	2421	7769	0.00058
Bradyrhizobium daqingense	993502	S	4466	2019	6485	0.00049
Bradyrhizobium elkanii	29448	S	2929	8253	11182	0.00084
Bradyrhizobium zhanjiangense	1325107	S	2233	1906	4139	0.00031
Bradyrhizobium ottawaense	931866	S	1641	8743	10384	0.00078
Rhodopseudomonas palustris	1076	S	28304	8031	36335	0.00273
Rhodopseudomonas sp. SK50-23	340268	S	5215	928	6143	0.00046
Rhodopseudomonas boonkerdii	475937	S	4927	1108	6035	0.00045
Nitrobacter hamburgensis	912	S	21982	2905	24887	0.00187
Nitrobacter winogradskyi	913	S	7938	1044	8982	0.00067
Tardiphaga sp. 37S4	1404741	S	5872	10056	15928	0.00120
Tardiphaga robiniae	943830	S	5614	2847	8461	0.00064
Afipia carboxidovorans	40137	S	16986	2651	19637	0.00148
Afipia sp. GAS231	1882747	S	6048	3454	9502	0.00071
Variibacter gotjawalensis	1333996	S	7126	425	7551	0.00057
Rhizobium sp. WYJ-E13	2849093	S	8957	1215	10172	0.00076
Rhizobium sp. BG4	2613770	S	7460	1400	8860	0.00067
Rhizobium sp. SL42	2806346	S	3314	533	3847	0.00029
Rhizobium sp. NXC24	2048897	S	2447	415	2862	0.00022
Rhizobium sp. C104	2917727	S	2141	2017	4158	0.00031
Rhizobium sp. NZLR1	2731096	S	2020	1057	3077	0.00023
Rhizobium sp. ACO-34A	1571470	S	1939	345	2284	0.00017
Rhizobium sp. CIAT894	2020312	S	1889	1394	3283	0.00025
Rhizobium sp. WL3	2603277	S	1883	344	2227	0.00017
Rhizobium sp. AB2/73	2795216	S	1829	2387	4216	0.00032
Rhizobium sp. 11515TR	2028343	S	1707	1509	3216	0.00024
Rhizobium sp. NXC14	1981173	S	1381	1172	2553	0.00019
Rhizobium sp. NLR16a	2731112	S	1284	1252	2536	0.00019
Rhizobium sp. K102	2918527	S	1251	1514	2765	0.00021
Rhizobium leguminosarum	384	S	19748	34637	54385	0.00409
Rhizobium etli	29449	S	3673	3332	7005	0.00053
Rhizobium jaguaris	1312183	S	2670	263	2933	0.00022
Rhizobium phaseoli	396	S	2476	3769	6245	0.00047
Rhizobium pseudoryzae	379684	S	2263	385	2648	0.00020
Rhizobium gallicum	56730	S	2071	1933	4004	0.00030
Rhizobium bangladeshense	1138189	S	1918	345	2263	0.00017
Rhizobium lentis	1138194	S	1823	425	2248	0.00017
Rhizobium tropici	398	S	1647	329	1976	0.00015
Rhizobium binae	1138190	S	1583	440	2023	0.00015
Rhizobium indicum	2583231	S	1475	948	2423	0.00018
Rhizobium daejeonense	240521	S	1382	347	1729	0.00013
Rhizobium acidisoli	1538158	S	1336	806	2142	0.00016
Rhizobium rosettiformans	1368430	S	1278	533	1811	0.00014
Rhizobium rhizoryzae	451876	S	1141	127	1268	0.00010
Rhizobium pusense	648995	S	1033	3282	4315	0.00032
Agrobacterium tumefaciens	358	S	6414	11192	17606	0.00132
Agrobacterium vitis	373	S	3551	408	3959	0.00030
Agrobacterium vaccinii	2735528	S	1550	254	1804	0.00014
Agrobacterium larrymoorei	160699	S	1049	160	1209	0.00009
Neorhizobium galegae	399	S	10771	2556	13327	0.00100
Neorhizobium sp. NCHU2750	1825976	S	2128	501	2629	0.00020
Neorhizobium sp. SOG26	2060726	S	1634	273	1907	0.00014
Pseudorhizobium flavum	1335061	S	1177	988	2165	0.00016
Ensifer adhaerens	106592	S	14148	7312	21460	0.00161
Ensifer sp. PDNC004	2811423	S	2597	1013	3610	0.00027
Ensifer mexicanus	375549	S	2968	354	3322	0.00025
Ensifer alkalisoli	1752398	S	2096	334	2430	0.00018
Ensifer sojae	716925	S	1835	595	2430	0.00018
Sinorhizobium meliloti	382	S	11288	5619	16907	0.00127
Sinorhizobium fredii	380	S	6366	7326	13692	0.00103
Sinorhizobium sp. BG8	2613773	S	2389	307	2696	0.00020
Sinorhizobium americanum	194963	S	2290	645	2935	0.00022
Sinorhizobium medicae	110321	S	2123	240	2363	0.00018
Shinella sp. HZN7	879274	S	10257	7017	17274	0.00130
Shinella sp. PSBB067	2715959	S	9479	5698	15177	0.00114
Shinella sp. H4-D48	2925841	S	2643	831	3474	0.00026
Shinella sp. XGS7	2877941	S	2348	1822	4170	0.00031
Shinella zoogloeoides	352475	S	10424	11466	21890	0.00164
Shinella oryzae	2871820	S	3292	1139	4431	0.00033
Ciceribacter thiooxidans	1969821	S	2091	318	2409	0.00018
Georhizobium profundi	2341112	S	1985	325	2310	0.00017
Mesorhizobium sp. B2-8-5	2589903	S	12544	3396	15940	0.00120
Mesorhizobium sp. 8	2584466	S	11537	2097	13634	0.00102
Mesorhizobium sp. J8	2777475	S	8269	2188	10457	0.00079
Mesorhizobium sp. B2-1-1	2589974	S	5546	1003	6549	0.00049
Mesorhizobium sp. M1B.F.Ca.ET.045.04.1.1	2493673	S	5178	1658	6836	0.00051
Mesorhizobium sp. DCY119	2108445	S	4778	842	5620	0.00042
Mesorhizobium sp. M1E.F.Ca.ET.045.02.1.1	2493672	S	4729	1994	6723	0.00051
Mesorhizobium sp. M1D.F.Ca.ET.043.01.1.1	2493669	S	4686	2396	7082	0.00053
Mesorhizobium sp. B1-1-8	2589976	S	4517	910	5427	0.00041
Mesorhizobium sp. M3A.F.Ca.ET.080.04.2.1	2493676	S	4337	1080	5417	0.00041
Mesorhizobium sp. Pch-S	2082387	S	4307	449	4756	0.00036
Mesorhizobium sp. M1A.F.Ca.IN.022.06.1.1	2493680	S	4115	1108	5223	0.00039
Mesorhizobium sp. M2A.F.Ca.ET.043.05.1.1	2493671	S	3954	2964	6918	0.00052
Mesorhizobium sp. 131-2-1	2744518	S	3952	1754	5706	0.00043
Mesorhizobium sp. NZP2298	2483403	S	3883	2022	5905	0.00044
Mesorhizobium sp. INR15	2654248	S	3721	423	4144	0.00031
Mesorhizobium sp. M4B.F.Ca.ET.058.02.1.1	2493675	S	3679	1294	4973	0.00037
Mesorhizobium sp. PAMC28654	2880934	S	3647	542	4189	0.00031
Mesorhizobium sp. M7D.F.Ca.US.005.01.1.1	2493678	S	2866	819	3685	0.00028
Mesorhizobium sp. M9A.F.Ca.ET.002.03.1.2	2493668	S	2723	1064	3787	0.00028
Mesorhizobium sp. 113-3-9	2744517	S	2722	1789	4511	0.00034
Mesorhizobium sp. L-2-11	2744521	S	2690	851	3541	0.00027
Mesorhizobium sp. B2-1-8	2589967	S	2608	660	3268	0.00025
Mesorhizobium sp. B4-1-4	2589888	S	2582	502	3084	0.00023
Mesorhizobium sp. M6A.T.Cr.TU.016.01.1.1	2493677	S	2496	695	3191	0.00024
Mesorhizobium sp. 113-3-3	2744516	S	2408	1133	3541	0.00027
Mesorhizobium sp. M8A.F.Ca.ET.057.01.1.1	2493679	S	2350	756	3106	0.00023
Mesorhizobium sp. NZP2077	2483404	S	2284	632	2916	0.00022
Mesorhizobium sp. 113-1-2	2744515	S	2187	921	3108	0.00023
Mesorhizobium sp. M7A.F.Ce.TU.012.03.2.1	2493681	S	1989	620	2609	0.00020
Mesorhizobium sp. M2A.F.Ca.ET.043.02.1.1	2493670	S	1934	4449	6383	0.00048
Mesorhizobium sp. M2A.F.Ca.ET.046.03.2.1	2493674	S	1893	4582	6475	0.00049
Mesorhizobium sp. NBSH29	2654249	S	1702	92	1794	0.00013
Mesorhizobium sp. L-8-10	2744523	S	1401	4071	5472	0.00041
Mesorhizobium sp. L-8-3	2744522	S	1357	4047	5404	0.00041
Mesorhizobium sp. AA22	1854057	S	1061	575	1636	0.00012
Mesorhizobium terrae	2725666	S	4670	1141	5811	0.00044
Mesorhizobium opportunistum	593909	S	3476	1151	4627	0.00035
Mesorhizobium amorphae	71433	S	3177	588	3765	0.00028
Mesorhizobium loti	381	S	3085	22702	25787	0.00194
Mesorhizobium huakuii	28104	S	2026	1384	3410	0.00026
Mesorhizobium erdmanii	1777866	S	1935	444	2379	0.00018
Mesorhizobium ciceri	39645	S	1917	4313	6230	0.00047
Mesorhizobium australicum	536018	S	1885	483	2368	0.00018
Mesorhizobium japonicum	2066070	S	1727	1065	2792	0.00021
Aminobacter sp. MSH1	374606	S	4294	2156	6450	0.00048
Aminobacter sp. SR38	2774562	S	1428	8074	9502	0.00071
Aquibium microcysteis	675281	S	5271	1157	6428	0.00048
Aquibium oceanicum	1670800	S	3808	695	4503	0.00034
Nitratireductor sp. SY7	2599600	S	3345	484	3829	0.00029
Nitratireductor sp. OM-1	1756988	S	1851	254	2105	0.00016
Nitratireductor kimnyeongensis	430679	S	1059	124	1183	0.00009
Phyllobacterium sp. T1018	555316	S	1344	205	1549	0.00012
Phyllobacterium zundukense	1867719	S	1411	180	1591	0.00012
Roseitalea porphyridii	1852022	S	2567	336	2903	0.00022
Hoeflea sp. IMCC20628	1620421	S	1307	100	1407	0.00011
Hoeflea phototrophica	244596	S	1145	108	1253	0.00009
Oricola thermophila	2742145	S	1928	204	2132	0.00016
Methylobacterium sp. WL1	2603276	S	2921	579	3500	0.00026
Methylobacterium sp. 17Sr1-1	2202826	S	2855	1422	4277	0.00032
Methylobacterium aquaticum	270351	S	6214	2869	9083	0.00068
Methylobacterium nodulans	114616	S	6138	666	6804	0.00051
Methylobacterium tardum	374432	S	4535	1727	6262	0.00047
Methylobacterium durans	2202825	S	4267	526	4793	0.00036
Methylobacterium radiodurans	2202828	S	4013	850	4863	0.00037
Methylobacterium currus	2051553	S	3896	1674	5570	0.00042
Methylobacterium mesophilicum	39956	S	3395	738	4133	0.00031
Methylobacterium organophilum	410	S	3327	1532	4859	0.00037
Methylobacterium brachiatum	269660	S	3210	1101	4311	0.00032
Methylobacterium oryzae	334852	S	3190	5002	8192	0.00062
Methylobacterium terrae	2202827	S	3010	1446	4456	0.00033
Methylobacterium indicum	1775910	S	2661	1419	4080	0.00031
Methylobacterium radiotolerans	31998	S	1192	8061	9253	0.00070
Microvirga sp. VF16	2807101	S	8394	1158	9552	0.00072
Microvirga sp. 17 mud 1-3	2082949	S	3820	700	4520	0.00034
Microvirga ossetica	1882682	S	8464	1320	9784	0.00074
Microvirga thermotolerans	2651334	S	4408	1036	5444	0.00041
Methylorubrum populi	223967	S	5730	2182	7912	0.00059
Methylorubrum extorquens	408	S	5383	7431	12814	0.00096
Methylorubrum sp. B1-46	2897334	S	1986	681	2667	0.00020
Pseudolabrys taiwanensis	331696	S	33259	4599	37858	0.00284
Pseudolabrys sp. FHR47	2562284	S	27268	4024	31292	0.00235
Starkeya sp. ORNL1	2709380	S	9226	1533	10759	0.00081
Starkeya novella	921	S	5612	1808	7420	0.00056
Ancylobacter polymorphus	223390	S	4045	1840	5885	0.00044
Ancylobacter sp. TS-1	1850374	S	4004	1450	5454	0.00041
Ancylobacter pratisalsi	1745854	S	3308	634	3942	0.00030
Xanthobacter dioxanivorans	2528964	S	4920	1556	6476	0.00049
Xanthobacter sp. YC-JY1	2419844	S	1636	1642	3278	0.00025
Xanthobacter autotrophicus	280	S	1504	1646	3150	0.00024
Labrys sp. KNU-23	2789216	S	7503	608	8111	0.00061
Azorhizobium caulinodans	7	S	3695	638	4333	0.00033
Rhodoplanes sp. Z2-YC6860	674703	S	61230	4545	65775	0.00494
Hyphomicrobium denitrificans	53399	S	24878	2412	27290	0.00205
Hyphomicrobium sp. MC1	717785	S	4186	187	4373	0.00033
Hyphomicrobium nitrativorans	1427356	S	3602	225	3827	0.00029
Methyloceanibacter caenitepidi	1384459	S	1770	348	2118	0.00016
Methyloceanibacter sp. wino2	2170729	S	1767	371	2138	0.00016
Aquabacter sp. L1I39	2820278	S	3138	398	3536	0.00027
Methyloligella sp. GL2	2742204	S	2807	254	3061	0.00023
Rhodomicrobium vannielii	1069	S	2176	112	2288	0.00017
Caenibius sp. WL	2872646	S	1091	190	1281	0.00010
Bosea sp. AS-1	2015316	S	34358	7065	41423	0.00311
Bosea sp. ANAM02	2020412	S	11671	2792	14463	0.00109
Bosea sp. F3-2	2599640	S	10138	2124	12262	0.00092
Bosea sp. Tri-49	1867715	S	6864	1086	7950	0.00060
Bosea sp. RAC05	1842539	S	6045	1334	7379	0.00055
Bosea sp. PAMC 26642	1792307	S	4440	642	5082	0.00038
Bosea vaviloviae	1526658	S	5201	896	6097	0.00046
Devosia sp. A16	1736675	S	20136	2045	22181	0.00167
Devosia sp. SL43	2806348	S	2759	489	3248	0.00024
Devosia sp. JXJ CY 41	2917991	S	2588	455	3043	0.00023
Devosia sp. 1566	2499144	S	2088	206	2294	0.00017
Devosia sp. I507	2083786	S	1751	533	2284	0.00017
Devosia ginsengisoli	400770	S	3504	606	4110	0.00031
Devosia beringensis	2657486	S	2622	360	2982	0.00022
Devosia oryziradicis	2801335	S	2412	425	2837	0.00021
Devosia salina	2860336	S	2390	794	3184	0.00024
Devosia rhizoryzae	2774137	S	2065	197	2262	0.00017
Youhaiella tibetensis	1447062	S	3491	718	4209	0.00032
Paradevosia shaoguanensis	1335043	S	3429	1120	4549	0.00034
Pelagibacterium halotolerans	531813	S	1473	135	1608	0.00012
Nordella sp. HKS 07	2712222	S	21922	941	22863	0.00172
Pseudorhodoplanes sinuspersici	1235591	S	12155	686	12841	0.00096
Terrihabitans soli	708113	S	2573	224	2797	0.00021
Aureimonas sp. SA4125	2826993	S	3175	472	3647	0.00027
Aureimonas sp. AU20	1349819	S	2838	325	3163	0.00024
Aureimonas sp. OT7	2816454	S	1429	969	2398	0.00018
Aureimonas populi	1701758	S	2356	363	2719	0.00020
Aureimonas mangrovi	2758041	S	2219	374	2593	0.00019
Aureimonas altamirensis	370622	S	1526	436	1962	0.00015
Martelella mediterranea	293089	S	1767	1358	3125	0.00023
Martelella endophytica	1486262	S	1565	451	2016	0.00015
Aurantimonas sp. HBX-1	2906072	S	3911	946	4857	0.00036
Methylocystis parvus	134	S	2457	241	2698	0.00020
Methylocystis bryophila	655015	S	2185	179	2364	0.00018
Methylocystis sp. SC2	187303	S	1433	532	1965	0.00015
Methylocystis heyeri	391905	S	2071	190	2261	0.00017
Methylocystis rosea	173366	S	1494	1835	3329	0.00025
Methylosinus trichosporium	426	S	3085	532	3617	0.00027
Methylosinus sp. C49	2699395	S	2522	423	2945	0.00022
Stappia indica	538381	S	3876	763	4639	0.00035
Stappia sp. ES.058	1881061	S	2020	216	2236	0.00017
Roseibium aggregatum	187304	S	2441	330	2771	0.00021
Pannonibacter phragmitetus	121719	S	3106	1704	4810	0.00036
Labrenzia sp. VG12	2021862	S	1360	172	1532	0.00012
Phreatobacter stygius	1940610	S	6212	750	6962	0.00052
Phreatobacter cathodiphilus	1868589	S	4934	1181	6115	0.00046
Phreatobacter sp. NMCR1094	2570229	S	3976	615	4591	0.00034
Methylocella silvestris	199596	S	2334	211	2545	0.00019
Methylocella tundrae	227605	S	2118	163	2281	0.00017
Methylovirgula ligni	569860	S	2136	201	2337	0.00018
Methylovirgula sp. HY1	2822761	S	1707	82	1789	0.00013
Beijerinckia indica	533	S	1079	69	1148	0.00009
Blastochloris tepida	2233851	S	4774	1295	6069	0.00046
Blastochloris viridis	1079	S	4043	894	4937	0.00037
Kaustia mangrovi	2593653	S	4467	343	4810	0.00036
Parvibaculum lavamentivorans	256618	S	2387	1382	3769	0.00028
Pyruvatibacter mobilis	1712261	S	1621	178	1799	0.00014
Kaistia sp. 32K	2795690	S	8270	1589	9859	0.00074
Chelatococcus sp. CO-6	1702325	S	4039	2132	6171	0.00046
Chelatococcus daeguensis	444444	S	2277	1235	3512	0.00026
Brucella anthropi	529	S	1511	2385	3896	0.00029
Acuticoccus sp. I52.16.1	2928472	S	4382	379	4761	0.00036
Hartmannibacter diazotrophicus	1482074	S	3264	451	3715	0.00028
Breoghania sp. L-A4	2304600	S	3161	327	3488	0.00026
Lichenihabitans psoromatis	2528642	S	1064	1134	2198	0.00017
Sphingomonas sp. DM2-R-LB4	2899123	S	4866	1125	5991	0.00045
Sphingomonas sp. S8-45	2938948	S	4068	374	4442	0.00033
Sphingomonas sp. Cra20	1327635	S	3942	493	4435	0.00033
Sphingomonas sp. CL5.1	2653203	S	3753	953	4706	0.00035
Sphingomonas sp. LM7	1938607	S	3702	642	4344	0.00033
Sphingomonas sp. HDW15A	2714942	S	3499	217	3716	0.00028
Sphingomonas sp. AK-PDB1-5	2872652	S	3205	402	3607	0.00027
Sphingomonas sp. MM-1	745310	S	3140	2897	6037	0.00045
Sphingomonas sp. AP4-R1	2735134	S	2966	293	3259	0.00024
Sphingomonas sp. AAP5	1523415	S	2886	587	3473	0.00026
Sphingomonas sp. S2-65	2903960	S	2764	429	3193	0.00024
Sphingomonas sp. FARSPH	2219696	S	2542	1637	4179	0.00031
Sphingomonas sp. NBWT7	2596913	S	2425	630	3055	0.00023
Sphingomonas sp. PAMC26645	2565555	S	2193	601	2794	0.00021
Sphingomonas sp. HMP9	1517554	S	1971	720	2691	0.00020
Sphingomonas sp. KC8	1030157	S	1850	176	2026	0.00015
Sphingomonas sp. HMP6	1517551	S	1838	290	2128	0.00016
Sphingomonas sp. IC081	304378	S	1766	6904	8670	0.00065
Sphingomonas sp. LK11	1390395	S	1313	1004	2317	0.00017
Sphingomonas sp. NIC1	1961362	S	1119	2669	3788	0.00028
Sphingomonas sediminicola	386874	S	27171	2005	29176	0.00219
Sphingomonas daechungensis	1176646	S	11559	853	12412	0.00093
Sphingomonas lutea	1045317	S	9471	933	10404	0.00078
Sphingomonas sabuli	2764186	S	6387	593	6980	0.00052
Sphingomonas ginsengisoli An et al. 2013	363835	S	5754	598	6352	0.00048
Sphingomonas sinipercae	2714944	S	5558	568	6126	0.00046
Sphingomonas rhizophila	2071607	S	5131	971	6102	0.00046
Sphingomonas alpina	653931	S	5019	312	5331	0.00040
Sphingomonas piscis	2714943	S	4123	291	4414	0.00033
Sphingomonas sanxanigenens	397260	S	4077	1396	5473	0.00041
Sphingomonas xanthus	2594473	S	3862	639	4501	0.00034
Sphingomonas profundi	2681549	S	3750	455	4205	0.00032
Sphingomonas hengshuiensis	1609977	S	3468	336	3804	0.00029
Sphingomonas panacis	1560345	S	3189	354	3543	0.00027
Sphingomonas panacisoli	1813879	S	3091	312	3403	0.00026
Sphingomonas koreensis	93064	S	3065	1637	4702	0.00035
Sphingomonas taxi	1549858	S	2850	671	3521	0.00026
Sphingomonas suaedae	2599297	S	2491	237	2728	0.00021
Sphingomonas changnyeongensis	2698679	S	2437	357	2794	0.00021
Sphingomonas paucimobilis	13689	S	2219	1070	3289	0.00025
Sphingomonas radiodurans	2890321	S	2180	219	2399	0.00018
Sphingomonas aliaeris	2759526	S	2007	188	2195	0.00016
Sphingomonas insulae	424800	S	1897	410	2307	0.00017
Sphingomonas sanguinis	33051	S	1396	934	2330	0.00018
Sphingomonas melonis	152682	S	1387	4393	5780	0.00043
Novosphingobium sp. PP1Y	702113	S	30425	16254	46679	0.00351
Novosphingobium sp. Sx8-5	2896849	S	5436	530	5966	0.00045
Novosphingobium sp. P6W	1609758	S	4388	557	4945	0.00037
Novosphingobium sp. EMRT-2	2571749	S	3450	1450	4900	0.00037
Novosphingobium sp. Gsoil 351	2675225	S	2994	191	3185	0.00024
Novosphingobium sp. ES2-1	2780074	S	2916	1145	4061	0.00031
Novosphingobium sp. THN1	1016987	S	2366	696	3062	0.00023
Novosphingobium sp. KA1	164608	S	1930	6115	8045	0.00060
Novosphingobium pentaromativorans	205844	S	14351	12112	26463	0.00199
Novosphingobium resinovorum	158500	S	5288	1786	7074	0.00053
Novosphingobium decolorationis	2698673	S	3977	1458	5435	0.00041
Novosphingobium aromaticivorans	48935	S	3410	982	4392	0.00033
Novosphingobium ginsenosidimutans	1176536	S	2708	201	2909	0.00022
Sphingobium sp. TKS	1315974	S	14967	17151	32118	0.00241
Sphingobium sp. EP60837	1855519	S	2888	688	3576	0.00027
Sphingobium sp. SYK-6	627192	S	2473	475	2948	0.00022
Sphingobium sp. CAP-1	2676077	S	2172	984	3156	0.00024
Sphingobium sp. YG1	2082188	S	2142	666	2808	0.00021
Sphingobium sp. Cam5-1	2789327	S	1715	590	2305	0.00017
Sphingobium sp. KCTC 72723	2733867	S	1646	237	1883	0.00014
Sphingobium sp. RAC03	1843368	S	1616	242	1858	0.00014
Sphingobium sp. MI1205	407020	S	1368	1596	2964	0.00022
Sphingobium sp. SCG-1	2072936	S	1280	77	1357	0.00010
Sphingobium chlorophenolicum	46429	S	4266	1432	5698	0.00043
Sphingobium indicum	332055	S	4114	2591	6705	0.00050
Sphingobium yanoikuyae	13690	S	4103	5697	9800	0.00074
Sphingobium fuliginis	336203	S	3012	8173	11185	0.00084
Sphingobium amiense	135719	S	2067	1838	3905	0.00029
Sphingobium phenoxybenzoativorans	1592790	S	1767	545	2312	0.00017
Sphingobium xenophagum	121428	S	1746	800	2546	0.00019
Sphingobium cloacae	120107	S	1731	1839	3570	0.00027
Sphingobium baderi	1332080	S	1573	1212	2785	0.00021
Sphingobium herbicidovorans	76947	S	1424	954	2378	0.00018
Sphingopyxis sp. OPL5	2486273	S	2866	469	3335	0.00025
Sphingopyxis sp. BSN-002	2911495	S	2681	405	3086	0.00023
Sphingopyxis sp. 113P3	292913	S	2606	757	3363	0.00025
Sphingopyxis sp. QXT-31	1357916	S	2605	634	3239	0.00024
Sphingopyxis sp. YF1	2482763	S	2556	473	3029	0.00023
Sphingopyxis sp. PAMC25046	2565556	S	2430	882	3312	0.00025
Sphingopyxis sp. EG6	1874061	S	2034	845	2879	0.00022
Sphingopyxis sp. FD7	1914525	S	1786	582	2368	0.00018
Sphingopyxis macrogoltabida	33050	S	5708	2118	7826	0.00059
Sphingopyxis terrae	33052	S	2788	1297	4085	0.00031
Sphingopyxis lindanitolerans	2054227	S	2576	934	3510	0.00026
Sphingopyxis fribergensis	1515612	S	2058	621	2679	0.00020
Sphingopyxis alaskensis	117207	S	1998	378	2376	0.00018
Sphingopyxis granuli	267128	S	1679	4134	5813	0.00044
Rhizorhabdus wittichii	160791	S	9234	3873	13107	0.00098
Rhizorhabdus dicambivorans	1850238	S	3398	1927	5325	0.00040
Rhizorhabdus phycosphaerae	2711156	S	2317	206	2523	0.00019
Sphingosinithalassobacter sp. CS137	2762748	S	2367	322	2689	0.00020
Sphingosinithalassobacter tenebrarum	2711215	S	2056	377	2433	0.00018
Allosphingosinicella indica	941907	S	3116	278	3394	0.00026
Parasphingopyxis algicola	2026624	S	1904	105	2009	0.00015
Tardibacter chloracetimidivorans	1921510	S	2164	1168	3332	0.00025
Hankyongella ginsenosidimutans	1763828	S	1611	212	1823	0.00014
Citromicrobium sp. JL477	1634516	S	1415	374	1789	0.00013
Novosphingopyxis iocasae	2762729	S	1083	346	1429	0.00011
Erythrobacter sp. HL-111	1798193	S	1627	537	2164	0.00016
Erythrobacter sp. HKB08	2502843	S	1375	474	1849	0.00014
Erythrobacter sp. SDW2	2907154	S	1320	472	1792	0.00013
Erythrobacter sp. JK5	2829500	S	1313	659	1972	0.00015
Erythrobacter litoralis	39960	S	2284	872	3156	0.00024
Erythrobacter neustonensis	1112	S	1115	229	1344	0.00010
Porphyrobacter sp. CACIAM 03H1	2003315	S	1781	428	2209	0.00017
Porphyrobacter sp. LM 6	1896196	S	1095	321	1416	0.00011
Porphyrobacter sp. GA68	2883480	S	1033	383	1416	0.00011
Porphyrobacter sp. HT-58-2	2023229	S	1003	206	1209	0.00009
Qipengyuania flava	192812	S	2623	1503	4126	0.00031
Qipengyuania sediminis	1532023	S	1322	179	1501	0.00011
Qipengyuania soli	2782568	S	1127	297	1424	0.00011
Qipengyuania aurantiaca	2867233	S	1010	682	1692	0.00013
Tsuneonella amylolytica	2338327	S	2423	582	3005	0.00023
Tsuneonella dongtanensis	692370	S	2215	386	2601	0.00020
Tsuneonella mangrovi	1982042	S	1501	205	1706	0.00013
Croceicoccus sp. YJ47	2798724	S	1255	996	2251	0.00017
Croceicoccus marinus	450378	S	2604	1376	3980	0.00030
Croceicoccus naphthovorans	1348774	S	1197	1008	2205	0.00017
Altererythrobacter sp. TH136	2067415	S	2122	329	2451	0.00018
Altererythrobacter sp. B11	2060312	S	1927	856	2783	0.00021
Altererythrobacter sp. BO-6	2604537	S	1001	151	1152	0.00009
Pelagerythrobacter marensis	543877	S	1120	144	1264	0.00010
Croceibacterium atlanticum	1267766	S	1083	512	1595	0.00012
Paraurantiacibacter namhicola	645517	S	1033	120	1153	0.00009
Sphingosinicella sp. BN140058	1892855	S	3898	256	4154	0.00031
Sphingosinicella microcystinivorans	335406	S	2127	180	2307	0.00017
Sphingosinicella flava	2771430	S	1592	156	1748	0.00013
Polymorphobacter sp. PAMC 29362	2835787	S	1237	745	1982	0.00015
Polymorphobacter sp. PAMC 29334	2862331	S	1204	748	1952	0.00015
Sandaracinobacter sp. M6	2759707	S	1673	89	1762	0.00013
Azospirillum sp. B510	137722	S	2564	884	3448	0.00026
Azospirillum sp. TSH100	652764	S	2103	903	3006	0.00023
Azospirillum sp. TSA2s	709810	S	2040	1502	3542	0.00027
Azospirillum sp. TSH58	664962	S	1449	1875	3324	0.00025
Azospirillum brasilense	192	S	8085	6835	14920	0.00112
Azospirillum thermophilum	2202148	S	5053	968	6021	0.00045
Azospirillum thiophilum	528244	S	3142	932	4074	0.00031
Azospirillum ramasamyi	682998	S	1808	971	2779	0.00021
Azospirillum humicireducens	1226968	S	1589	892	2481	0.00019
Azospirillum lipoferum	193	S	1576	1114	2690	0.00020
Azospirillum oryzae	286727	S	1507	1261	2768	0.00021
Skermanella mucosa	1789672	S	4788	2758	7546	0.00057
Skermanella sp. TT6	2775420	S	4494	3797	8291	0.00062
Skermanella rosea	1817965	S	3987	3017	7004	0.00053
Skermanella pratensis	2233999	S	3891	1782	5673	0.00043
Nitrospirillum amazonense	28077	S	3647	343	3990	0.00030
Indioceanicola profundi	2220096	S	2532	281	2813	0.00021
Niveispirillum cyanobacteriorum	1612173	S	1635	143	1778	0.00013
Roseomonas sp. S08	1750527	S	7385	419	7804	0.00059
Roseomonas sp. OT10	2897332	S	5521	1325	6846	0.00051
Roseomonas gilardii	257708	S	4409	4838	9247	0.00069
Roseomonas haemaphysalidis	2768162	S	3990	470	4460	0.00034
Roseomonas marmotae	2768161	S	3588	445	4033	0.00030
Rhodovastum atsumiense	504468	S	6145	570	6715	0.00050
Komagataeibacter xylinus	28448	S	1274	3142	4416	0.00033
Roseococcus microcysteis	2771361	S	3608	316	3924	0.00029
Sediminicoccus rosea	1225128	S	3020	147	3167	0.00024
Acidibrevibacterium fodinaquatile	1969806	S	2602	199	2801	0.00021
Acetobacter aceti	435	S	1001	918	1919	0.00014
Lichenicola cladoniae	1484109	S	2531	110	2641	0.00020
Gluconacetobacter diazotrophicus	33996	S	1627	398	2025	0.00015
Granulibacter bethesdensis	364410	S	1231	101	1332	0.00010
Hypericibacter terrae	2602015	S	10029	1142	11171	0.00084
Hypericibacter adhaerens	2602016	S	8466	1220	9686	0.00073
Magnetospirillum sp. XM-1	1663591	S	1654	498	2152	0.00016
Magnetospirillum sp. ME-1	1639348	S	1460	477	1937	0.00015
Magnetospirillum gryphiswaldense	55518	S	2050	145674	147724	0.01110
Magnetospirillum magneticum	84159	S	1740	151	1891	0.00014
Ferrovibrio terrae	2594003	S	6849	354	7203	0.00054
Rhodospirillum centenum	34018	S	3176	361	3537	0.00027
Rhodospirillum rubrum	1085	S	1902	115	2017	0.00015
Tistrella mobilis	171437	S	3718	1395	5113	0.00038
Defluviicoccus vanus	111831	S	1882	136	2018	0.00015
Pararhodospirillum photometricum	1084	S	1176	73	1249	0.00009
Stella humosa	94	S	7504	424	7928	0.00060
Elioraea tepida	2843330	S	3308	135	3443	0.00026
Paracoccus sp. MC1862	2760307	S	1327	156	1483	0.00011
Paracoccus sp. MA	2895796	S	1212	718	1930	0.00015
Paracoccus sanguinis	1545044	S	1834	465	2299	0.00017
Paracoccus yeei	147645	S	1617	2536	4153	0.00031
Paracoccus denitrificans	266	S	1432	2426	3858	0.00029
Paracoccus zhejiangensis	1077935	S	1419	336	1755	0.00013
Paracoccus liaowanqingii	2560053	S	1415	160	1575	0.00012
Paracoccus aminovorans	34004	S	1389	386	1775	0.00013
Paracoccus pantotrophus	82367	S	1296	741	2037	0.00015
Paracoccus suum	2259340	S	1130	187	1317	0.00010
Paracoccus aminophilus	34003	S	1086	107	1193	0.00009
Paracoccus jeotgali	2065379	S	1083	208	1291	0.00010
Paracoccus contaminans	1945662	S	1050	238	1288	0.00010
Rhodobacter sp. CZR27	2033869	S	1760	548	2308	0.00017
Rhodobacter sp. N10	2807096	S	1538	180	1718	0.00013
Rhodobacter sp. LPB0142	1850250	S	1394	905	2299	0.00017
Rhodobacter capsulatus	1061	S	1939	384	2323	0.00017
Cereibacter sphaeroides	1063	S	4262	2889	7151	0.00054
Rhodovulum sp. P5	1564506	S	1178	133	1311	0.00010
Rhodovulum sulfidophilum	35806	S	1455	1118	2573	0.00019
Polymorphum gilvum	991904	S	3109	646	3755	0.00028
Paroceanicella profunda	2579971	S	2813	790	3603	0.00027
Pikeienuella piscinae	2748098	S	1891	159	2050	0.00015
Pontivivens ytuae	2789856	S	1826	131	1957	0.00015
Pelagovum pacificum	2588711	S	1593	196	1789	0.00013
Silicimonas algicola	1826607	S	1507	89	1596	0.00012
Frigidibacter mobilis	1335048	S	1401	570	1971	0.00015
Pukyongiella litopenaei	2605946	S	1233	336	1569	0.00012
Brevirhabdus pacifica	1267768	S	1087	593	1680	0.00013
Fuscovulum blasticum	1075	S	1056	133	1189	0.00009
Sulfitobacter alexandrii	1917485	S	1096	1434	2530	0.00019
Roseovarius sp. SCSIO 43702	2823043	S	1323	980	2303	0.00017
Roseovarius indicus	540747	S	1717	1070	2787	0.00021
Salipiger profundus	1229727	S	1986	1020	3006	0.00023
Salipiger abyssi	1250539	S	1675	745	2420	0.00018
Salipiger sp. CCB-MM3	1792508	S	1390	216	1606	0.00012
Roseivivax marinus	1379903	S	1783	337	2120	0.00016
Celeribacter indicus	1208324	S	1736	988	2724	0.00020
Ruegeria pomeroyi	89184	S	1033	217	1250	0.00009
Sulfitobacter pseudonitzschiae	1402135	S	1328	598	1926	0.00014
Yangia pacifica	311180	S	1675	314	1989	0.00015
Sagittula sp. P11	2009329	S	1640	831	2471	0.00019
Mameliella alba	561184	S	1314	294	1608	0.00012
Ponticoccus alexandrii	1943633	S	1263	213	1476	0.00011
Dinoroseobacter shibae	215813	S	1108	502	1610	0.00012
Caulobacter segnis	88688	S	7830	2083	9913	0.00074
Caulobacter sp. S6	2823693	S	5617	507	6124	0.00046
Caulobacter sp. FWC26	69665	S	2072	696	2768	0.00021
Caulobacter rhizosphaerae	2010972	S	7140	1591	8731	0.00066
Caulobacter soli	2708539	S	6611	1608	8219	0.00062
Caulobacter mirabilis	69666	S	5056	771	5827	0.00044
Caulobacter flavus	1679497	S	4628	1013	5641	0.00042
Caulobacter vibrioides	155892	S	4505	3155	7660	0.00058
Caulobacter henricii	69395	S	2130	285	2415	0.00018
Brevundimonas sp. LM2	1938605	S	1518	576	2094	0.00016
Brevundimonas sp. M20	2591463	S	1497	348	1845	0.00014
Brevundimonas sp. PAMC22021	2861285	S	1412	854	2266	0.00017
Brevundimonas sp. MF30-B	2561924	S	1320	402	1722	0.00013
Brevundimonas sp. AJA228-03	2752515	S	1146	359	1505	0.00011
Brevundimonas naejangsanensis	588932	S	2599	1080	3679	0.00028
Brevundimonas goettingensis	2774190	S	1840	299	2139	0.00016
Brevundimonas albigilva	1312364	S	1829	1058	2887	0.00022
Brevundimonas subvibrioides	74313	S	1478	290	1768	0.00013
Brevundimonas diminuta	293	S	1189	3305	4494	0.00034
Brevundimonas pondensis	2774189	S	1130	395	1525	0.00011
Brevundimonas vitisensis	2800818	S	1114	138	1252	0.00009
Brevundimonas mediterranea	74329	S	1049	530	1579	0.00012
Phenylobacterium zucineum	284016	S	10754	1878	12632	0.00095
Phenylobacterium parvum	2201350	S	3011	293	3304	0.00025
Asticcacaulis excentricus	78587	S	2067	309	2376	0.00018
Asticcacaulis sp. AND118	2840468	S	1781	263	2044	0.00015
Terricaulis silvestris	2686094	S	2351	66	2417	0.00018
Candidatus Viadribacter manganicus	1759059	S	1575	34	1609	0.00012
Marinicauda algicola	2029849	S	2080	305	2385	0.00018
Aquisalinus flavus	1526572	S	1000	40	1040	0.00008
Burkholderia multivorans	87883	S	5685	2494	8179	0.00061
Burkholderia ubonensis	101571	S	5435	3644	9079	0.00068
Burkholderia cenocepacia	95486	S	4593	16547	21140	0.00159
Burkholderia cepacia	292	S	3835	15659	19494	0.00146
Burkholderia pyrrocinia	60550	S	2533	1572	4105	0.00031
Burkholderia contaminans	488447	S	2130	1432	3562	0.00027
Burkholderia ambifaria	152480	S	2061	3118	5179	0.00039
Burkholderia stabilis	95485	S	1877	1408	3285	0.00025
Burkholderia anthina	179879	S	1809	1774	3583	0.00027
Burkholderia stagnalis	1503054	S	1792	647	2439	0.00018
Burkholderia lata	482957	S	1676	1596	3272	0.00025
Burkholderia dolosa	152500	S	1477	500	1977	0.00015
Burkholderia vietnamiensis	60552	S	1339	4214	5553	0.00042
Burkholderia territorii	1503055	S	1293	692	1985	0.00015
Burkholderia seminalis	488731	S	1069	544	1613	0.00012
Burkholderia pseudomallei	28450	S	2623	15668	18291	0.00137
Burkholderia mayonis	1385591	S	1838	441	2279	0.00017
Burkholderia thailandensis	57975	S	1706	2786	4492	0.00034
Burkholderia oklahomensis	342113	S	1213	892	2105	0.00016
Burkholderia sp. DHOD12	2571746	S	2892	1167	4059	0.00030
Burkholderia sp. Bp7605	1740163	S	1561	1067	2628	0.00020
Burkholderia gladioli	28095	S	6838	2231	9069	0.00068
Burkholderia glumae	337	S	2454	12275	14729	0.00111
Burkholderia plantarii	41899	S	1879	762	2641	0.00020
Burkholderia perseverans	2615214	S	1570	688	2258	0.00017
Cupriavidus campinensis	151783	S	15553	6309	21862	0.00164
Cupriavidus taiwanensis	164546	S	11765	13358	25123	0.00189
Cupriavidus pauculus	82633	S	9497	4209	13706	0.00103
Cupriavidus pinatubonensis	248026	S	6066	1096	7162	0.00054
Cupriavidus basilensis	68895	S	5640	2858	8498	0.00064
Cupriavidus necator	106590	S	5228	6682	11910	0.00089
Cupriavidus oxalaticus	96344	S	4977	2475	7452	0.00056
Cupriavidus sp. EM10	2839983	S	2536	1939	4475	0.00034
Cupriavidus metallidurans	119219	S	3230	1971	5201	0.00039
Paraburkholderia graminis	60548	S	8463	1905	10368	0.00078
Paraburkholderia sp. SOS3	1926494	S	2305	316	2621	0.00020
Paraburkholderia sp. PGU16	2735433	S	1281	622	1903	0.00014
Paraburkholderia sp. PGU19	2735434	S	1055	785	1840	0.00014
Paraburkholderia aromaticivorans	2026199	S	3207	1241	4448	0.00033
Paraburkholderia pallida	2547399	S	3156	537	3693	0.00028
Paraburkholderia caribensis	75105	S	3080	2028	5108	0.00038
Paraburkholderia tropica	92647	S	2713	578	3291	0.00025
Paraburkholderia acidisoli	2571748	S	2659	459	3118	0.00023
Paraburkholderia edwinii	2861782	S	2393	307	2700	0.00020
Paraburkholderia phytofirmans	261302	S	2344	964	3308	0.00025
Paraburkholderia acidiphila	2571747	S	2318	427	2745	0.00021
Paraburkholderia phymatum	148447	S	2278	519	2797	0.00021
Paraburkholderia atlantica	2654982	S	2154	487	2641	0.00020
Paraburkholderia terricola	169427	S	2134	580	2714	0.00020
Paraburkholderia sprentiae	948107	S	1943	392	2335	0.00018
Paraburkholderia caledonica	134536	S	1866	308	2174	0.00016
Paraburkholderia fungorum	134537	S	1837	387	2224	0.00017
Paraburkholderia megapolitana	420953	S	1828	169	1997	0.00015
Paraburkholderia phenoliruptrix	252970	S	1810	468	2278	0.00017
Paraburkholderia terrae	311230	S	1787	1752	3539	0.00027
Paraburkholderia ginsengisoli	311231	S	1700	473	2173	0.00016
Paraburkholderia hospita	169430	S	1592	1553	3145	0.00024
Paraburkholderia xenovorans	36873	S	1459	1582	3041	0.00023
Paraburkholderia caffeinilytica	1761016	S	1342	315	1657	0.00012
Paraburkholderia dokdonella	2211211	S	1237	312	1549	0.00012
Paraburkholderia dioscoreae	2604047	S	1016	587	1603	0.00012
Caballeronia zhejiangensis	871203	S	18850	3476	22326	0.00168
Caballeronia sp. Lep1P3	2878150	S	3706	786	4492	0.00034
Caballeronia sp. TF1N1	2878153	S	2986	319	3305	0.00025
Caballeronia sp. SL2Y3	2878151	S	1482	1327	2809	0.00021
Caballeronia sp. Sq4a	2878152	S	1334	1654	2988	0.00022
Caballeronia sp. M1242	2814653	S	1215	1487	2702	0.00020
Caballeronia grimmiae	1071679	S	9146	3773	12919	0.00097
Caballeronia insecticola	758793	S	6439	1081	7520	0.00057
Pandoraea sp. XY-2	2518599	S	3579	1711	5290	0.00040
Pandoraea pnomenusa	93220	S	2475	1349	3824	0.00029
Pandoraea thiooxydans	445709	S	1931	151	2082	0.00016
Pandoraea pulmonicola	93221	S	1686	375	2061	0.00015
Pandoraea norimbergensis	93219	S	1368	219	1587	0.00012
Pandoraea vervacti	656178	S	1308	397	1705	0.00013
Pandoraea faecigallinarum	656179	S	1273	358	1631	0.00012
Pandoraea apista	93218	S	1157	610	1767	0.00013
Pandoraea fibrosis	1891094	S	1036	360	1396	0.00010
Ralstonia solanacearum	305	S	6067	12926	18993	0.00143
Ralstonia insidiosa	190721	S	1799	1182	2981	0.00022
Ralstonia mannitolilytica	105219	S	1216	1346	2562	0.00019
Ralstonia pickettii	329	S	1186	525	1711	0.00013
Ralstonia sp. 56D2	2842456	S	1054	160	1214	0.00009
Lautropia mirabilis	47671	S	1242	213	1455	0.00011
Chitinimonas arctica	2594795	S	1133	87	1220	0.00009
Variovorax sp. HW608	1034889	S	9884	1645	11529	0.00087
Variovorax sp. PBS-H4	434008	S	6632	3891	10523	0.00079
Variovorax sp. RA8	662548	S	5564	4190	9754	0.00073
Variovorax sp. PBL-H6	434009	S	4908	4686	9594	0.00072
Variovorax sp. WDL1	207745	S	4724	6931	11655	0.00088
Variovorax sp. PAMC 28711	1795631	S	4152	695	4847	0.00036
Variovorax sp. RKNM96	2681552	S	3723	1408	5131	0.00039
Variovorax sp. PAMC26660	2762322	S	3509	881	4390	0.00033
Variovorax sp. SRS16	282217	S	3185	7605	10790	0.00081
Variovorax sp. PAMC28562	2762323	S	3039	257	3296	0.00025
Variovorax sp. PBL-E5	434014	S	2289	6335	8624	0.00065
Variovorax sp. 38R	2774875	S	2141	2533	4674	0.00035
Variovorax paradoxus	34073	S	18761	16000	34761	0.00261
Variovorax boronicumulans	436515	S	2647	1893	4540	0.00034
Acidovorax sp. KKS102	358220	S	5708	3795	9503	0.00071
Acidovorax sp. YS12	2738413	S	2228	1845	4073	0.00031
Acidovorax sp. JMULE5	2518343	S	2024	521	2545	0.00019
Acidovorax sp. RAC01	1842533	S	1687	1249	2936	0.00022
Acidovorax sp. 1608163	2478662	S	1362	276	1638	0.00012
Acidovorax sp. HDW3	2714923	S	1210	812	2022	0.00015
Acidovorax avenae	80867	S	4669	3024	7693	0.00058
Acidovorax monticola	1926868	S	2824	1141	3965	0.00030
Acidovorax antarcticus	2743470	S	2492	1809	4301	0.00032
Acidovorax carolinensis	553814	S	1831	1495	3326	0.00025
Acidovorax citrulli	80869	S	1350	1902	3252	0.00024
Acidovorax cattleyae	80868	S	1193	861	2054	0.00015
Acidovorax radicis	758826	S	1168	242	1410	0.00011
Rhodoferax koreense	1842727	S	20932	10197	31129	0.00234
Rhodoferax sp. BAB1	2741720	S	2954	811	3765	0.00028
Rhodoferax sp. AJA081-3	2752316	S	1087	74	1161	0.00009
Rhodoferax sediminis	2509614	S	3149	470	3619	0.00027
Rhodoferax ferrireducens	192843	S	1273	79	1352	0.00010
Rhodoferax saidenbachensis	1484693	S	1212	122	1334	0.00010
Hydrogenophaga sp. BA0156	2716225	S	3656	2514	6170	0.00046
Hydrogenophaga sp. BPS33	2651974	S	3644	2587	6231	0.00047
Hydrogenophaga sp. YM1	2806262	S	3344	1702	5046	0.00038
Hydrogenophaga sp. PBC	795665	S	3096	3308	6404	0.00048
Hydrogenophaga sp. SL48	2806347	S	2747	718	3465	0.00026
Hydrogenophaga sp. PBL-H3	434010	S	2144	1836	3980	0.00030
Hydrogenophaga sp. RAC07	1842537	S	2104	722	2826	0.00021
Hydrogenophaga sp. NH-16	2184519	S	1021	3165	4186	0.00031
Hydrogenophaga sp. PAMC20947	2565558	S	1018	71	1089	0.00008
Hydrogenophaga taeniospiralis	65656	S	2286	767	3053	0.00023
Hydrogenophaga crassostreae	1763535	S	1050	69	1119	0.00008
Ramlibacter tataouinensis	94132	S	18706	7401	26107	0.00196
Comamonas sp. NLF-7-7	2597701	S	1550	1224	2774	0.00021
Comamonas sp. NLF-1-9	2853163	S	1370	817	2187	0.00016
Comamonas aquatica	225991	S	2236	2123	4359	0.00033
Comamonas serinivorans	1082851	S	2076	568	2644	0.00020
Comamonas testosteroni	285	S	1673	3305	4978	0.00037
Comamonas koreensis	160825	S	1071	728	1799	0.00014
Polaromonas sp. JS666	296591	S	4131	5694	9825	0.00074
Polaromonas naphthalenivorans	216465	S	2359	371	2730	0.00021
Schlegelella thermodepolymerans	215580	S	5217	2448	7665	0.00058
Schlegelella brevitalea	413882	S	4781	671	5452	0.00041
Kinneretia sp. DAIF2	2714952	S	5564	1941	7505	0.00056
Kinneretia sp. XES5	2877940	S	4387	4911	9298	0.00070
Diaphorobacter sp. HDW4A	2714924	S	1499	1707	3206	0.00024
Diaphorobacter sp. HDW4B	2714925	S	1408	626	2034	0.00015
Diaphorobacter ruginosibacter	1715720	S	1801	842	2643	0.00020
Diaphorobacter aerolatus	1288495	S	1366	2507	3873	0.00029
Delftia tsuruhatensis	180282	S	1835	5664	7499	0.00056
Delftia acidovorans	80866	S	1701	3685	5386	0.00040
Ottowia sp. 27C	2816950	S	2211	433	2644	0.00020
Ottowia oryzae	2109914	S	1751	387	2138	0.00016
Alicycliphilus denitrificans	179636	S	4300	7416	11716	0.00088
Melaminivora sp. SC2-9	2109913	S	1856	2024	3880	0.00029
Melaminivora jejuensis	1267217	S	1542	1122	2664	0.00020
Hylemonella gracilis	80880	S	3287	468	3755	0.00028
Serpentinimonas maccroryi	1458426	S	1272	402	1674	0.00013
Serpentinimonas raichei	1458425	S	1001	346	1347	0.00010
Verminephrobacter eiseniae	364317	S	2195	265	2460	0.00018
Pulveribacter suum	2116657	S	1780	912	2692	0.00020
Simplicispira suum	2109915	S	1338	472	1810	0.00014
Massilia sp. WG5	1707785	S	5015	3272	8287	0.00062
Massilia sp. HC52	2852099	S	3087	1638	4725	0.00036
Massilia sp. LPB0304	2769491	S	2775	1869	4644	0.00035
Massilia sp. DM-R-R2A-13	2899220	S	2267	938	3205	0.00024
Massilia sp. YMA4	1593482	S	2173	1538	3711	0.00028
Massilia sp. NP310	2861282	S	2135	1902	4037	0.00030
Massilia sp. PAMC28688	2861283	S	1760	459	2219	0.00017
Massilia putida	1141883	S	6076	1916	7992	0.00060
Massilia violaceinigra	2045208	S	4319	1210	5529	0.00042
Massilia flava	871742	S	3535	851	4386	0.00033
Massilia albidiflava	321983	S	2477	962	3439	0.00026
Massilia lutea	321985	S	2460	735	3195	0.00024
Massilia umbonata	864828	S	2415	944	3359	0.00025
Massilia armeniaca	2072590	S	2131	1093	3224	0.00024
Massilia plicata	321984	S	2089	541	2630	0.00020
Massilia antarctica	2765360	S	1892	694	2586	0.00019
Massilia oculi	945844	S	1857	1151	3008	0.00023
Duganella sp. GN2-R2	2728020	S	3254	1349	4603	0.00035
Duganella sp. AF9R3	2728021	S	2181	464	2645	0.00020
Herbaspirillum robiniae	2014887	S	2472	921	3393	0.00025
Herbaspirillum hiltneri	341045	S	2124	373	2497	0.00019
Herbaspirillum frisingense	92645	S	1985	626	2611	0.00020
Herbaspirillum seropedicae	964	S	1773	843	2616	0.00020
Herbaspirillum rubrisubalbicans	80842	S	1629	734	2363	0.00018
Herbaspirillum huttiense	863372	S	1208	481	1689	0.00013
Herbaspirillum sp. meg3	2025949	S	1077	125	1202	0.00009
Janthinobacterium sp. 17J80-10	2497863	S	1572	241	1813	0.00014
Janthinobacterium sp. 1_2014MBL_MicDiv	1644131	S	1270	865	2135	0.00016
Janthinobacterium agaricidamnosum	55508	S	2021	4273	6294	0.00047
Collimonas fungivorans	158899	S	2148	614	2762	0.00021
Collimonas arenae	279058	S	1724	232	1956	0.00015
Collimonas pratensis	279113	S	1585	343	1928	0.00014
Noviherbaspirillum sp. UKPF54	2601898	S	3590	624	4214	0.00032
Rhizobacter gummiphilus	946333	S	9129	1839	10968	0.00082
Rhizobacter sp. AJA081-3	2753607	S	8943	2343	11286	0.00085
Methylibium petroleiphilum	105560	S	6121	4819	10940	0.00082
Methylibium sp. Pch-M	2082386	S	5598	3894	9492	0.00071
Aquincola tertiaricarbonis	391953	S	11463	3963	15426	0.00116
Sphaerotilus sp. FB-5	2914710	S	4396	2652	7048	0.00053
Sphaerotilus natans	34103	S	4066	1610	5676	0.00043
Rubrivivax gelatinosus	28068	S	7667	2418	10085	0.00076
Mitsuaria sp. 7	1658665	S	6363	1276	7639	0.00057
Leptothrix cholodnii	34029	S	5109	1657	6766	0.00051
Thiomonas sp. X19	1050370	S	1854	1212	3066	0.00023
Thiomonas intermedia	926	S	1210	372	1582	0.00012
Xylophilus rhododendri	2697032	S	3505	1042	4547	0.00034
Ideonella dechloratans	36863	S	3357	2042	5399	0.00041
Aquabacterium olei	1296669	S	2345	633	2978	0.00022
Roseateles depolymerans	76731	S	2318	449	2767	0.00021
Tepidimonas taiwanensis	307486	S	2019	722	2741	0.00021
Paucibacter sp. KCTC 42545	1768242	S	1735	306	2041	0.00015
Inhella inkyongensis	392593	S	1528	247	1775	0.00013
Achromobacter sp. AONIH1	1758194	S	2231	2727	4958	0.00037
Achromobacter sp. 77	2756133	S	2213	4731	6944	0.00052
Achromobacter sp. MFA1 R4	1881016	S	2047	881	2928	0.00022
Achromobacter xylosoxidans	85698	S	8013	11107	19120	0.00144
Achromobacter spanius	217203	S	4160	1503	5663	0.00043
Achromobacter denitrificans	32002	S	3266	2047	5313	0.00040
Achromobacter mucicolens	1389922	S	2714	3170	5884	0.00044
Achromobacter deleyi	1353891	S	2389	1425	3814	0.00029
Achromobacter insolitus	217204	S	1743	431	2174	0.00016
Achromobacter pestifer	1353889	S	1271	766	2037	0.00015
Bordetella sp. H567	1697043	S	2339	282	2621	0.00020
Bordetella sp. N	1746199	S	2246	253	2499	0.00019
Bordetella genomosp. 8	1416806	S	2617	316	2933	0.00022
Bordetella bronchialis	463025	S	2566	344	2910	0.00022
Bordetella genomosp. 13	463040	S	2429	1604	4033	0.00030
Bordetella flabilis	463014	S	2181	183	2364	0.00018
Bordetella genomosp. 9	1416803	S	2076	506	2582	0.00019
Bordetella hinzii	103855	S	1849	806	2655	0.00020
Bordetella petrii	94624	S	1724	2177	3901	0.00029
Bordetella trematum	123899	S	1483	597	2080	0.00016
Bordetella pseudohinzii	1331258	S	1160	533	1693	0.00013
Bordetella bronchiseptica	518	S	1144	6987	8131	0.00061
Paralcaligenes sp. KSB-10	2901142	S	5536	222	5758	0.00043
Pigmentiphaga sp. H8	2488560	S	3679	464	4143	0.00031
Pigmentiphaga aceris	1940612	S	1136	77	1213	0.00009
Orrella dioscoreae	1851544	S	1830	618	2448	0.00018
Castellaniella defragrans	75697	S	2221	1388	3609	0.00027
Usitatibacter rugosus	2732067	S	10629	1276	11905	0.00089
Usitatibacter palustris	2732487	S	8444	1080	9524	0.00072
Nitrosospira lacus	1288494	S	3644	149	3793	0.00028
Nitrosospira multiformis	1231	S	2843	106	2949	0.00022
Nitrosospira briensis	35799	S	1312	931	2243	0.00017
Nitrosospira sp. NRS527	155925	S	1294	856	2150	0.00016
Nitrosomonas ureae	44577	S	2559	158	2717	0.00020
Denitratisoma sp. DHT3	1981880	S	1838	1348	3186	0.00024
Denitratisoma oestradiolicum	311182	S	1005	170	1175	0.00009
Sulfuritalea hydrogenivorans	748811	S	2336	363	2699	0.00020
Methyloversatilis sp. RAC08	1842540	S	2118	290	2408	0.00018
Sterolibacterium denitrificans	157592	S	1573	425	1998	0.00015
Sideroxydans sp. MIZ01	2764705	S	1174	321	1495	0.00011
Ferrigenium kumadai	1682490	S	1384	331	1715	0.00013
Thiobacillus denitrificans	36861	S	3148	618	3766	0.00028
Sulfuritortus calidifontis	1914471	S	1929	843	2772	0.00021
Sulfuriferula plumbiphila	171865	S	1149	229	1378	0.00010
Sulfurimicrobium lacus	2715678	S	1646	242	1888	0.00014
Thauera sp. K11	2005884	S	2933	1678	4611	0.00035
Thauera sp. MZ1T	85643	S	2910	2808	5718	0.00043
Thauera humireducens	1134435	S	1967	1081	3048	0.00023
Thauera aromatica	59405	S	1469	1901	3370	0.00025
Thauera chlorobenzoica	96773	S	1398	1216	2614	0.00020
Azoarcus sp. KH32C	748247	S	3353	597	3950	0.00030
Azoarcus sp. DD4	2027405	S	2465	1515	3980	0.00030
Azoarcus olearius	418699	S	2686	976	3662	0.00028
Azoarcus communis	41977	S	2129	762	2891	0.00022
Nitrogeniibacter mangrovi	2016596	S	2284	467	2751	0.00021
Nitrogeniibacter aestuarii	2815343	S	1194	126	1320	0.00010
Aromatoleum petrolei	76116	S	3029	737	3766	0.00028
Aromatoleum aromaticum	551760	S	2271	1535	3806	0.00029
Aromatoleum bremense	76115	S	2031	1108	3139	0.00024
Aromatoleum pumilum	2067960	S	1996	690	2686	0.00020
Azospira restricta	404405	S	4760	3491	8251	0.00062
Niveibacterium microcysteis	2811415	S	1958	269	2227	0.00017
Oryzomicrobium terrae	1735038	S	1394	344	1738	0.00013
Dechloromonas denitrificans	281362	S	2149	673	2822	0.00021
Ferribacterium limneticum	76259	S	2803	491	3294	0.00025
Quatrionicoccus australiensis	138118	S	1289	392	1681	0.00013
Chromobacterium sp. ATCC 53434	2059672	S	1470	1009	2479	0.00019
Chromobacterium vaccinii	1108595	S	1554	1719	3273	0.00025
Chromobacterium violaceum	536	S	1498	2246	3744	0.00028
Vogesella sp. LIG4	1192162	S	2572	744	3316	0.00025
Jeongeupia sp. USM3	1906741	S	1989	581	2570	0.00019
Pseudogulbenkiania sp. NH8B	748280	S	2436	887	3323	0.00025
Microvirgula aerodenitrificans	57480	S	1363	269	1632	0.00012
Laribacter hongkongensis	168471	S	1012	881	1893	0.00014
Crenobacter cavernae	2290923	S	2003	1156	3159	0.00024
Chitinolyticbacter meiyuanensis	682798	S	1486	408	1894	0.00014
Casimicrobium huifangae	2591109	S	1712	740	2452	0.00018
Lysobacter sp. KIS68-7	2904252	S	5564	1067	6631	0.00050
Lysobacter sp. TY2-98	2290922	S	3563	540	4103	0.00031
Lysobacter sp. 5GHs7-4	2904253	S	3024	961	3985	0.00030
Lysobacter sp. CECT 30171	2822368	S	2343	557	2900	0.00022
Lysobacter sp. S4-A87	2925843	S	2263	838	3101	0.00023
Lysobacter sp. K5869	2820808	S	1965	1143	3108	0.00023
Lysobacter sp. CW239	2762611	S	1842	1001	2843	0.00021
Lysobacter lycopersici	1324796	S	15808	3046	18854	0.00142
Lysobacter enzymogenes	69	S	8133	3285	11418	0.00086
Lysobacter capsici	435897	S	7670	10679	18349	0.00138
Lysobacter soli	453783	S	6225	1233	7458	0.00056
Lysobacter solisilvae (ex Woo and Kim 2022)	2865112	S	5355	1505	6860	0.00052
Lysobacter solisilvae (ex Kim et al. 2021)	2763317	S	3577	673	4250	0.00032
Lysobacter antibioticus	84531	S	3098	685	3783	0.00028
Lysobacter maris	1605891	S	2803	634	3437	0.00026
Lysobacter arenosi	2795387	S	2384	839	3223	0.00024
Lysobacter oculi	2698682	S	2151	520	2671	0.00020
Lysobacter alkalisoli	2591633	S	2145	360	2505	0.00019
Stenotrophomonas maltophilia	40324	S	9633	17575	27208	0.00204
Stenotrophomonas rhizophila	216778	S	8725	2526	11251	0.00085
Stenotrophomonas sp. LM091	1904944	S	1325	864	2189	0.00016
Stenotrophomonas sp. 169	2770322	S	1016	209	1225	0.00009
Stenotrophomonas acidaminiphila	128780	S	2109	5231	7340	0.00055
Xanthomonas translucens	343	S	3732	3661	7393	0.00056
Xanthomonas campestris	339	S	2930	3557	6487	0.00049
Xanthomonas sacchari	56458	S	1898	541	2439	0.00018
Xanthomonas arboricola	56448	S	1682	1148	2830	0.00021
Xanthomonas oryzae	347	S	1429	463	1892	0.00014
Xanthomonas citri	346	S	1315	33987	35302	0.00265
Xanthomonas theicola	56464	S	1294	343	1637	0.00012
Xanthomonas hyacinthi	56455	S	1066	509	1575	0.00012
Pseudoxanthomonas mexicana	128785	S	6941	8347	15288	0.00115
Pseudoxanthomonas suwonensis	314722	S	4770	2095	6865	0.00052
Pseudoxanthomonas sp. X-1	2571115	S	2626	2028	4654	0.00035
Pseudoxanthomonas daejeonensis	266062	S	2053	447	2500	0.00019
Pseudoxanthomonas spadix	415229	S	1570	531	2101	0.00016
Luteimonas sp. S4-F44	2925842	S	2191	374	2565	0.00019
Luteimonas sp. MC1750	2799326	S	2168	708	2876	0.00022
Luteimonas sp. D4P002	2901869	S	2029	474	2503	0.00019
Luteimonas sp. MC1572	2799325	S	1898	835	2733	0.00021
Luteimonas sp. YGD11-2	2508168	S	1824	707	2531	0.00019
Luteimonas sp. JM171	1896164	S	1774	315	2089	0.00016
Luteimonas sp. MC1825	2761107	S	1673	759	2432	0.00018
Luteimonas granuli	1176533	S	2044	640	2684	0.00020
Luteimonas chenhongjianii	2006110	S	1731	332	2063	0.00016
Luteimonas yindakuii	2565782	S	1729	602	2331	0.00018
Thermomonas sp. XSG	2771436	S	2161	844	3005	0.00023
Thermomonas sp. HDW16	2714945	S	1974	476	2450	0.00018
Thermomonas aquatica	2202149	S	3575	1659	5234	0.00039
Thermomonas brevis	215691	S	3077	1119	4196	0.00032
Thermomonas carbonis	1463158	S	2398	450	2848	0.00021
Arenimonas daejeonensis	370777	S	4189	743	4932	0.00037
Pseudolysobacter antarcticus	2511995	S	1961	48	2009	0.00015
Rhodanobacter denitrificans	666685	S	7640	2549	10189	0.00077
Rhodanobacter sp. FDAARGOS 1247	2778082	S	4876	1391	6267	0.00047
Rhodanobacter thiooxydans	416169	S	4270	1740	6010	0.00045
Rhodanobacter glycinis	582702	S	2571	387	2958	0.00022
Dyella thiooxydans	445710	S	9743	2487	12230	0.00092
Dyella japonica	231455	S	2043	582	2625	0.00020
Dyella telluris	2763498	S	1979	499	2478	0.00019
Dyella terrae	522259	S	1456	192	1648	0.00012
Dyella caseinilytica	1849581	S	1127	77	1204	0.00009
Luteibacter sp. 321	2911537	S	2459	630	3089	0.00023
Luteibacter sp. EIF3	2780091	S	1860	254	2114	0.00016
Luteibacter sp. 335	2911538	S	1611	318	1929	0.00014
Luteibacter sp. 353	2911539	S	1510	406	1916	0.00014
Luteibacter rhizovicinus	242606	S	1981	244	2225	0.00017
Luteibacter pinisoli	2589080	S	1868	435	2303	0.00017
Luteibacter anthropi	564369	S	1484	238	1722	0.00013
Frateuria sp. 5GH9-34	2898793	S	8430	2138	10568	0.00079
Frateuria sp. 5GH9-11	1542730	S	3309	1066	4375	0.00033
Dokdonella koreensis	323415	S	5780	862	6642	0.00050
Aerosticca soli	2010829	S	2534	2846	5380	0.00040
Ahniella affigens	2021234	S	1278	30	1308	0.00010
Pseudomonas sp. S34	1573718	S	2909	3018	5927	0.00045
Pseudomonas sp. SC3(2021)	2871493	S	1565	3733	5298	0.00040
Pseudomonas sp. Leaf58	1736226	S	1215	677	1892	0.00014
Pseudomonas sp. LS.1a	2920387	S	1186	1876	3062	0.00023
Pseudomonas sp. ATCC 13867	1294143	S	1064	1240	2304	0.00017
Pseudomonas sp. SCB32	2653853	S	1049	910	1959	0.00015
Pseudomonas sp. PDNC002	2811422	S	1016	822	1838	0.00014
Pseudomonas fluorescens	294	S	7977	8353	16330	0.00123
Pseudomonas protegens	380021	S	1644	1753	3397	0.00026
Pseudomonas putida	303	S	12444	20157	32601	0.00245
Pseudomonas oryzihabitans	47885	S	2104	484	2588	0.00019
Pseudomonas fulva	47880	S	1349	3918	5267	0.00040
Pseudomonas umsongensis	198618	S	16223	2741	18964	0.00142
Pseudomonas aeruginosa	287	S	6129	94741	100870	0.00758
Pseudomonas mendocina	300	S	2322	846	3168	0.00024
Pseudomonas alcaligenes	43263	S	2084	1261	3345	0.00025
Pseudomonas furukawaii	1149133	S	1151	320	1471	0.00011
Pseudomonas resinovorans	53412	S	1180	258	1438	0.00011
Pseudomonas stutzeri	316	S	7876	5230	13106	0.00098
Pseudomonas balearica	74829	S	1341	1534	2875	0.00022
Pseudomonas syringae	317	S	1797	4075	5872	0.00044
Pseudomonas viridiflava	33069	S	1178	175	1353	0.00010
Pseudomonas chlororaphis	587753	S	3602	4243	7845	0.00059
Pseudomonas monsensis	2745509	S	1981	2520	4501	0.00034
Pseudomonas psychrotolerans	237610	S	1949	455	2404	0.00018
Pseudomonas otitidis	319939	S	1940	426	2366	0.00018
Pseudomonas knackmussii	65741	S	1908	1616	3524	0.00026
Pseudomonas entomophila	312306	S	1645	776	2421	0.00018
Pseudomonas oryzae	1392877	S	1635	492	2127	0.00016
Pseudomonas campi	2731681	S	1206	166	1372	0.00010
Pseudomonas cavernae	2320867	S	1169	179	1348	0.00010
Pseudomonas guangdongensis	1245526	S	1086	336	1422	0.00011
Pseudomonas lalkuanensis	2604832	S	1004	184	1188	0.00009
Azotobacter chroococcum	353	S	1569	516	2085	0.00016
Azotobacter vinelandii	354	S	1175	7535	8710	0.00065
Salmonella enterica	28901	S	1051	56095	57146	0.00429
Serratia marcescens	615	S	1572	6495	8067	0.00061
Pantoea agglomerans	549	S	1655	1396	3051	0.00023
Pantoea dispersa	59814	S	1033	494	1527	0.00011
Thioalkalivibrio sulfidiphilus	1033854	S	1360	808	2168	0.00016
Thioalkalivibrio paradoxus	108010	S	1296	366	1662	0.00012
Thioalkalivibrio nitratireducens	186931	S	1264	324	1588	0.00012
Thioalkalivibrio sp. K90mix	396595	S	1077	137	1214	0.00009
Thioalkalivibrio versutus	106634	S	1060	141	1201	0.00009
Spiribacter sp. E85	2182432	S	2484	269	2753	0.00021
Acidihalobacter aeolianus	2792603	S	1100	160	1260	0.00009
Acidihalobacter ferrooxydans	1765967	S	1059	109	1168	0.00009
Halorhodospira halophila	1053	S	1122	135	1257	0.00009
Aquisalimonas sp. 2447	2740807	S	1244	88	1332	0.00010
Alkalilimnicola ehrlichii	351052	S	1201	157	1358	0.00010
Allochromatium vinosum	1049	S	1058	633	1691	0.00013
Candidatus Thiodictyon syntrophicum	1166950	S	2265	142	2407	0.00018
Marichromatium purpuratum	37487	S	1901	431	2332	0.00018
Thioflavicoccus mobilis	80679	S	1872	192	2064	0.00016
Thiocapsa bogorovii	521689	S	1627	106	1733	0.00013
Thiocystis violascens	73141	S	1290	133	1423	0.00011
Wenzhouxiangella marina	1579979	S	1331	98	1429	0.00011
Sulfurivermis fontis	1972068	S	1316	511	1827	0.00014
Guyparkeria halophila	47960	S	1227	293	1520	0.00011
Halomonas sp. THAF5a	2587844	S	1255	3602	4857	0.00036
Halomonas sp. 1513	1883416	S	1000	1472	2472	0.00019
Halomonas beimenensis	475662	S	1290	1034	2324	0.00017
Halomonas socia	1081866	S	1031	1163	2194	0.00016
Halomonas aestuarii	1897729	S	1016	1009	2025	0.00015
Salinicola tamaricis	1771309	S	1351	501	1852	0.00014
Halotalea alkalilenta	376489	S	1284	399	1683	0.00013
Alcanivorax sp. N3-2A	2014542	S	1064	1598	2662	0.00020
Aeromonas hydrophila	644	S	1429	8237	9666	0.00073
Methylococcus sp. EFPC2	2812648	S	1265	135	1400	0.00011
Methylococcus sp. Mc7	2860258	S	1044	466	1510	0.00011
Methylococcus capsulatus	414	S	1016	355	1371	0.00010
Methylomagnum ishizawai	1760988	S	1446	101	1547	0.00012
Methylomicrobium album	39775	S	1015	84	1099	0.00008
Methylogaea oryzae	1295382	S	1223	155	1378	0.00010
Methylocaldum marinum	1432792	S	1114	97	1211	0.00009
Solimonas sp. K1W22B-7	2303331	S	5130	498	5628	0.00042
Flagellatimonas centrodinii	2806210	S	1401	95	1496	0.00011
Steroidobacter denitrificans	465721	S	3897	1108	5005	0.00038
Sulfurifustis variabilis	1675686	S	4176	254	4430	0.00033
Sulfuricaulis limicola	1620215	S	1966	147	2113	0.00016
Immundisolibacter cernigliae	1810504	S	4186	699	4885	0.00037
Salinisphaera sp. LB1	2183911	S	1458	55	1513	0.00011
endosymbiont of unidentified scaly snail isolate Monju	1248727	S	1109	90	1199	0.00009
Sorangium cellulosum	56	S	77437	7652	85089	0.00639
Polyangium aurulentum	2567896	S	29765	2266	32031	0.00241
Chondromyces crocatus	52	S	8761	334	9095	0.00068
Sandaracinus amylolyticus	927083	S	24905	1180	26085	0.00196
Labilithrix luteola	1391654	S	15008	523	15531	0.00117
Corallococcus coralloides	184914	S	7596	2380	9976	0.00075
Corallococcus sp. EGB	1521117	S	4053	1201	5254	0.00039
Corallococcus macrosporus	35	S	3872	362	4234	0.00032
Myxococcus xanthus	34	S	5956	48021	53977	0.00406
Myxococcus hansupus	1297742	S	3282	152	3434	0.00026
Myxococcus stipitatus	83455	S	2883	150	3033	0.00023
Myxococcus sp. SCHIC003	2813577	S	2558	135	2693	0.00020
Pyxidicoccus sp. SCPEA002	2813578	S	10042	283	10325	0.00078
Anaeromyxobacter sp. Red232	2918170	S	13561	1213	14774	0.00111
Anaeromyxobacter sp. Fw109-5	404589	S	9693	1056	10749	0.00081
Anaeromyxobacter sp. Red630	2918171	S	8344	911	9255	0.00070
Anaeromyxobacter sp. K	447217	S	2086	3710	5796	0.00044
Anaeromyxobacter dehalogenans	161493	S	7068	4563	11631	0.00087
Archangium violaceum	83451	S	13371	2365	15736	0.00118
Archangium gephyra	48	S	6668	1409	8077	0.00061
Stigmatella aurantiaca	41	S	6845	370	7215	0.00054
Cystobacter fuscus	43	S	5484	1310	6794	0.00051
Melittangium boletus	83453	S	4276	918	5194	0.00039
Vulgatibacter incomptus	1391653	S	4280	258	4538	0.00034
Haliangium ochraceum	80816	S	10271	425	10696	0.00080
Geomonas sp. RF6	2897342	S	1694	195	1889	0.00014
Geomonas paludis	2740185	S	1322	596	1918	0.00014
Geomonas nitrogeniifigens	2847991	S	1236	568	1804	0.00014
Geomonas subterranea	2847989	S	1120	465	1585	0.00012
Geomonas oryzisoli	2847992	S	1051	515	1566	0.00012
Geobacter sp. FeAm09	2597769	S	1140	159	1299	0.00010
Geobacter sulfurreducens	35554	S	1232	278	1510	0.00011
Geobacter pickeringii	345632	S	1229	373	1602	0.00012
Citrifermentans bemidjiense	225194	S	1115	362	1477	0.00011
Citrifermentans bremense	60035	S	1056	374	1430	0.00011
Desulfuromonas versatilis	2802975	S	1873	335	2208	0.00017
Desulfuromonas sp. DDH964	1823759	S	1292	231	1523	0.00011
Desulfuromonas soudanensis	1603606	S	1144	132	1276	0.00010
Solidesulfovibrio carbinoliphilus	345370	S	1163	1180	2343	0.00018
Oceanidesulfovibrio marinus	370038	S	1183	334	1517	0.00011
Persicimonas caeni	2292766	S	3644	101	3745	0.00028
Bradymonas sediminis	1548548	S	1277	83	1360	0.00010
Desulfarculus baarsii	453230	S	1356	637	1993	0.00015
Gemmata obscuriglobus	114	S	12314	2052	14366	0.00108
Gemmata massiliana	1210884	S	5936	2295	8231	0.00062
Gemmata sp. SH-PL17	1630693	S	5547	2416	7963	0.00060
Urbifossiella limnaea	2528023	S	23618	1857	25475	0.00191
Frigoriglobus tundricola	2774151	S	14484	2106	16590	0.00125
Limnoglobus roseus	2598579	S	11092	469	11561	0.00087
Tuwongella immobilis	692036	S	1298	46	1344	0.00010
Telmatocola sphagniphila	1123043	S	1040	8	1048	0.00008
Lacipirellula parvula	2650471	S	16545	1418	17963	0.00135
Lacipirellula limnantheis	2528024	S	12057	1179	13236	0.00099
Botrimarina mediterranea	2528022	S	5429	389	5818	0.00044
Pirellulimonas nuda	2528009	S	4779	406	5185	0.00039
Aeoliella mucimassa	2527972	S	1952	123	2075	0.00016
Adhaeretor mobilis	1930276	S	1139	86	1225	0.00009
Anatilimnocola aggregata	2528021	S	4398	468	4866	0.00037
Rosistilla oblonga	2527990	S	1047	1085	2132	0.00016
Lignipirellula cremea	2528010	S	3368	368	3736	0.00028
Stieleria maiorica	2795974	S	1624	279	1903	0.00014
Stieleria neptunia	2527979	S	1596	153	1749	0.00013
Pirellula staleyi	125	S	1985	68	2053	0.00015
Bremerella volcania	2527984	S	2382	157	2539	0.00019
Roseimaritima ulvae	980254	S	1435	88	1523	0.00011
Paludisphaera borealis	1387353	S	16179	2903	19082	0.00143
Aquisphaera giovannonii	406548	S	15971	2268	18239	0.00137
Tautonia plasticadhaerens	2527974	S	14982	1084	16066	0.00121
Singulisphaera acidiphila	466153	S	9734	1167	10901	0.00082
Isosphaera pallida	128	S	1464	87	1551	0.00012
Planctomyces sp. SH-PL62	1636152	S	10704	3075	13779	0.00104
Planctomyces sp. SH-PL14	1632864	S	5586	352	5938	0.00045
Gimesia panareensis	2527978	S	1348	1050	2398	0.00018
Caulifigura coniformis	2527983	S	4590	301	4891	0.00037
Maioricimonas rarisocia	2528026	S	3365	443	3808	0.00029
Alienimonas californiensis	2527989	S	3058	223	3281	0.00025
Symmachiella dynata	2527995	S	1700	105	1805	0.00014
Humisphaera borealis	2807512	S	5810	128	5938	0.00045
Phycisphaera mikurensis	547188	S	2642	190	2832	0.00021
Mucisphaera calidilacus	2527982	S	1144	55	1199	0.00009
Opitutus sp. GAS368	1882749	S	11037	1466	12503	0.00094
Opitutus terrae	107709	S	7336	315	7651	0.00057
Lacunisphaera limnophila	1838286	S	9322	1216	10538	0.00079
Nibricoccus aquaticus	2576891	S	8442	345	8787	0.00066
Oleiharenicola sp. KSB-15	2862869	S	3497	172	3669	0.00028
Ereboglobus luteus	1796921	S	2230	108	2338	0.00018
Roseimicrobium sp. ORNL1	2711231	S	5213	176	5389	0.00040
Verrucomicrobium sp. GAS474	1882831	S	2055	216	2271	0.00017
Verrucomicrobium spinosum	2736	S	1759	104	1863	0.00014
Luteolibacter ambystomatis	2824561	S	1679	117	1796	0.00013
Luteolibacter luteus	2728835	S	1562	71	1633	0.00012
Chryseolinea soli	2321403	S	15873	2194	18067	0.00136
Niastella koreensis	354356	S	11230	1307	12537	0.00094
Panacibacter ginsenosidivorans	1813871	S	2763	185	2948	0.00022
Paraflavitalea soli	2315862	S	2741	259	3000	0.00023
Lacibacter sp. S13-6-6	2760713	S	1509	132	1641	0.00012
Flavobacterium commune	1306519	S	4658	4804	9462	0.00071
Mucilaginibacter ginsenosidivorans	398053	S	1820	1496	3316	0.00025
Pedobacter ginsengisoli	363852	S	1274	1113	2387	0.00018
Rhodothermus marinus	29549	S	2769	208	2977	0.00022
Rhodocaloribacter litoris	2558931	S	2568	401	2969	0.00022
Salinibacter ruber	146919	S	1718	52	1770	0.00013
Gemmatirosa kalamazoonesis	861299	S	49758	4143	53901	0.00405
Gemmatimonas groenlandica	2732249	S	7132	768	7900	0.00059
Gemmatimonas aurantiaca	173480	S	4990	480	5470	0.00041
Gemmatimonas phototrophica	1379270	S	4268	560	4828	0.00036
Granulicella sp. WH15	2602070	S	2121	341	2462	0.00018
Granulicella sp. 5B5	1617967	S	1698	245	1943	0.00015
Granulicella mallensis	940614	S	1634	178	1812	0.00014
Granulicella tundricola	940615	S	1458	175	1633	0.00012
Terriglobus roseus	392734	S	2318	416	2734	0.00021
Terriglobus albidus	1592106	S	1712	142	1854	0.00014
Terriglobus saanensis	870903	S	1157	130	1287	0.00010
Candidatus Koribacter versatilis	658062	S	4177	127	4304	0.00032
Acidobacterium capsulatum	33075	S	2058	242	2300	0.00017
Acidobacterium sp. 4Y35	2763107	S	1999	136	2135	0.00016
Edaphobacter sp. 12200R-103	2703788	S	2272	426	2698	0.00020
Acidisarcina polymorpha	2211140	S	1511	100	1611	0.00012
Paludibaculum fermentans	1473598	S	6629	149	6778	0.00051
Luteitalea sp. TBR-22	2802971	S	15683	2432	18115	0.00136
Luteitalea pratensis	1855912	S	14461	1422	15883	0.00119
Sulfidibacter corallicola	2818388	S	1655	30	1685	0.00013
Nitrospira moscoviensis	42253	S	2689	178	2867	0.00022
Nitrospira japonica	1325564	S	1392	124	1516	0.00011
Candidatus Nitrospira inopinata	1715989	S	1165	76	1241	0.00009
Fusarium acuminatum	5515	S	13642	1272	14914	0.00112
Fusarium oxysporum	5507	S	2758	1752	4510	0.00034
Cordyceps fumosorosea	114497	S	1396	162	1558	0.00012
Purpureocillium lilacinum	33203	S	2191	233	2424	0.00018
Drechmeria coniospora	98403	S	1083	78	1161	0.00009
Colletotrichum higginsianum	80884	S	1560	600	2160	0.00016
Thermothielavioides terrestris	2587410	S	1706	168	1874	0.00014
Thermothelomyces thermophilus	78579	S	1345	97	1442	0.00011
Botrytis cinerea	40559	S	3570	69	3639	0.00027
Pseudozyma flocculosa	84751	S	2036	111	2147	0.00016
Phytophthora cinnamomi	4785	S	1426	413	1839	0.00014
Phytophthora fragariae	53985	S	1237	361	1598	0.00012
