name	taxonomy_id	taxonomy_lvl	kraken_assigned_reads	added_reads	new_est_reads	fraction_total_reads
Bradyrhizobium	374	G	657455	56678	714133	0.07441
Afipia	1033	G	30476	4323	34799	0.00363
Rhodopseudomonas	1073	G	29509	5327	34836	0.00363
Nitrobacter	911	G	22360	1957	24317	0.00253
Tardiphaga	1395974	G	21730	1830	23560	0.00246
Variibacter	1649510	G	4460	226	4686	0.00049
Mesorhizobium	68287	G	162823	21791	184614	0.01924
Aminobacter	31988	G	5162	2698	7860	0.00082
Aquibium	2911176	G	4861	738	5599	0.00058
Nitratireductor	245876	G	3382	312	3694	0.00038
Phyllobacterium	28100	G	2556	161	2717	0.00028
Roseitalea	1915401	G	1511	162	1673	0.00017
Hoeflea	274591	G	1445	87	1532	0.00016
Oricola	1594166	G	1086	95	1181	0.00012
Rhizobium	379	G	77266	22851	100117	0.01043
Agrobacterium	357	G	19020	4663	23683	0.00247
Neorhizobium	1525371	G	5658	872	6530	0.00068
Pseudorhizobium	1903858	G	1687	214	1901	0.00020
Sinorhizobium	28105	G	11198	3255	14453	0.00151
Ensifer	106591	G	10507	1462	11969	0.00125
Shinella	323620	G	11413	5770	17183	0.00179
Ciceribacter	1648508	G	1118	150	1268	0.00013
Georhizobium	2661800	G	1019	143	1162	0.00012
Rhodoplanes	29407	G	82992	5108	88100	0.00918
Hyphomicrobium	81	G	11929	581	12510	0.00130
Methyloceanibacter	1484898	G	2360	104	2464	0.00026
Aquabacter	45402	G	1850	194	2044	0.00021
Methyloligella	1485594	G	1682	130	1812	0.00019
Rhodomicrobium	1068	G	1281	58	1339	0.00014
Caenibius	2827482	G	1266	466	1732	0.00018
Labrys	204476	G	48593	3363	51956	0.00541
Pseudolabrys	556257	G	24425	2369	26794	0.00279
Starkeya	152053	G	7125	1344	8469	0.00088
Xanthobacter	279	G	6657	1153	7810	0.00081
Ancylobacter	99	G	6628	1725	8353	0.00087
Azorhizobium	6	G	2258	337	2595	0.00027
Methylobacterium	407	G	58985	7632	66617	0.00694
Microvirga	186650	G	14919	1210	16129	0.00168
Methylorubrum	2282523	G	11880	3930	15810	0.00165
Bosea	85413	G	49765	5532	55297	0.00576
Devosia	46913	G	17081	1010	18091	0.00189
Youhaiella	1827478	G	1644	314	1958	0.00020
Paradevosia	1573407	G	1612	480	2092	0.00022
Nordella	169055	G	11259	413	11672	0.00122
Pseudorhodoplanes	1734920	G	5704	268	5972	0.00062
Terrihabitans	2874214	G	1513	112	1625	0.00017
Aureimonas	414371	G	8577	1189	9766	0.00102
Martelella	293088	G	4809	609	5418	0.00056
Aurantimonas	182269	G	2192	439	2631	0.00027
Methylocystis	133	G	7775	481	8256	0.00086
Methylosinus	425	G	3844	406	4250	0.00044
Phreatobacter	1632780	G	9840	1087	10927	0.00114
Stappia	152161	G	3520	455	3975	0.00041
Roseibium	150830	G	1850	179	2029	0.00021
Pannonibacter	227873	G	1800	844	2644	0.00028
Labrenzia	478070	G	1505	100	1605	0.00017
Methylocella	120652	G	2878	211	3089	0.00032
Methylovirgula	1156568	G	2340	145	2485	0.00026
Kaustia	2838250	G	2681	177	2858	0.00030
Parvibaculum	256616	G	1410	695	2105	0.00022
Pyruvatibacter	1742974	G	1002	101	1103	0.00011
Blastochloris	59282	G	5502	866	6368	0.00066
Chelatococcus	28209	G	5023	749	5772	0.00060
Kaistia	166953	G	4351	707	5058	0.00053
Brucella	234	G	3537	1147	4684	0.00049
Acuticoccus	1904377	G	3072	233	3305	0.00034
Lichenihabitans	2723776	G	2075	66	2141	0.00022
Hartmannibacter	1572860	G	2029	235	2264	0.00024
Breoghania	1406135	G	1850	164	2014	0.00021
Sphingomonas	13687	G	129223	14295	143518	0.01495
Sphingopyxis	165697	G	50979	8364	59343	0.00618
Sphingobium	165695	G	40222	18628	58850	0.00613
Novosphingobium	165696	G	27631	7448	35079	0.00366
Rhizorhabdus	1649486	G	15398	5524	20922	0.00218
Sphingosinithalassobacter	2676233	G	2970	544	3514	0.00037
Allosphingosinicella	2823232	G	2126	195	2321	0.00024
Sphingorhabdus	1434046	G	1765	90	1855	0.00019
Parasphingopyxis	1234545	G	1729	65	1794	0.00019
Blastomonas	150203	G	1697	256	1953	0.00020
Tardibacter	2685927	G	1275	676	1951	0.00020
Hankyongella	1763827	G	1092	153	1245	0.00013
Erythrobacter	1041	G	10307	2218	12525	0.00131
Porphyrobacter	1111	G	3646	831	4477	0.00047
Qipengyuania	1855416	G	6436	1442	7878	0.00082
Tsuneonella	2800686	G	4385	732	5117	0.00053
Altererythrobacter	361177	G	4367	881	5248	0.00055
Croceicoccus	1295327	G	4117	2116	6233	0.00065
Sphingosinicella	335405	G	5105	421	5526	0.00058
Polymorphobacter	1508451	G	2753	84	2837	0.00030
Sandaracinobacter	56358	G	1111	60	1171	0.00012
Azospirillum	191	G	29684	3006	32690	0.00341
Skermanella	204447	G	16309	1855	18164	0.00189
Nitrospirillum	1543705	G	2496	223	2719	0.00028
Indioceanicola	2478349	G	1703	182	1885	0.00020
Niveispirillum	1543704	G	1038	87	1125	0.00012
Roseomonas	125216	G	20388	2354	22742	0.00237
Rhodovastum	504465	G	4311	332	4643	0.00048
Komagataeibacter	1434011	G	3115	1237	4352	0.00045
Acidiphilium	522	G	2569	1057	3626	0.00038
Roseococcus	35812	G	2514	182	2696	0.00028
Sediminicoccus	1706033	G	2169	87	2256	0.00024
Lichenicola	2804525	G	1819	68	1887	0.00020
Acidibrevibacterium	2603324	G	1806	120	1926	0.00020
Acetobacter	434	G	1703	473	2176	0.00023
Gluconobacter	441	G	1253	276	1529	0.00016
Gluconacetobacter	89583	G	1156	198	1354	0.00014
Hypericibacter	2705399	G	9179	425	9604	0.00100
Magnetospirillum	13134	G	5559	90510	96069	0.01001
Rhodospirillum	1081	G	3184	286	3470	0.00036
Tistrella	171436	G	2336	745	3081	0.00032
Ferrovibrio	1231242	G	2030	98	2128	0.00022
Defluviicoccus	111830	G	1358	94	1452	0.00015
Stella	93	G	4929	261	5190	0.00054
Elioraea	457933	G	2219	87	2306	0.00024
Thalassospira	168934	G	1080	72	1152	0.00012
Paracoccus	265	G	16932	2536	19468	0.00203
Cereibacter	1653176	G	4201	1373	5574	0.00058
Rhodobacter	1060	G	4191	1151	5342	0.00056
Rhodovulum	34008	G	2706	491	3197	0.00033
Polymorphum	991903	G	1889	373	2262	0.00024
Paroceanicella	2683599	G	1718	453	2171	0.00023
Thioclava	285107	G	1277	155	1432	0.00015
Pikeienuella	2831955	G	1210	97	1307	0.00014
Pontivivens	1844015	G	1111	75	1186	0.00012
Pelagovum	2795377	G	1085	125	1210	0.00013
Sulfitobacter	60136	G	4394	862	5256	0.00055
Roseovarius	74030	G	4249	662	4911	0.00051
Salipiger	263377	G	3231	1033	4264	0.00044
Roseivivax	93682	G	2534	409	2943	0.00031
Celeribacter	875170	G	1914	755	2669	0.00028
Phaeobacter	302485	G	1723	325	2048	0.00021
Ruegeria	97050	G	1562	225	1787	0.00019
Leisingera	191028	G	1518	206	1724	0.00018
Pseudosulfitobacter	2854186	G	1241	361	1602	0.00017
Yangia	2919626	G	1129	181	1310	0.00014
Sagittula	58842	G	1081	439	1520	0.00016
Caulobacter	75	G	30911	3715	34626	0.00361
Brevundimonas	41275	G	21331	2485	23816	0.00248
Phenylobacterium	20	G	9952	1321	11273	0.00117
Asticcacaulis	76890	G	1895	117	2012	0.00021
Terricaulis	2768684	G	1157	30	1187	0.00012
Marinicauda	1649466	G	1438	198	1636	0.00017
Hyphomonas	85	G	1713	62	1775	0.00018
Burkholderia	32008	G	93163	69672	162835	0.01697
Cupriavidus	106589	G	90446	25876	116322	0.01212
Paraburkholderia	1822464	G	44552	3685	48237	0.00503
Caballeronia	1827195	G	20600	2543	23143	0.00241
Pandoraea	93217	G	20247	4030	24277	0.00253
Ralstonia	48736	G	14928	6183	21111	0.00220
Polynucleobacter	44013	G	1434	30	1464	0.00015
Variovorax	34072	G	75655	23642	99297	0.01035
Acidovorax	12916	G	20419	8686	29105	0.00303
Hydrogenophaga	47420	G	19671	7166	26837	0.00280
Rhodoferax	28065	G	16178	4273	20451	0.00213
Comamonas	283	G	11916	4534	16450	0.00171
Ramlibacter	174951	G	11585	3787	15372	0.00160
Polaromonas	52972	G	9787	726	10513	0.00110
Schlegelella	215579	G	6612	1622	8234	0.00086
Diaphorobacter	238749	G	6227	5550	11777	0.00123
Delftia	80865	G	5678	5066	10744	0.00112
Kinneretia	683756	G	5152	2286	7438	0.00078
Ottowia	219181	G	3280	481	3761	0.00039
Alicycliphilus	201096	G	2886	4246	7132	0.00074
Melaminivora	1649468	G	2392	1791	4183	0.00044
Serpentinimonas	2490452	G	1677	320	1997	0.00021
Verminephrobacter	364316	G	1414	147	1561	0.00016
Hylemonella	232523	G	1279	154	1433	0.00015
Pulveribacter	2678886	G	1114	496	1610	0.00017
Massilia	149698	G	57763	8382	66145	0.00689
Duganella	75654	G	4516	1194	5710	0.00060
Herbaspirillum	963	G	13307	1767	15074	0.00157
Janthinobacterium	29580	G	8890	2436	11326	0.00118
Collimonas	202907	G	4075	361	4436	0.00046
Noviherbaspirillum	1344552	G	2312	306	2618	0.00027
Achromobacter	222	G	25893	9198	35091	0.00366
Bordetella	517	G	21933	6981	28914	0.00301
Pigmentiphaga	152267	G	5493	533	6026	0.00063
Orrella	1921582	G	1689	425	2114	0.00022
Castellaniella	359336	G	1394	731	2125	0.00022
Alcaligenes	507	G	1229	255	1484	0.00015
Rhizobacter	212743	G	9881	1867	11748	0.00122
Aquincola	391952	G	8329	2421	10750	0.00112
Methylibium	316612	G	6978	1876	8854	0.00092
Sphaerotilus	34102	G	5639	2320	7959	0.00083
Rubrivivax	28067	G	4824	1307	6131	0.00064
Mitsuaria	65047	G	3652	628	4280	0.00045
Leptothrix	88	G	3363	935	4298	0.00045
Thiomonas	32012	G	3318	168	3486	0.00036
Xylophilus	54066	G	2544	605	3149	0.00033
Ideonella	36862	G	2105	1043	3148	0.00033
Roseateles	93681	G	1679	277	1956	0.00020
Aquabacterium	92793	G	1516	338	1854	0.00019
Tepidimonas	114248	G	1415	416	1831	0.00019
Paucibacter	318147	G	1110	160	1270	0.00013
Inhella	644355	G	1052	141	1193	0.00012
Sutterella	40544	G	1069	79	1148	0.00012
Usitatibacter	2803845	G	14111	948	15059	0.00157
Nitrosospira	35798	G	8854	277	9131	0.00095
Nitrosomonas	914	G	1653	136	1789	0.00019
Denitratisoma	311181	G	1997	798	2795	0.00029
Sulfuritalea	1054211	G	1600	213	1813	0.00019
Methyloversatilis	378210	G	1387	158	1545	0.00016
Sterolibacterium	157591	G	1082	244	1326	0.00014
Sideroxydans	314343	G	1500	236	1736	0.00018
Thiobacillus	919	G	2099	352	2451	0.00026
Sulfuritortus	1938335	G	1188	426	1614	0.00017
Sulfuriferula	1778653	G	1351	193	1544	0.00016
Sulfurimicrobium	2772198	G	1092	156	1248	0.00013
Thauera	33057	G	8744	4515	13259	0.00138
Azoarcus	12960	G	7680	2057	9737	0.00101
Nitrogeniibacter	2891294	G	2443	322	2765	0.00029
Aromatoleum	551759	G	7215	1802	9017	0.00094
Azospira	146937	G	4838	1833	6671	0.00070
Niveibacterium	1769726	G	1355	165	1520	0.00016
Dechloromonas	73029	G	2389	407	2796	0.00029
Ferribacterium	88875	G	1874	324	2198	0.00023
Chromobacterium	535	G	7174	1453	8627	0.00090
Jeongeupia	885864	G	2133	333	2466	0.00026
Paludibacterium	400060	G	1760	263	2023	0.00021
Pseudogulbenkiania	568394	G	1222	361	1583	0.00016
Vogesella	57739	G	1206	265	1471	0.00015
Aquitalea	407217	G	1053	188	1241	0.00013
Neisseria	482	G	2718	829	3547	0.00037
Crenobacter	1654931	G	1450	409	1859	0.00019
Casimicrobium	2706000	G	1187	420	1607	0.00017
Lysobacter	68	G	77772	10598	88370	0.00921
Stenotrophomonas	40323	G	37471	11731	49202	0.00513
Xanthomonas	338	G	31450	14975	46425	0.00484
Luteimonas	83614	G	15799	2580	18379	0.00192
Thermomonas	141948	G	11367	2636	14003	0.00146
Pseudoxanthomonas	83618	G	11167	3992	15159	0.00158
Arenimonas	490567	G	2811	449	3260	0.00034
Pseudolysobacter	2709666	G	1766	37	1803	0.00019
Rhodanobacter	75309	G	54679	9428	64107	0.00668
Dyella	231454	G	21461	3228	24689	0.00257
Luteibacter	242605	G	13242	1029	14271	0.00149
Frateuria	70411	G	10213	1789	12002	0.00125
Dokdonella	323413	G	5025	640	5665	0.00059
Aerosticca	2707020	G	2710	2526	5236	0.00055
Pseudomonas	286	G	232601	68148	300749	0.03134
Azotobacter	352	G	2907	5683	8590	0.00090
Halopseudomonas	2901189	G	1662	216	1878	0.00020
Marinobacter	2742	G	3614	239	3853	0.00040
Klebsiella	570	G	4003	27114	31117	0.00324
Raoultella	160674	G	1158	671	1829	0.00019
Enterobacter	547	G	4692	13629	18321	0.00191
Citrobacter	544	G	2326	3166	5492	0.00057
Cronobacter	413496	G	1272	290	1562	0.00016
Kosakonia	1330547	G	1170	176	1346	0.00014
Leclercia	83654	G	1081	615	1696	0.00018
Pantoea	53335	G	18586	2784	21370	0.00223
Erwinia	551	G	1785	268	2053	0.00021
Serratia	613	G	6869	1542	8411	0.00088
Dickeya	204037	G	1960	287	2247	0.00023
Pectobacterium	122277	G	1146	211	1357	0.00014
Edwardsiella	635	G	1152	2826	3978	0.00041
Thioalkalivibrio	106633	G	4411	722	5133	0.00053
Spiribacter	1335745	G	2805	209	3014	0.00031
Acidihalobacter	1765964	G	1991	150	2141	0.00022
Thiodictyon	53392	G	1594	85	1679	0.00017
Allochromatium	85072	G	1563	377	1940	0.00020
Marichromatium	85076	G	1318	252	1570	0.00016
Thioflavicoccus	156885	G	1305	114	1419	0.00015
Thiocapsa	1056	G	1051	57	1108	0.00012
Wenzhouxiangella	1676142	G	1574	73	1647	0.00017
Thiohalobacter	1273155	G	1172	153	1325	0.00014
Halomonas	2745	G	17326	2111	19437	0.00203
Cobetia	204286	G	1097	670	1767	0.00018
Alcanivorax	59753	G	2199	903	3102	0.00032
Aeromonas	642	G	9477	7479	16956	0.00177
Methylococcus	413	G	3182	350	3532	0.00037
Methylomonas	416	G	2245	133	2378	0.00025
Solimonas	413435	G	3160	270	3430	0.00036
Steroidobacter	469322	G	2317	469	2786	0.00029
Shewanella	22	G	3119	527	3646	0.00038
Microbulbifer	48073	G	2896	177	3073	0.00032
Sulfurifustis	1692042	G	2843	150	2993	0.00031
Sulfuricaulis	1744881	G	1326	84	1410	0.00015
Acidiferrobacter	986106	G	1016	16	1032	0.00011
Vibrio	662	G	3028	431	3459	0.00036
Legionella	445	G	2852	263	3115	0.00032
Acinetobacter	469	G	1699	577	2276	0.00024
Immundisolibacter	1934947	G	1814	248	2062	0.00021
Myxococcus	32	G	11309	35507	46816	0.00488
Corallococcus	83461	G	10755	502	11257	0.00117
Pyxidicoccus	224458	G	5332	140	5472	0.00057
Anaeromyxobacter	161492	G	27984	1567	29551	0.00308
Archangium	47	G	13945	1350	15295	0.00159
Stigmatella	40	G	3542	183	3725	0.00039
Cystobacter	42	G	3443	820	4263	0.00044
Melittangium	44	G	2684	573	3257	0.00034
Vulgatibacter	1524214	G	3209	187	3396	0.00035
Sorangium	39643	G	42160	4179	46339	0.00483
Polyangium	55	G	10418	849	11267	0.00117
Chondromyces	50	G	5059	206	5265	0.00055
Sandaracinus	1055688	G	15867	686	16553	0.00172
Labilithrix	1524217	G	11681	433	12114	0.00126
Haliangium	162027	G	7342	288	7630	0.00080
Geomonas	2651583	G	4917	747	5664	0.00059
Geobacter	28231	G	4444	445	4889	0.00051
Citrifermentans	2883512	G	1530	348	1878	0.00020
Desulfuromonas	890	G	3430	394	3824	0.00040
Desulfovibrio	872	G	3311	480	3791	0.00040
Pseudodesulfovibrio	2035811	G	3230	558	3788	0.00039
Solidesulfovibrio	2910984	G	2066	211	2277	0.00024
Desulfosarcina	2299	G	1442	225	1667	0.00017
Persicimonas	2766927	G	2538	84	2622	0.00027
Bdellovibrio	958	G	1655	45	1700	0.00018
Acidithiobacillus	119977	G	1203	88	1291	0.00013
Streptomyces	1883	G	1019712	189381	1209093	0.12599
Kitasatospora	2063	G	13706	3763	17469	0.00182
Yinghuangia	2805681	G	11251	1417	12668	0.00132
Streptacidiphilus	228398	G	8908	2019	10927	0.00114
Microbacterium	33882	G	101303	13718	115021	0.01199
Curtobacterium	2034	G	30963	5505	36468	0.00380
Agromyces	33877	G	22157	4122	26279	0.00274
Leifsonia	110932	G	16702	9420	26122	0.00272
Rathayibacter	33886	G	14337	2587	16924	0.00176
Clavibacter	1573	G	10045	4665	14710	0.00153
Leucobacter	55968	G	9937	1511	11448	0.00119
Agrococcus	46352	G	9176	1946	11122	0.00116
Protaetiibacter	2680004	G	5088	1146	6234	0.00065
Salinibacterium	235888	G	4050	510	4560	0.00048
Cryobacterium	69578	G	3731	425	4156	0.00043
Plantibacter	190323	G	3512	403	3915	0.00041
Frondihabitans	447237	G	3210	391	3601	0.00038
Herbiconiux	881616	G	2860	444	3304	0.00034
Microterricola	518733	G	2658	509	3167	0.00033
Microcella	337004	G	2472	677	3149	0.00033
Cnuibacter	1759331	G	2194	368	2562	0.00027
Frigoribacterium	96492	G	1905	433	2338	0.00024
Mycetocola	76634	G	1781	179	1960	0.00020
Gryllotalpicola	1195526	G	1741	262	2003	0.00021
Subtercola	120212	G	1701	112	1813	0.00019
Humibacter	427753	G	1440	248	1688	0.00018
Amnibacterium	1029631	G	1427	266	1693	0.00018
Chryseoglobus	1331730	G	1359	222	1581	0.00016
Marisediminicola	1230698	G	1084	105	1189	0.00012
Gulosibacter	256818	G	1058	235	1293	0.00013
Arthrobacter	1663	G	121284	26816	148100	0.01543
Pseudarthrobacter	1742993	G	20294	6503	26797	0.00279
Kocuria	57493	G	8913	2063	10976	0.00114
Sinomonas	596707	G	7757	1609	9366	0.00098
Micrococcus	1269	G	4175	2202	6377	0.00066
Paenarthrobacter	1742992	G	3654	1713	5367	0.00056
Glutamicibacter	1742989	G	2622	701	3323	0.00035
Rothia	32207	G	1819	590	2409	0.00025
Citricoccus	169133	G	1388	278	1666	0.00017
Pedococcus	2805645	G	9811	2587	12398	0.00129
Janibacter	53457	G	8828	2185	11013	0.00115
Phycicoccus	367298	G	8284	2042	10326	0.00108
Tetrasphaera	99479	G	6550	1530	8080	0.00084
Intrasporangium	53357	G	6397	1411	7808	0.00081
Arsenicicoccus	267408	G	2697	868	3565	0.00037
Cellulomonas	1707	G	33971	9738	43709	0.00455
Actinotalea	458839	G	2183	670	2853	0.00030
Oerskovia	162491	G	1815	493	2308	0.00024
Pseudactinotalea	1926259	G	1509	183	1692	0.00018
Paraoerskovia	665568	G	1269	278	1547	0.00016
Cellulosimicrobium	157920	G	10958	3898	14856	0.00155
Xylanimonas	186188	G	5453	1470	6923	0.00072
Isoptericola	254250	G	4143	1567	5710	0.00060
Ornithinimicrobium	125287	G	9256	1653	10909	0.00114
Serinicoccus	265976	G	6869	1611	8480	0.00088
Brachybacterium	43668	G	10649	1482	12131	0.00126
Brevibacterium	1696	G	11037	1771	12808	0.00133
Dermacoccus	57495	G	3082	909	3991	0.00042
Luteipulveratus	745364	G	2485	297	2782	0.00029
Allobranchiibius	2040262	G	1939	364	2303	0.00024
Yimella	908935	G	1185	202	1387	0.00014
Georgenia	154116	G	8240	1990	10230	0.00107
Ruania	626119	G	6773	666	7439	0.00078
Pengzhenrongella	2888818	G	2604	606	3210	0.00033
Luteimicrobium	754249	G	2293	588	2881	0.00030
Beutenbergia	84756	G	2685	369	3054	0.00032
Miniimonas	947525	G	2016	869	2885	0.00030
Sanguibacter	60919	G	3350	840	4190	0.00044
Kytococcus	57499	G	1426	422	1848	0.00019
Nocardioides	1839	G	282307	51285	333592	0.03476
Aeromicrobium	2040	G	17038	2764	19802	0.00206
Marmoricola	86795	G	5382	1752	7134	0.00074
Friedmanniella	53387	G	5103	859	5962	0.00062
Pimelobacter	2044	G	4031	1326	5357	0.00056
Mumia	1546255	G	2620	386	3006	0.00031
Micropruina	116071	G	1524	185	1709	0.00018
Microlunatus	29404	G	17174	1829	19003	0.00198
Tessaracoccus	72763	G	9039	1579	10618	0.00111
Brevilactibacter	2717325	G	3501	1170	4671	0.00049
Propionibacterium	1743	G	2919	885	3804	0.00040
Acidipropionibacterium	1912215	G	2910	973	3883	0.00040
Auraticoccus	1278221	G	2553	388	2941	0.00031
Raineyella	1911549	G	1379	156	1535	0.00016
Cutibacterium	1912216	G	1313	282	1595	0.00017
Arachnia	2801844	G	1301	82	1383	0.00014
Kribbella	182639	G	29391	3585	32976	0.00344
Actinopolymorpha	117156	G	5804	535	6339	0.00066
Mycolicibacterium	1866885	G	89762	13679	103441	0.01078
Mycobacterium	1763	G	81963	18891	100854	0.01051
Mycolicibacter	1073531	G	5813	2251	8064	0.00084
Mycobacteroides	670516	G	4736	970	5706	0.00059
Mycolicibacillus	2126281	G	1124	259	1383	0.00014
Nocardia	1817	G	54280	8121	62401	0.00650
Rhodococcus	1827	G	51440	11159	62599	0.00652
Corynebacterium	1716	G	29426	7164	36590	0.00381
Gordonia	2053	G	24924	4711	29635	0.00309
Skermania	59613	G	1184	116	1300	0.00014
Tsukamurella	2060	G	8173	1760	9933	0.00104
Dietzia	37914	G	4709	921	5630	0.00059
Tomitella	741759	G	2716	477	3193	0.00033
Amycolatopsis	1813	G	120666	19926	140592	0.01465
Pseudonocardia	1847	G	86372	12851	99223	0.01034
Saccharothrix	2071	G	14872	3479	18351	0.00191
Saccharopolyspora	1835	G	14653	2328	16981	0.00177
Kutzneria	43356	G	9798	1675	11473	0.00120
Saccharomonospora	1851	G	9425	1433	10858	0.00113
Allokutzneria	1137960	G	6317	1250	7567	0.00079
Actinoalloteichus	65496	G	5966	457	6423	0.00067
Lentzea	165301	G	5739	1006	6745	0.00070
Actinosynnema	40566	G	5411	1386	6797	0.00071
Kibdelosporangium	2029	G	4785	478	5263	0.00055
Alloactinosynnema	674734	G	3376	619	3995	0.00042
Prauserella	142577	G	1912	146	2058	0.00021
Allosaccharopolyspora	2893576	G	1527	277	1804	0.00019
Actinomadura	1988	G	212980	31607	244587	0.02549
Thermomonospora	2019	G	7231	1594	8825	0.00092
Nonomuraea	83681	G	36684	4969	41653	0.00434
Streptosporangium	2000	G	14287	2234	16521	0.00172
Thermobispora	147067	G	2968	544	3512	0.00037
Nocardiopsis	2013	G	9749	1568	11317	0.00118
Thermobifida	83677	G	4115	672	4787	0.00050
Streptomonospora	104204	G	2164	342	2506	0.00026
Spiractinospora	2913367	G	1506	79	1585	0.00017
Micromonospora	1873	G	93200	20390	113590	0.01184
Actinoplanes	1865	G	85800	12365	98165	0.01023
Couchioplanes	56433	G	22605	4809	27414	0.00286
Dactylosporangium	35753	G	14604	1334	15938	0.00166
Phytohabitans	907364	G	12677	1398	14075	0.00147
Plantactinospora	673534	G	9041	1379	10420	0.00109
Actinocatenispora	390988	G	8386	859	9245	0.00096
Catellatospora	53365	G	6718	1220	7938	0.00083
Polymorphospora	338583	G	4384	810	5194	0.00054
Natronosporangium	2920401	G	2362	132	2494	0.00026
Verrucosispora	84593	G	2007	1342	3349	0.00035
Salinispora	168694	G	1454	206	1660	0.00017
Blastococcus	38501	G	28930	7305	36235	0.00378
Modestobacter	88138	G	19718	5196	24914	0.00260
Geodermatophilus	1860	G	12892	3750	16642	0.00173
Nakamurella	53460	G	59166	8258	67424	0.00703
Frankia	1854	G	18858	1520	20378	0.00212
Actinomyces	1654	G	13018	1509	14527	0.00151
Schaalia	2529408	G	1664	292	1956	0.00020
Jiangella	281472	G	12027	1690	13717	0.00143
Bifidobacterium	1678	G	7154	1611	8765	0.00091
Catenulispora	414878	G	5008	584	5592	0.00058
Jatrophihabitans	1434010	G	4190	295	4485	0.00047
Stackebrandtia	283810	G	2372	174	2546	0.00027
Kineococcus	33981	G	2570	571	3141	0.00033
Epidermidibacterium	2078948	G	1493	567	2060	0.00021
Actinopolyspora	1849	G	1195	98	1293	0.00013
Conexibacter	191494	G	81960	10221	92181	0.00961
Miltoncostaea	2843200	G	16750	1822	18572	0.00194
Baekduia	2600304	G	34039	4734	38773	0.00404
Rubrobacter	42255	G	11536	428	11964	0.00125
Aquihabitans	1648491	G	9637	1365	11002	0.00115
Iamia	467975	G	4522	610	5132	0.00053
Actinomarinicola	2789775	G	4283	719	5002	0.00052
Ilumatobacter	682522	G	2221	121	2342	0.00024
Eggerthella	84111	G	1763	932	2695	0.00028
Olsenella	133925	G	1191	290	1481	0.00015
Collinsella	102106	G	1141	448	1589	0.00017
Egibacter	1747770	G	2617	126	2743	0.00029
Egicoccus	1755825	G	2311	292	2603	0.00027
Euzebya	908623	G	2187	147	2334	0.00024
Paenibacillus	44249	G	21630	2439	24069	0.00251
Brevibacillus	55080	G	2027	421	2448	0.00026
Cohnella	329857	G	1505	249	1754	0.00018
Priestia	2800373	G	8169	7338	15507	0.00162
Bacillus	1386	G	5742	11738	17480	0.00182
Geobacillus	129337	G	1337	407	1744	0.00018
Alicyclobacillus	29330	G	1386	131	1517	0.00016
Thermaerobacter	73918	G	3129	524	3653	0.00038
Symbiobacterium	2733	G	1282	390	1672	0.00017
Selenomonas	970	G	1628	110	1738	0.00018
Limnochorda	1676651	G	1205	45	1250	0.00013
Synechococcus	1129	G	7404	1048	8452	0.00088
Cyanobium	167375	G	1432	359	1791	0.00019
Nostoc	1177	G	1301	842	2143	0.00022
Leptolyngbya	47251	G	1191	161	1352	0.00014
Gloeobacter	33071	G	2034	108	2142	0.00022
Deinococcus	1298	G	15839	1497	17336	0.00181
Thermus	270	G	2131	185	2316	0.00024
Meiothermus	65551	G	1193	75	1268	0.00013
Oceanithermus	208447	G	1135	112	1247	0.00013
Truepera	332248	G	1086	51	1137	0.00012
Sphaerobacter	2056	G	3193	207	3400	0.00035
Roseiflexus	120961	G	2174	144	2318	0.00024
Tepidiforma	2682228	G	1786	69	1855	0.00019
Candidatus Promineofilum	1988031	G	1767	32	1799	0.00019
Ktedonosporobacter	2692417	G	1109	40	1149	0.00012
Fimbriimonas	1005038	G	1190	5	1195	0.00012
Gemmata	113	G	22876	1847	24723	0.00258
Urbifossiella	2807415	G	18580	1550	20130	0.00210
Frigoriglobus	2774146	G	12872	2056	14928	0.00156
Limnoglobus	2731450	G	9003	407	9410	0.00098
Aquisphaera	1511635	G	14205	1955	16160	0.00168
Paludisphaera	1763521	G	12939	2210	15149	0.00158
Tautonia	2680020	G	12830	902	13732	0.00143
Singulisphaera	466152	G	10304	1183	11487	0.00120
Isosphaera	127	G	1119	65	1184	0.00012
Planctomyces	118	G	15012	3204	18216	0.00190
Gimesia	1649453	G	3312	181	3493	0.00036
Caulifigura	2795778	G	2515	158	2673	0.00028
Alienimonas	2714737	G	2160	152	2312	0.00024
Maioricimonas	2795777	G	2107	265	2372	0.00025
Symmachiella	2795780	G	1059	62	1121	0.00012
Stieleria	2795973	G	2152	208	2360	0.00025
Lignipirellula	2795775	G	2120	238	2358	0.00025
Anatilimnocola	2807414	G	2074	214	2288	0.00024
Rosistilla	2795779	G	2010	138	2148	0.00022
Pirellula	123	G	1420	46	1466	0.00015
Bremerella	2714594	G	1280	86	1366	0.00014
Roseimaritima	1579506	G	1226	76	1302	0.00014
Lacipirellula	2691417	G	5005	349	5354	0.00056
Pirellulimonas	2795783	G	2712	298	3010	0.00031
Botrimarina	2795782	G	2333	216	2549	0.00027
Humisphaera	2807511	G	6006	150	6156	0.00064
Phycisphaera	666508	G	1940	180	2120	0.00022
Opitutus	178440	G	10734	1008	11742	0.00122
Lacunisphaera	1961799	G	3321	427	3748	0.00039
Nibricoccus	2576890	G	2271	92	2363	0.00025
Oleiharenicola	2100741	G	1813	87	1900	0.00020
Ereboglobus	2028344	G	1050	53	1103	0.00012
Verrucomicrobium	2735	G	2516	236	2752	0.00029
Luteolibacter	518753	G	2255	104	2359	0.00025
Roseimicrobium	1348508	G	1679	70	1749	0.00018
Niastella	354354	G	40263	989	41252	0.00430
Chitinophaga	79328	G	2758	63	2821	0.00029
Panacibacter	1874621	G	1586	24	1610	0.00017
Mucilaginibacter	423349	G	29149	1640	30789	0.00321
Pedobacter	84567	G	3448	199	3647	0.00038
Sphingobacterium	28453	G	1007	396	1403	0.00015
Hymenobacter	89966	G	11814	633	12447	0.00130
Pontibacter	323449	G	1343	179	1522	0.00016
Spirosoma	107	G	2770	153	2923	0.00030
Dyadobacter	120831	G	1098	83	1181	0.00012
Chryseolinea	1433993	G	1090	32	1122	0.00012
Flavobacterium	237	G	4867	985	5852	0.00061
Chryseobacterium	59732	G	1581	524	2105	0.00022
Alistipes	239759	G	2819	905	3724	0.00039
Bacteroides	816	G	1093	454	1547	0.00016
Prevotella	838	G	1144	127	1271	0.00013
Rhodothermus	29548	G	1952	90	2042	0.00021
Rhodocaloribacter	2893090	G	1924	169	2093	0.00022
Salinibacter	146918	G	1319	19	1338	0.00014
Chlorobaculum	256319	G	1113	119	1232	0.00013
Gemmatirosa	1706036	G	42206	3503	45709	0.00476
Gemmatimonas	173479	G	14916	374	15290	0.00159
Granulicella	940557	G	6366	608	6974	0.00073
Terriglobus	392733	G	4780	549	5329	0.00056
Candidatus Koribacter	658061	G	3906	124	4030	0.00042
Acidobacterium	33973	G	3720	286	4006	0.00042
Edaphobacter	388463	G	3261	393	3654	0.00038
Acidisarcina	2608728	G	1291	89	1380	0.00014
Paludibaculum	1649475	G	5519	130	5649	0.00059
Luteitalea	2004797	G	22771	1195	23966	0.00250
Chloracidobacterium	458032	G	1836	64	1900	0.00020
Sulfidibacter	2915177	G	1126	21	1147	0.00012
Nitrospira	1234	G	5512	75	5587	0.00058
Fusarium	5506	G	11006	890	11896	0.00124
Trichoderma	5543	G	3096	166	3262	0.00034
Metarhizium	5529	G	2042	355	2397	0.00025
Beauveria	5581	G	1825	122	1947	0.00020
Colletotrichum	5455	G	1052	255	1307	0.00014
Neopestalotiopsis	1562158	G	8639	202	8841	0.00092
Thermothielavioides	2609811	G	1082	95	1177	0.00012
Pyricularia	48558	G	1278	15	1293	0.00013
Botrytis	33196	G	3029	38	3067	0.00032
Aspergillus	5052	G	1861	178	2039	0.00021
Pseudozyma	63298	G	1401	248	1649	0.00017
Phytophthora	4783	G	4337	669	5006	0.00052
