name	taxonomy_id	taxonomy_lvl	kraken_assigned_reads	added_reads	new_est_reads	fraction_total_reads
Streptomyces sp. CB01881	2078691	S	29543	6799	36342	0.00347
Streptomyces sp. CdTB01	1725411	S	15507	5659	21166	0.00202
Streptomyces sp. SN-593	659352	S	15175	4160	19335	0.00185
Streptomyces sp. 3214.6	1882757	S	10773	4083	14856	0.00142
Streptomyces sp. So13.3	2136173	S	9934	2210	12144	0.00116
Streptomyces sp. BH-MK-02	2880933	S	8648	2317	10965	0.00105
Streptomyces sp. SCSIO 64649	2878388	S	7810	1608	9418	0.00090
Streptomyces sp. ZYC-3	2797636	S	7197	1855	9052	0.00086
Streptomyces sp. A2-16	2781734	S	6602	2672	9274	0.00089
Streptomyces sp. P3	2135430	S	6576	2131	8707	0.00083
Streptomyces sp. MA3_2.13	2867410	S	6567	969	7536	0.00072
Streptomyces sp. SCUT-3	2684469	S	6279	2835	9114	0.00087
Streptomyces sp. LRE541	2931983	S	6250	1853	8103	0.00077
Streptomyces sp. ST1015	1848900	S	6146	1618	7764	0.00074
Streptomyces sp. NA02950	2742137	S	5963	1458	7421	0.00071
Streptomyces sp. NHF165	2175864	S	5948	1216	7164	0.00068
Streptomyces sp. GQFP	2907545	S	5941	1302	7243	0.00069
Streptomyces sp. S4.7	2705439	S	5583	2343	7926	0.00076
Streptomyces sp. SAT1	1849967	S	5556	2567	8123	0.00078
Streptomyces sp. NEAU-sy36	2751189	S	5355	2536	7891	0.00075
Streptomyces sp. Z423-1	2730915	S	5212	1945	7157	0.00068
Streptomyces sp. 3025	2923272	S	5011	1062	6073	0.00058
Streptomyces sp. GMY02	1333528	S	4947	1067	6014	0.00057
Streptomyces sp. 891-h	2720714	S	4789	1051	5840	0.00056
Streptomyces sp. RTd22	1841249	S	4715	3185	7900	0.00075
Streptomyces sp. WAC 01438	2203204	S	4697	2010	6707	0.00064
Streptomyces sp. RPA4-2	2721244	S	4683	1791	6474	0.00062
Streptomyces sp. MBT27	1488356	S	4664	1680	6344	0.00061
Streptomyces sp. GS7	2692234	S	4589	1544	6133	0.00059
Streptomyces sp. NA04227	2742136	S	4529	1251	5780	0.00055
Streptomyces sp. AMCC400023	2056258	S	4487	2542	7029	0.00067
Streptomyces sp. BHT-5-2	2866715	S	4472	1769	6241	0.00060
Streptomyces sp. YIM 121038	2136401	S	4412	1643	6055	0.00058
Streptomyces sp. MST-110588	2833628	S	4368	1289	5657	0.00054
Streptomyces sp. Go 40/10	2825844	S	4367	2558	6925	0.00066
Streptomyces sp. DSM 40868	2721173	S	4334	2033	6367	0.00061
Streptomyces sp. Rer75	2750011	S	4209	3141	7350	0.00070
Streptomyces sp. C8S0	2585716	S	4141	1415	5556	0.00053
Streptomyces sp. JB150	2714844	S	4135	1757	5892	0.00056
Streptomyces sp. MG28	2865673	S	4069	2000	6069	0.00058
Streptomyces sp. MG62	2838015	S	4020	1962	5982	0.00057
Streptomyces sp. W1SF4	2305220	S	3938	1742	5680	0.00054
Streptomyces sp. HM190	2695266	S	3920	1584	5504	0.00053
Streptomyces sp. AgN23	1188315	S	3891	4475	8366	0.00080
Streptomyces sp. QHH-9511	2684468	S	3753	1274	5027	0.00048
Streptomyces sp. Go-475	2072505	S	3699	2225	5924	0.00057
Streptomyces sp. CMB-StM0423	2059884	S	3673	2857	6530	0.00062
Streptomyces sp. BJ20	2930049	S	3654	1870	5524	0.00053
Streptomyces sp. SirexAA-E	862751	S	3620	1413	5033	0.00048
Streptomyces sp. S1D4-11	2721246	S	3494	3793	7287	0.00070
Streptomyces sp. SM18	1736046	S	3441	1245	4686	0.00045
Streptomyces sp. HSG2	2797167	S	3439	903	4342	0.00041
Streptomyces sp. 135	2838850	S	3162	1331	4493	0.00043
Streptomyces sp. SYP-A7193	2662065	S	3039	2595	5634	0.00054
Streptomyces sp. WAC 01529	2203205	S	2986	1355	4341	0.00041
Streptomyces sp. HP-A2021	2927875	S	2975	2164	5139	0.00049
Streptomyces sp. Tu 2975	2676871	S	2951	1161	4112	0.00039
Streptomyces sp. jing01	2726118	S	2871	2065	4936	0.00047
Streptomyces sp. fd1-xmd	1812480	S	2777	1693	4470	0.00043
Streptomyces sp. INR7	2607753	S	2629	1929	4558	0.00044
Streptomyces sp. CB09001	2083284	S	2621	2325	4946	0.00047
Streptomyces sp. MOE7	1961713	S	2556	3891	6447	0.00062
Streptomyces sp. SUK 48	2582831	S	2524	2137	4661	0.00045
Streptomyces sp. TN58	234612	S	2486	1606	4092	0.00039
Streptomyces sp. WAC 06738	2203210	S	2252	3981	6233	0.00060
Streptomyces sp. HF10	2692233	S	2134	2040	4174	0.00040
Streptomyces sp. WY228	2855836	S	2096	1500	3596	0.00034
Streptomyces sp. 769	1262452	S	2059	2043	4102	0.00039
Streptomyces sp. CNQ-509	444103	S	2056	3549	5605	0.00054
Streptomyces sp. Mg1	465541	S	1991	3138	5129	0.00049
Streptomyces sp. CCM_MD2014	1561022	S	1959	2717	4676	0.00045
Streptomyces sp. YPW6	2840373	S	1833	1261	3094	0.00030
Streptomyces sp. ADI95-16	1522758	S	1830	2712	4542	0.00043
Streptomyces sp. M2	646637	S	1795	19681	21476	0.00205
Streptomyces sp. CRSS-Y-16	2906474	S	1728	20043	21771	0.00208
Streptomyces sp. 2323.1	1938841	S	1680	1291	2971	0.00028
Streptomyces sp. XC 2026	2782004	S	1546	1686	3232	0.00031
Streptomyces sp. RPA4-5	2721245	S	1543	1273	2816	0.00027
Streptomyces sp. RLB1-33	2721243	S	1433	5934	7367	0.00070
Streptomyces sp. NEAU-S7GS2	2202000	S	1396	1601	2997	0.00029
Streptomyces sp. 11-1-2	1851167	S	1332	3287	4619	0.00044
Streptomyces sp. EAS-AB2608	2779671	S	1327	3718	5045	0.00048
Streptomyces sp. S063	2005885	S	1274	1192	2466	0.00024
Streptomyces sp. 3211	1964449	S	1270	2879	4149	0.00040
Streptomyces sp. PBH53	1577075	S	1230	3319	4549	0.00043
Streptomyces sp. PAMC 26508	1265601	S	1229	9006	10235	0.00098
Streptomyces sp. ID38640	1265399	S	1215	1246	2461	0.00024
Streptomyces sp. S8	1837283	S	1161	1401	2562	0.00024
Streptomyces sp. WA6-1-16	2879427	S	1140	1612	2752	0.00026
Streptomyces rapamycinicus	1226757	S	8630	2339	10969	0.00105
Streptomyces hygroscopicus	1912	S	8275	13539	21814	0.00208
Streptomyces yatensis	155177	S	4809	4242	9051	0.00086
Streptomyces violaceusniger	68280	S	3703	2963	6666	0.00064
Streptomyces venezuelae	54571	S	22510	13444	35954	0.00343
Streptomyces cadmiisoli	2184053	S	4903	1357	6260	0.00060
Streptomyces aurantiacus	47760	S	4575	1232	5807	0.00055
Streptomyces qaidamensis	1783515	S	4030	1959	5989	0.00057
Streptomyces alboniger	132473	S	2346	1002	3348	0.00032
Streptomyces koyangensis	188770	S	1869	2236	4105	0.00039
Streptomyces lydicus	47763	S	13040	10581	23621	0.00226
Streptomyces bingchenggensis	379067	S	12277	2495	14772	0.00141
Streptomyces niveus	193462	S	10257	5109	15366	0.00147
Streptomyces chartreusis	1969	S	9270	4610	13880	0.00133
Streptomyces griseus	1911	S	3450	3637	7087	0.00068
Streptomyces anulatus	1892	S	2649	3414	6063	0.00058
Streptomyces microflavus	1919	S	1421	7974	9395	0.00090
Streptomyces globisporus	1908	S	1047	9730	10777	0.00103
Streptomyces albus	1888	S	9047	5281	14328	0.00137
Streptomyces griseorubiginosus	67304	S	8466	3159	11625	0.00111
Streptomyces aquilus	2548456	S	7909	2641	10550	0.00101
Streptomyces cattleya	29303	S	7790	2366	10156	0.00097
Streptomyces formicae	1616117	S	7554	2717	10271	0.00098
Streptomyces tsukubensis	83656	S	7111	1736	8847	0.00084
Streptomyces buecherae	2763006	S	7044	1894	8938	0.00085
Streptomyces seoulensis	73044	S	6799	2841	9640	0.00092
Streptomyces griseochromogenes	68214	S	6436	2009	8445	0.00081
Streptomyces lincolnensis	1915	S	6302	2055	8357	0.00080
Streptomyces armeniacus	83291	S	5966	878	6844	0.00065
Streptomyces collinus	42684	S	5941	4381	10322	0.00099
Streptomyces asoensis	249586	S	5866	1958	7824	0.00075
Streptomyces spectabilis	68270	S	5770	2131	7901	0.00075
Streptomyces capitiformicae	2014920	S	5594	990	6584	0.00063
Streptomyces griseoviridis	45398	S	5580	1988	7568	0.00072
Streptomyces bathyalis	2710756	S	5503	959	6462	0.00062
Streptomyces lunaelactis	1535768	S	5410	1235	6645	0.00063
Streptomyces broussonetiae	2686304	S	5267	1785	7052	0.00067
Streptomyces xinghaiensis	1038928	S	5262	1688	6950	0.00066
Streptomyces roseirectus	2768066	S	5247	1412	6659	0.00064
Streptomyces rimosus	1927	S	5246	5784	11030	0.00105
Streptomyces cyaneochromogenes	2496836	S	5231	1739	6970	0.00067
Streptomyces olivoreticuli	68246	S	5197	1585	6782	0.00065
Streptomyces ferrugineus	1413221	S	5097	1842	6939	0.00066
Streptomyces durmitorensis	319947	S	5030	1207	6237	0.00060
Streptomyces avermitilis	33903	S	5017	1607	6624	0.00063
Streptomyces davaonensis	348043	S	4996	1573	6569	0.00063
Streptomyces paludis	2282738	S	4935	1171	6106	0.00058
Streptomyces xanthii	2768069	S	4902	1607	6509	0.00062
Streptomyces roseochromogenus	285450	S	4865	1731	6596	0.00063
Streptomyces nodosus	40318	S	4844	1356	6200	0.00059
Streptomyces liangshanensis	2717324	S	4801	1314	6115	0.00058
Streptomyces fodineus	1904616	S	4766	1913	6679	0.00064
Streptomyces incarnatus	665007	S	4727	1563	6290	0.00060
Streptomyces antimycoticus	68175	S	4602	5883	10485	0.00100
Streptomyces griseocarneus	51201	S	4564	1720	6284	0.00060
Streptomyces vietnamensis	362257	S	4542	1694	6236	0.00060
Streptomyces harbinensis	1176198	S	4530	1293	5823	0.00056
Streptomyces actuosus	1885	S	4521	2120	6641	0.00063
Streptomyces genisteinicus	2768068	S	4502	1526	6028	0.00058
Streptomyces atratus	1893	S	4485	1005	5490	0.00052
Streptomyces luteoverticillatus	66425	S	4409	1575	5984	0.00057
Streptomyces dengpaensis	2049881	S	4399	1365	5764	0.00055
Streptomyces albulus	68570	S	4396	1473	5869	0.00056
Streptomyces antibioticus	1890	S	4349	1723	6072	0.00058
Streptomyces globosus	68209	S	4199	1662	5861	0.00056
Streptomyces hundungensis	1077946	S	4188	1449	5637	0.00054
Streptomyces phaeolivaceus	2653200	S	4186	1335	5521	0.00053
Streptomyces rectiverticillatus	173860	S	4172	1441	5613	0.00054
Streptomyces nigra	1827580	S	4102	1780	5882	0.00056
Streptomyces clavuligerus	1901	S	4078	1072	5150	0.00049
Streptomyces alboflavus	67267	S	4077	1257	5334	0.00051
Streptomyces aureoverticillatus	66871	S	4077	1225	5302	0.00051
Streptomyces gilvosporeus	553510	S	4069	1431	5500	0.00053
Streptomyces galilaeus	33899	S	3888	1458	5346	0.00051
Streptomyces ficellus	1977088	S	3723	1449	5172	0.00049
Streptomyces exfoliatus	1905	S	3721	1406	5127	0.00049
Streptomyces glaucescens	1907	S	3677	1757	5434	0.00052
Streptomyces katrae	68223	S	3659	1507	5166	0.00049
Streptomyces dangxiongensis	1442032	S	3646	1407	5053	0.00048
Streptomyces lavendulae	1914	S	3605	1386	4991	0.00048
Streptomyces inhibens	2293571	S	3603	1225	4828	0.00046
Streptomyces deccanensis	424188	S	3598	1765	5363	0.00051
Streptomyces pluripotens	1355015	S	3585	910	4495	0.00043
Streptomyces ambofaciens	1889	S	3511	2407	5918	0.00057
Streptomyces peucetius	1950	S	3488	1043	4531	0.00043
Streptomyces subrutilus	36818	S	3456	1413	4869	0.00047
Streptomyces calvus	67282	S	3451	1488	4939	0.00047
Streptomyces vinaceus	1960	S	3403	1357	4760	0.00045
Streptomyces pratensis	1169025	S	3382	933	4315	0.00041
Streptomyces fagopyri	2662397	S	3371	1324	4695	0.00045
Streptomyces cyanogenus	80860	S	3364	1698	5062	0.00048
Streptomyces chromofuscus	42881	S	3319	1425	4744	0.00045
Streptomyces prasinus	67345	S	3312	1179	4491	0.00043
Streptomyces viridosporus	67581	S	3284	1464	4748	0.00045
Streptomyces angustmyceticus	285578	S	3213	1467	4680	0.00045
Streptomyces kanamyceticus	1967	S	3193	1256	4449	0.00042
Streptomyces tendae	1932	S	3161	1459	4620	0.00044
Streptomyces nitrosporeus	28894	S	3161	989	4150	0.00040
Streptomyces tirandamycinicus	2174846	S	3143	1154	4297	0.00041
Streptomyces parvulus	146923	S	3143	1560	4703	0.00045
Streptomyces hawaiiensis	67305	S	3113	1581	4694	0.00045
Streptomyces finlayi	67296	S	3107	788	3895	0.00037
Streptomyces pactum	68249	S	3095	1412	4507	0.00043
Streptomyces coeruleorubidus	116188	S	3088	1730	4818	0.00046
Streptomyces mobaraensis	35621	S	3082	152475	155557	0.01486
Streptomyces spongiicola	1690221	S	3039	1418	4457	0.00043
Streptomyces pristinaespiralis	38300	S	3030	1341	4371	0.00042
Streptomyces qinzhouensis	2599401	S	2994	800	3794	0.00036
Streptomyces gobiensis	2875706	S	2919	590	3509	0.00034
Streptomyces gardneri	66892	S	2813	1319	4132	0.00039
Streptomyces rutgersensis	53451	S	2678	1465	4143	0.00040
Streptomyces nojiriensis	66374	S	2624	1299	3923	0.00037
Streptomyces huasconensis	1854574	S	2494	1112	3606	0.00034
Streptomyces tuirus	68278	S	2468	1429	3897	0.00037
Streptomyces cyaneogriseus	68192	S	1956	1779	3735	0.00036
Streptomyces coelicolor	1902	S	1380	19765	21145	0.00202
Streptomyces xiamenensis	408015	S	1859	1927	3786	0.00036
Streptomyces leeuwenhoekii	1437453	S	1840	1507	3347	0.00032
Streptomyces decoyicus	249567	S	1622	1073	2695	0.00026
Streptomyces auratus	114687	S	1510	1197	2707	0.00026
Streptomyces lydicamycinicus	1546107	S	1436	1028	2464	0.00024
Streptomyces platensis	58346	S	1282	1162	2444	0.00023
Kitasatospora sp. MMS16-BH015	2018025	S	26478	10173	36651	0.00350
Kitasatospora sp. NA04385	2742135	S	16175	12143	28318	0.00270
Kitasatospora aureofaciens	1894	S	18538	8899	27437	0.00262
Kitasatospora setae	2066	S	17068	12197	29265	0.00279
Kitasatospora albolonga	68173	S	1442	1564	3006	0.00029
Streptacidiphilus sp. P02-A3a	2704468	S	8552	2912	11464	0.00109
Streptacidiphilus sp. PB12-B1b	2705012	S	8131	3575	11706	0.00112
Streptacidiphilus bronchialis	2126346	S	9876	3561	13437	0.00128
Yinghuangia sp. ASG 101	2896848	S	20672	3594	24266	0.00232
Microbacterium sp. No. 7	1714373	S	3475	1657	5132	0.00049
Microbacterium sp. 4R-513	2567934	S	2835	628	3463	0.00033
Microbacterium sp. 10M-3C3	2483401	S	2590	1694	4284	0.00041
Microbacterium sp. JZ31	1906274	S	2367	754	3121	0.00030
Microbacterium sp. YJN-G	2763257	S	2099	961	3060	0.00029
Microbacterium sp. SSW1-51	2851650	S	2088	934	3022	0.00029
Microbacterium sp. SSW1-36	2851648	S	1990	696	2686	0.00026
Microbacterium sp. XT11	367477	S	1913	544	2457	0.00023
Microbacterium sp. BH-3-3-3	1906742	S	1887	539	2426	0.00023
Microbacterium sp. ABRD_28	2268461	S	1761	284	2045	0.00020
Microbacterium sp. H1-D42	2925844	S	1643	369	2012	0.00019
Microbacterium sp. cx-55	2875948	S	1640	282	1922	0.00018
Microbacterium sp. NIBRBAC000506063	2734618	S	1635	717	2352	0.00022
Microbacterium sp. Y-01	2048898	S	1630	1193	2823	0.00027
Microbacterium sp. PM5	2014534	S	1629	367	1996	0.00019
Microbacterium sp. LKL04	912630	S	1566	444	2010	0.00019
Microbacterium sp. A18JL241	2782166	S	1528	508	2036	0.00019
Microbacterium sp. CBA3102	2603598	S	1415	714	2129	0.00020
Microbacterium sp. TPU 3598	1938334	S	1314	751	2065	0.00020
Microbacterium sp. 1S1	2606451	S	1298	1410	2708	0.00026
Microbacterium sp. Nx66	2766784	S	1087	1748	2835	0.00027
Microbacterium foliorum	104336	S	6772	1588	8360	0.00080
Microbacterium oleivorans	273677	S	3285	667	3952	0.00038
Microbacterium hominis	162426	S	3283	12607	15890	0.00152
Microbacterium cremeum	2782169	S	2761	601	3362	0.00032
Microbacterium atlanticum	2782168	S	2606	592	3198	0.00031
Microbacterium oxydans	82380	S	2363	2366	4729	0.00045
Microbacterium lemovicicum	1072463	S	2351	546	2897	0.00028
Microbacterium resistens	156977	S	2277	430	2707	0.00026
Microbacterium protaetiae	2509458	S	2207	487	2694	0.00026
Microbacterium sediminis	904291	S	2162	1001	3163	0.00030
Microbacterium pygmaeum	370764	S	2082	264	2346	0.00022
Microbacterium oryzae	743009	S	1986	601	2587	0.00025
Microbacterium testaceum	2033	S	1973	372	2345	0.00022
Microbacterium caowuchunii	2614638	S	1893	367	2260	0.00022
Microbacterium aurum	36805	S	1864	606	2470	0.00024
Microbacterium wangchenii	2541726	S	1805	450	2255	0.00022
Microbacterium esteraromaticum	57043	S	1741	416	2157	0.00021
Microbacterium luteum	2782167	S	1728	726	2454	0.00023
Microbacterium lushaniae	2614639	S	1695	433	2128	0.00020
Microbacterium chocolatum	84292	S	1686	385	2071	0.00020
Microbacterium hydrocarbonoxydans	273678	S	1513	305	1818	0.00017
Microbacterium schleiferi	69362	S	1254	435	1689	0.00016
Leifsonia sp. 21MFCrub1.1	1798223	S	7281	8041	15322	0.00146
Leifsonia sp. PS1209	2724914	S	6518	1805	8323	0.00079
Leifsonia sp. ZF2019	2781978	S	5872	1621	7493	0.00072
Leifsonia shinshuensis	150026	S	16483	4780	21263	0.00203
Leifsonia xyli	1575	S	3000	435	3435	0.00033
Agromyces sp. H17E-10	2932244	S	3419	1133	4552	0.00043
Agromyces sp. LHK192	2498704	S	2959	869	3828	0.00037
Agromyces sp. CFWR-12	2929802	S	2438	1378	3816	0.00036
Agromyces soli	659012	S	3162	1174	4336	0.00041
Agromyces flavus	589382	S	3032	974	4006	0.00038
Agromyces aureus	453304	S	2948	857	3805	0.00036
Agromyces archimandritae	2781962	S	2452	727	3179	0.00030
Agromyces protaetiae	2509455	S	2448	721	3169	0.00030
Agromyces marinus	1389020	S	2299	857	3156	0.00030
Agromyces intestinalis	2592652	S	2135	1147	3282	0.00031
Agromyces laixinhei	2585717	S	1947	457	2404	0.00023
Agromyces badenianii	2080742	S	1940	649	2589	0.00025
Curtobacterium sp. BH-2-1-1	1905847	S	3458	1582	5040	0.00048
Curtobacterium sp. L6-1	2841594	S	1921	764	2685	0.00026
Curtobacterium sp. YC1	2795488	S	1512	911	2423	0.00023
Curtobacterium sp. MR_MD2014	1561023	S	1449	1165	2614	0.00025
Curtobacterium sp. TC1	2862880	S	1302	1288	2590	0.00025
Curtobacterium sp. 24E2	2804758	S	1143	1202	2345	0.00022
Curtobacterium sp. SGAir0471	2070337	S	1008	2023	3031	0.00029
Curtobacterium flaccumfaciens	2035	S	2984	1476	4460	0.00043
Curtobacterium luteum	33881	S	1911	716	2627	0.00025
Rathayibacter sp. VKM Ac-2759	2609252	S	2546	1005	3551	0.00034
Rathayibacter sp. VKM Ac-2760	2609253	S	2245	1431	3676	0.00035
Rathayibacter sp. VKM Ac-2804	2609257	S	1610	1456	3066	0.00029
Rathayibacter sp. VKM Ac-2801	2609255	S	1051	1961	3012	0.00029
Rathayibacter festucae	110937	S	2500	2881	5381	0.00051
Rathayibacter tanaceti	1671680	S	1515	416	1931	0.00018
Clavibacter michiganensis	28447	S	10794	12001	22795	0.00218
Clavibacter zhangzhiyongii	2768071	S	1311	691	2002	0.00019
Leucobacter sp. H25R-14	2932245	S	1763	1531	3294	0.00031
Leucobacter sp. NB 10	2873270	S	1713	938	2651	0.00025
Leucobacter sp. Psy1	2875729	S	1252	381	1633	0.00016
Leucobacter sp. CX169	2813744	S	1172	506	1678	0.00016
Leucobacter muris	1935379	S	1751	672	2423	0.00023
Leucobacter triazinivorans	1784719	S	1746	1149	2895	0.00028
Agrococcus sp. SGAir0287	2070347	S	2730	889	3619	0.00035
Agrococcus sp. Marseille-Q4369	2810513	S	2444	902	3346	0.00032
Agrococcus sp. SCSIO52902	2933290	S	2389	1229	3618	0.00035
Agrococcus jejuensis	399736	S	2798	953	3751	0.00036
Agrococcus carbonis	684552	S	2464	1203	3667	0.00035
Protaetiibacter intestinalis	2419774	S	2816	1097	3913	0.00037
Protaetiibacter sp. SSC-01	2759943	S	2580	1032	3612	0.00034
Protaetiibacter larvae	2592654	S	2083	718	2801	0.00027
Salinibacterium sp. ZJ450	2708338	S	1815	317	2132	0.00020
Salinibacterium sp. ZJ70	2708084	S	1643	466	2109	0.00020
Salinibacterium sp. dk2585	2603292	S	1195	241	1436	0.00014
Cryobacterium sp. LW097	1978566	S	1596	422	2018	0.00019
Cryobacterium soli	2220095	S	1259	835	2094	0.00020
Cryobacterium arcticum	670052	S	1008	986	1994	0.00019
Frondihabitans sp. PAMC 28766	1795630	S	2725	395	3120	0.00030
Frondihabitans sp. 762G35	1446794	S	2183	499	2682	0.00026
Microterricola viridarii	412690	S	4242	1134	5376	0.00051
Microcella flavibacter	1804990	S	2350	1203	3553	0.00034
Microcella alkaliphila	279828	S	1409	265	1674	0.00016
Cnuibacter physcomitrellae	1619308	S	3033	707	3740	0.00036
Gryllotalpicola protaetiae	2419771	S	3012	630	3642	0.00035
Humibacter sp. WJ7-1	2599293	S	2941	686	3627	0.00035
Herbiconiux sp. SALV-R1	2735133	S	2763	597	3360	0.00032
Frigoribacterium sp. NBH87	2596916	S	2638	836	3474	0.00033
Subtercola sp. AK-R2A1-2	2895559	S	1585	167	1752	0.00017
Amnibacterium sp. L3-i23	2905871	S	2012	518	2530	0.00024
Marisediminicola antarctica	674079	S	1594	215	1809	0.00017
Gulosibacter sediminis	1729695	S	1575	475	2050	0.00020
Diaminobutyricimonas sp. LJ205	2683590	S	1522	308	1830	0.00017
Glaciihabitans sp. INWT7	2596912	S	1478	127	1605	0.00015
Agreia sp. COWG	2773266	S	1295	172	1467	0.00014
Arthrobacter sp. NicSoilC5	2831000	S	13987	7035	21022	0.00201
Arthrobacter sp. QXT-31	1357915	S	3851	1146	4997	0.00048
Arthrobacter sp. FW305-BF8	2879617	S	3187	921	4108	0.00039
Arthrobacter sp. NicSoilB8	2830998	S	2990	806	3796	0.00036
Arthrobacter sp. PM3	2017685	S	2873	417	3290	0.00031
Arthrobacter sp. KBS0702	2578107	S	2789	1136	3925	0.00037
Arthrobacter sp. FW306-06-A	2879621	S	2644	6745	9389	0.00090
Arthrobacter sp. PAMC25564	2565366	S	2610	749	3359	0.00032
Arthrobacter sp. 24S4-2	2575374	S	2498	586	3084	0.00029
Arthrobacter sp. UKPF54-2	2600159	S	2465	1060	3525	0.00034
Arthrobacter sp. QL17	2895818	S	2435	625	3060	0.00029
Arthrobacter sp. FW306-2-2C-D06B	2879618	S	2338	498	2836	0.00027
Arthrobacter sp. U41	1849032	S	2315	675	2990	0.00029
Arthrobacter sp. NicSoilB4	2830997	S	2198	716	2914	0.00028
Arthrobacter sp. ERGS1:01	1704044	S	2184	480	2664	0.00025
Arthrobacter sp. FB24	290399	S	2156	663	2819	0.00027
Arthrobacter sp. PGP41	2079227	S	2108	694	2802	0.00027
Arthrobacter sp. StoSoilB19	2830994	S	1969	6556	8525	0.00081
Arthrobacter sp. FW306-07-I	2879622	S	1929	7795	9724	0.00093
Arthrobacter sp. Helios	2828862	S	1903	353	2256	0.00022
Arthrobacter sp. NicSoilB11	2830999	S	1894	5479	7373	0.00070
Arthrobacter sp. PAMC25284	2861279	S	1802	509	2311	0.00022
Arthrobacter sp. zg-Y462	2886936	S	1757	411	2168	0.00021
Arthrobacter sp. FW306-05-C	2879620	S	1570	5918	7488	0.00072
Arthrobacter sp. zg-Y809	2886940	S	1258	550	1808	0.00017
Arthrobacter sp. PAMC 25486	1494608	S	1153	221	1374	0.00013
Arthrobacter crystallopoietes	37928	S	6765	1357	8122	0.00078
Arthrobacter sulfonylureivorans	2486855	S	4585	797	5382	0.00051
Arthrobacter agilis	37921	S	3617	567	4184	0.00040
Arthrobacter woluwensis	156980	S	2023	497	2520	0.00024
Arthrobacter dokdonellae	2211210	S	2007	390	2397	0.00023
Arthrobacter jiangjiafuii	2817475	S	1708	545	2253	0.00022
Arthrobacter alpinus	656366	S	1241	2533	3774	0.00036
Arthrobacter sunyaminii	2816859	S	1028	418	1446	0.00014
Sinomonas atrocyanea	37927	S	18193	5856	24049	0.00230
Sinomonas sp. R1AF57	2020377	S	5207	1162	6369	0.00061
Pseudarthrobacter sp. NIBRBAC000502770	2590785	S	2008	5551	7559	0.00072
Pseudarthrobacter sp. NIBRBAC000502771	2590774	S	2007	6424	8431	0.00081
Pseudarthrobacter sp. BIM B-2242	2772401	S	1732	478	2210	0.00021
Pseudarthrobacter sp. L1SW	2851598	S	1579	693	2272	0.00022
Pseudarthrobacter sp. NBSH8	2596911	S	1035	567	1602	0.00015
Pseudarthrobacter phenanthrenivorans	361575	S	1602	813	2415	0.00023
Pseudarthrobacter chlorophenolicus	85085	S	1584	798	2382	0.00023
Pseudarthrobacter equi	728066	S	1490	815	2305	0.00022
Pseudarthrobacter psychrotolerans	2697569	S	1205	762	1967	0.00019
Kocuria rosea	1275	S	2770	959	3729	0.00036
Kocuria flava	446860	S	2543	1293	3836	0.00037
Kocuria turfanensis	388357	S	2254	869	3123	0.00030
Kocuria palustris	71999	S	1439	565	2004	0.00019
Kocuria rhizophila	72000	S	1186	2394	3580	0.00034
Kocuria varians	1272	S	1076	804	1880	0.00018
Micrococcus luteus	1270	S	3319	6030	9349	0.00089
Micrococcus sp. KD337-16	2856555	S	1310	770	2080	0.00020
Glutamicibacter creatinolyticus	162496	S	1267	491	1758	0.00017
Glutamicibacter protophormiae	37930	S	1210	1723	2933	0.00028
Paenarthrobacter ureafaciens	37931	S	1120	2770	3890	0.00037
Rothia kristinae	37923	S	1572	971	2543	0.00024
Citricoccus sp. SGAir0253	2567881	S	2641	719	3360	0.00032
Intrasporangium calvum	53358	S	15430	4139	19569	0.00187
Janibacter melonis	262209	S	4832	1808	6640	0.00063
Janibacter limosus	53458	S	3194	965	4159	0.00040
Janibacter indicus	857417	S	1589	3955	5544	0.00053
Phycicoccus sp. HDW14	2714941	S	7030	2569	9599	0.00092
Phycicoccus endophyticus	1690220	S	5078	1653	6731	0.00064
Pedococcus dokdonensis	443156	S	10564	3487	14051	0.00134
Tetrasphaera sp. HKS02	1813880	S	8868	2597	11465	0.00109
Arsenicicoccus sp. oral taxon 190	1658671	S	4293	1763	6056	0.00058
Cellulomonas sp. Y8	2591145	S	4136	1932	6068	0.00058
Cellulomonas sp. H30R-01	2704467	S	4083	1750	5833	0.00056
Cellulomonas sp. zg-ZUI188	2819978	S	3840	1162	5002	0.00048
Cellulomonas sp. C5510	2871170	S	3418	1486	4904	0.00047
Cellulomonas sp. JZ18	2654191	S	3312	1551	4863	0.00046
Cellulomonas sp. zg-ZUI222	2816956	S	2962	1226	4188	0.00040
Cellulomonas sp. zg-ZUI157	2819979	S	2917	1105	4022	0.00038
Cellulomonas sp. EW123	2608402	S	2567	1649	4216	0.00040
Cellulomonas sp. PSBB021	2003551	S	2537	2170	4707	0.00045
Cellulomonas fimi	1708	S	3740	3127	6867	0.00066
Cellulomonas iranensis	76862	S	3311	1694	5005	0.00048
Cellulomonas shaoxiangyii	2566013	S	3205	1457	4662	0.00045
Cellulomonas gilvus	11	S	2837	1342	4179	0.00040
Cellulomonas flavigena	1711	S	2823	1173	3996	0.00038
Cellulomonas taurus	2729175	S	2233	779	3012	0.00029
Actinotalea sp. JY-7876	2758442	S	3256	1256	4512	0.00043
Oerskovia sp. KBS0722	1179673	S	2684	921	3605	0.00034
Pseudactinotalea sp. HY158	2654547	S	2419	379	2798	0.00027
Paraoerskovia marina	545619	S	1806	506	2312	0.00022
Cellulosimicrobium cellulans	1710	S	5786	8318	14104	0.00135
Cellulosimicrobium sp. BI34T	2587808	S	2424	1578	4002	0.00038
Xylanimonas protaetiae	2509457	S	3111	1453	4564	0.00044
Xylanimonas allomyrinae	2509459	S	2559	867	3426	0.00033
Xylanimonas cellulosilytica	186189	S	2517	962	3479	0.00033
Isoptericola variabilis	139208	S	3178	1787	4965	0.00047
Isoptericola dokdonensis	372663	S	2877	1203	4080	0.00039
Ornithinimicrobium avium	2283195	S	3803	1075	4878	0.00047
Ornithinimicrobium sp. HY006	2508882	S	2379	858	3237	0.00031
Ornithinimicrobium flavum	1288636	S	2718	935	3653	0.00035
Ornithinimicrobium ciconiae	2594265	S	2278	381	2659	0.00025
Ornithinimicrobium pratense	2593973	S	1818	560	2378	0.00023
Serinicoccus chungangensis	767452	S	2718	967	3685	0.00035
Serinicoccus hydrothermalis	1758689	S	2509	1171	3680	0.00035
Serinicoccus profundi	1078471	S	2365	890	3255	0.00031
Serinicoccus marinus	247333	S	2183	1064	3247	0.00031
Brachybacterium sp. CBA3105	2887346	S	2352	570	2922	0.00028
Brachybacterium sp. SGAir0954	2571029	S	2318	676	2994	0.00029
Brachybacterium sp. P6-10-X1	1903186	S	2026	369	2395	0.00023
Brachybacterium ginsengisoli	1331682	S	1980	588	2568	0.00025
Brachybacterium saurashtrense	556288	S	1961	570	2531	0.00024
Brachybacterium faecium	43669	S	1812	560	2372	0.00023
Brachybacterium vulturis	2017484	S	1410	515	1925	0.00018
Brachybacterium avium	2017485	S	1206	438	1644	0.00016
Brevibacterium sp. CS2	2575923	S	2083	927	3010	0.00029
Brevibacterium casei	33889	S	2271	3202	5473	0.00052
Brevibacterium linens	1703	S	1197	1726	2923	0.00028
Brevibacterium luteolum	199591	S	1173	517	1690	0.00016
Dermacoccus nishinomiyaensis	1274	S	2825	1310	4135	0.00039
Dermacoccus sp. PAMC28757	2762331	S	1895	753	2648	0.00025
Luteipulveratus mongoliensis	571913	S	3744	574	4318	0.00041
Allobranchiibius sp. GilTou73	2904523	S	3195	768	3963	0.00038
Yimella sp. cx-51	2770551	S	1788	395	2183	0.00021
Georgenia yuyongxinii	2589797	S	3333	872	4205	0.00040
Georgenia sp. TF02-10	2917725	S	3270	1255	4525	0.00043
Georgenia wutianyii	2585135	S	2933	1076	4009	0.00038
Georgenia faecalis	2483799	S	2790	808	3598	0.00034
Haloactinobacterium kanbiaonis	2675754	S	3505	539	4044	0.00039
Ruania sp. LR1S40	2897774	S	1982	440	2422	0.00023
Ruania sp. M4N3S171	2897773	S	1307	184	1491	0.00014
Ruania zhangjianzhongii	2603206	S	2131	227	2358	0.00023
Ruania alkalisoli	2779775	S	1424	239	1663	0.00016
Pengzhenrongella sicca	2819238	S	3726	1112	4838	0.00046
Luteimicrobium xylanilyticum	1133546	S	3611	1178	4789	0.00046
Beutenbergia cavernae	84757	S	4276	753	5029	0.00048
Miniimonas sp. S16	2171623	S	3025	1644	4669	0.00045
Sanguibacter keddieii	60920	S	2597	823	3420	0.00033
Sanguibacter sp. HDW7	2714931	S	2361	786	3147	0.00030
Gephyromycinifex aptenodytis	2716227	S	1197	161	1358	0.00013
Kytococcus sedentarius	1276	S	2185	2655	4840	0.00046
Mycobacterium mantenii	560555	S	6653	923	7576	0.00072
Mycobacterium avium	1764	S	6078	4979	11057	0.00106
Mycobacterium colombiense	339268	S	6073	1182	7255	0.00069
Mycobacterium marseillense	701042	S	4814	1371	6185	0.00059
Mycobacterium intracellulare	1767	S	2942	25744	28686	0.00274
Mycobacterium heidelbergense	53376	S	3605	961	4566	0.00044
Mycobacterium saskatchewanense	220927	S	3386	707	4093	0.00039
Mycobacterium parmense	185642	S	3119	662	3781	0.00036
Mycobacterium shigaense	722731	S	2483	383	2866	0.00027
Mycobacterium kubicae	120959	S	2476	493	2969	0.00028
Mycobacterium florentinum	292462	S	2291	541	2832	0.00027
Mycobacterium simiae	1784	S	2189	202	2391	0.00023
Mycobacterium lentiflavum	141349	S	2177	564	2741	0.00026
Mycobacterium stomatepiae	470076	S	2032	431	2463	0.00024
Mycobacterium sp. TY59	2775496	S	5921	2352	8273	0.00079
Mycobacterium sp. JS623	212767	S	2478	330	2808	0.00027
Mycobacterium sp. IDR2000157661	2867005	S	2079	649	2728	0.00026
Mycobacterium sp. EPa45	1545728	S	2033	713	2746	0.00026
Mycobacterium sp. DL592	2675524	S	1862	514	2376	0.00023
Mycobacterium sp. YC-RL4	1682113	S	1691	820	2511	0.00024
Mycobacterium sp. MS1601	1936029	S	1629	315	1944	0.00019
Mycobacterium sp. DL440	2675523	S	1421	487	1908	0.00018
Mycobacterium conspicuum	44010	S	3988	544	4532	0.00043
Mycobacterium paraterrae	577492	S	3908	498	4406	0.00042
Mycobacterium grossiae	1552759	S	3021	1023	4044	0.00039
Mycobacterium malmoense	1780	S	2912	515	3427	0.00033
Mycobacterium cookii	1775	S	2808	303	3111	0.00030
Mycobacterium rufum	318424	S	2804	984	3788	0.00036
Mycobacterium dioxanotrophicus	482462	S	2476	728	3204	0.00031
Mycobacterium branderi	43348	S	2420	336	2756	0.00026
Mycobacterium paraseoulense	590652	S	2316	552	2868	0.00027
Mycobacterium paragordonae	1389713	S	2256	321	2577	0.00025
Mycobacterium holsaticum	152142	S	2215	399	2614	0.00025
Mycobacterium goodii	134601	S	2135	1002	3137	0.00030
Mycobacterium seoulense	386911	S	2086	573	2659	0.00025
Mycobacterium diernhoferi	1801	S	1993	442	2435	0.00023
Mycobacterium frederiksbergense	117567	S	1992	759	2751	0.00026
Mycobacterium gordonae	1778	S	1950	193	2143	0.00020
Mycobacterium riyadhense	486698	S	1789	82	1871	0.00018
Mycobacterium kansasii	1768	S	1787	212	1999	0.00019
Mycobacterium heckeshornense	110505	S	1686	148	1834	0.00018
Mycobacterium lacus	169765	S	1659	133	1792	0.00017
Mycobacterium noviomagense	459858	S	1645	141	1786	0.00017
Mycobacterium vicinigordonae	1719132	S	1626	94	1720	0.00016
Mycobacterium koreense	1069220	S	1609	549	2158	0.00021
Mycobacterium shinjukuense	398694	S	1497	163	1660	0.00016
Mycobacterium ostraviense	2738409	S	1481	177	1658	0.00016
Mycobacterium crocinum	388459	S	1337	949	2286	0.00022
Mycobacterium xenopi	1789	S	1315	186	1501	0.00014
Mycobacterium basiliense	2094119	S	1299	50	1349	0.00013
Mycobacterium virginiense	1795032	S	1297	438	1735	0.00017
Mycobacterium spongiae	886343	S	1140	34	1174	0.00011
Mycolicibacterium fluoranthenivorans	258505	S	4812	682	5494	0.00052
Mycolicibacterium litorale	758802	S	4366	1388	5754	0.00055
Mycolicibacterium sp. YH-1	2908837	S	2113	1517	3630	0.00035
Mycolicibacterium smegmatis	1772	S	3301	2094	5395	0.00052
Mycolicibacterium aichiense	1799	S	3031	606	3637	0.00035
Mycolicibacterium sediminis	1286180	S	3020	592	3612	0.00034
Mycolicibacterium madagascariense	212765	S	2978	477	3455	0.00033
Mycolicibacterium rutilum	370526	S	2694	930	3624	0.00035
Mycolicibacterium neoaurum	1795	S	2685	715	3400	0.00032
Mycolicibacterium chubuense	1800	S	2682	711	3393	0.00032
Mycolicibacterium mageritense	53462	S	2676	534	3210	0.00031
Mycolicibacterium arabiense	1286181	S	2645	433	3078	0.00029
Mycolicibacterium hassiacum	46351	S	2642	799	3441	0.00033
Mycolicibacterium phlei	1771	S	2586	971	3557	0.00034
Mycolicibacterium fortuitum	1766	S	2527	1158	3685	0.00035
Mycolicibacterium phocaicum	319706	S	2501	1570	4071	0.00039
Mycolicibacterium parafortuitum	39692	S	2452	530	2982	0.00028
Mycolicibacterium vaccae	1810	S	2446	536	2982	0.00028
Mycolicibacterium chitae	1792	S	2391	625	3016	0.00029
Mycolicibacterium psychrotolerans	216929	S	2389	614	3003	0.00029
Mycolicibacterium monacense	85693	S	2302	1708	4010	0.00038
Mycolicibacterium pulveris	36813	S	2271	428	2699	0.00026
Mycolicibacterium duvalii	39688	S	2223	476	2699	0.00026
Mycolicibacterium moriokaense	39691	S	2202	298	2500	0.00024
Mycolicibacterium thermoresistibile	1797	S	2092	503	2595	0.00025
Mycolicibacterium tokaiense	39695	S	2074	365	2439	0.00023
Mycolicibacterium fallax	1793	S	2056	921	2977	0.00028
Mycolicibacterium poriferae	39694	S	2003	490	2493	0.00024
Mycolicibacterium confluentis	28047	S	1997	326	2323	0.00022
Mycolicibacterium baixiangningiae	2761578	S	1969	351	2320	0.00022
Mycolicibacterium rhodesiae	36814	S	1955	377	2332	0.00022
Mycolicibacterium boenickei	146017	S	1948	3302	5250	0.00050
Mycolicibacterium aurum	1791	S	1947	276	2223	0.00021
Mycolicibacterium gilvum	1804	S	1874	860	2734	0.00026
Mycolicibacterium anyangense	1431246	S	1850	334	2184	0.00021
Mycolicibacterium celeriflavum	1249101	S	1846	428	2274	0.00022
Mycolicibacterium insubricum	444597	S	1832	593	2425	0.00023
Mycolicibacterium gadium	1794	S	1784	284	2068	0.00020
Mycolicibacterium mengxianglii	2736649	S	1637	190	1827	0.00017
Mycolicibacterium mucogenicum	56689	S	1621	772	2393	0.00023
Mycolicibacterium helvum	1534349	S	1618	219	1837	0.00018
Mycolicibacterium austroafricanum	39687	S	1566	7756	9322	0.00089
Mycolicibacterium alvei	67081	S	1341	458	1799	0.00017
Mycobacterium doricum	126673	S	1311	343	1654	0.00016
Mycolicibacterium sarraceniae	1534348	S	1199	175	1374	0.00013
Mycolicibacter sp. MYC340	2855503	S	1112	1088	2200	0.00021
Mycolicibacter sp. MYC098	2872309	S	1081	1160	2241	0.00021
Mycolicibacter terrae	1788	S	1405	577	1982	0.00019
Mycolicibacter hiberniae	29314	S	1382	359	1741	0.00017
Mycobacteroides abscessus	36809	S	2227	2187	4414	0.00042
Mycobacteroides chelonae	1774	S	1349	1136	2485	0.00024
Mycolicibacillus parakoreensis	1069221	S	1734	620	2354	0.00022
Nocardia asteroides	1824	S	15460	5780	21240	0.00203
Nocardia terpenica	455432	S	9616	1844	11460	0.00109
Nocardia brasiliensis	37326	S	9480	2835	12315	0.00118
Nocardia nova	37330	S	7833	1183	9016	0.00086
Nocardia cyriacigeorgica	135487	S	6759	3225	9984	0.00095
Nocardia wallacei	480035	S	5958	1918	7876	0.00075
Nocardia farcinica	37329	S	5147	3356	8503	0.00081
Nocardia arthritidis	228602	S	4447	605	5052	0.00048
Nocardia tengchongensis	2055889	S	3804	1063	4867	0.00046
Nocardia huaxiensis	2755382	S	3804	826	4630	0.00044
Nocardia yamanashiensis	209247	S	3747	826	4573	0.00044
Nocardia otitidiscaviarum	1823	S	3714	797	4511	0.00043
Nocardia yunnanensis	2382165	S	3701	1026	4727	0.00045
Nocardia gipuzkoensis	2749991	S	3375	1433	4808	0.00046
Nocardia seriolae	37332	S	3367	1022	4389	0.00042
Nocardia sp. CS682	1047172	S	3262	881	4143	0.00040
Nocardia mangyaensis	2213200	S	3020	881	3901	0.00037
Nocardia iowensis	204891	S	2921	715	3636	0.00035
Rhodococcus sp. X156	2499145	S	2939	1036	3975	0.00038
Rhodococcus sp. MTM3W5.2	1805827	S	2827	737	3564	0.00034
Rhodococcus sp. W8901	2742603	S	2513	790	3303	0.00032
Rhodococcus sp. SGAir0479	2567884	S	2406	819	3225	0.00031
Rhodococcus sp. PBTS 1	1653478	S	2110	573	2683	0.00026
Rhodococcus sp. ABRD24	2507582	S	1480	311	1791	0.00017
Rhodococcus sp. R79	2811421	S	1426	2573	3999	0.00038
Rhodococcus sp. USK10	2789739	S	1158	2177	3335	0.00032
Rhodococcus sp. B7740	1564114	S	1146	191	1337	0.00013
Rhodococcus sp. P1Y	1302308	S	1030	108	1138	0.00011
Rhodococcus opacus	37919	S	6646	11869	18515	0.00177
Rhodococcus equi	43767	S	3816	1514	5330	0.00051
Rhodococcus fascians	1828	S	3189	799	3988	0.00038
Rhodococcus rhodochrous	1829	S	2102	1814	3916	0.00037
Rhodococcus triatomae	300028	S	1854	580	2434	0.00023
Rhodococcus koreensis	99653	S	1734	828	2562	0.00024
Rhodococcus coprophilus	38310	S	1504	280	1784	0.00017
Rhodococcus jostii	132919	S	1198	819	2017	0.00019
Rhodococcus pyridinivorans	103816	S	1055	6487	7542	0.00072
Rhodococcus ruber	1830	S	1052	5657	6709	0.00064
Corynebacterium cyclohexanicum	322009	S	5459	2042	7501	0.00072
Corynebacterium frankenforstense	1230998	S	1574	945	2519	0.00024
Corynebacterium bovis	36808	S	1515	640	2155	0.00021
Corynebacterium xerosis	1725	S	1502	2197	3699	0.00035
Corynebacterium sphenisci	191493	S	1474	686	2160	0.00021
Corynebacterium halotolerans	225326	S	1267	831	2098	0.00020
Corynebacterium nuruki	1032851	S	1110	593	1703	0.00016
Corynebacterium freneyi	134034	S	1093	1649	2742	0.00026
Gordonia sp. PP30	2935861	S	2159	704	2863	0.00027
Gordonia sp. YC-JH1	2059875	S	1624	1256	2880	0.00028
Gordonia sp. KTR9	337191	S	1556	694	2250	0.00021
Gordonia sp. PDNC005	2811424	S	1286	221	1507	0.00014
Gordonia polyisoprenivorans	84595	S	3517	956	4473	0.00043
Gordonia terrae	2055	S	2345	3700	6045	0.00058
Gordonia insulae	2420509	S	2158	484	2642	0.00025
Gordonia phthalatica	1136941	S	1876	860	2736	0.00026
Gordonia jinghuaiqii	2758710	S	1759	439	2198	0.00021
Gordonia amarae	36821	S	1735	403	2138	0.00020
Gordonia bronchialis	2054	S	1731	3124	4855	0.00046
Gordonia iterans	1004901	S	1706	629	2335	0.00022
Gordonia rubripertincta	36822	S	1495	1965	3460	0.00033
Gordonia pseudoamarae	2831662	S	1484	361	1845	0.00018
Gordonia otitidis	249058	S	1369	329	1698	0.00016
Gordonia zhaorongruii	2597659	S	1131	222	1353	0.00013
Skermania piniformis	39122	S	1930	239	2169	0.00021
Tsukamurella paurometabola	2061	S	3597	1793	5390	0.00051
Tsukamurella tyrosinosolvens	57704	S	2951	1317	4268	0.00041
Tsukamurella sp. PLM1	2929795	S	2124	700	2824	0.00027
Tsukamurella pulmonis	47312	S	2062	744	2806	0.00027
Dietzia sp. oral taxon 368	712270	S	1183	2181	3364	0.00032
Dietzia lutea	546160	S	1343	763	2106	0.00020
Dietzia psychralcaliphila	139021	S	1284	371	1655	0.00016
Dietzia timorensis	499555	S	1043	582	1625	0.00016
Tomitella gaofuii	2760083	S	2093	649	2742	0.00026
Tomitella fengzijianii	2597660	S	1998	668	2666	0.00025
Segniliparus rotundus	286802	S	1120	66	1186	0.00011
Pseudonocardia sp. DSM 110487	2865833	S	80865	12124	92989	0.00888
Pseudonocardia sp. CGMCC 4.1532	2761535	S	8249	4828	13077	0.00125
Pseudonocardia sp. HH130630-07	1690815	S	5880	4595	10475	0.00100
Pseudonocardia sp. AL041005-10	445576	S	4926	3754	8680	0.00083
Pseudonocardia sp. HH130629-09	1641402	S	3948	5137	9085	0.00087
Pseudonocardia dioxanivorans	240495	S	12618	3511	16129	0.00154
Pseudonocardia broussonetiae	2736640	S	11866	4043	15909	0.00152
Pseudonocardia abyssalis	2792008	S	6667	3438	10105	0.00097
Pseudonocardia autotrophica	2074	S	6619	1854	8473	0.00081
Amycolatopsis sp. WQ 127309	2932773	S	12279	3477	15756	0.00150
Amycolatopsis sp. DSM 110486	2865832	S	11722	2396	14118	0.00135
Amycolatopsis sp. Hca4	2742131	S	10610	3917	14527	0.00139
Amycolatopsis sp. FDAARGOS 1241	2778070	S	7851	1761	9612	0.00092
Amycolatopsis sp. CA-230715	2745196	S	6417	1016	7433	0.00071
Amycolatopsis sp. YIM 10	2653857	S	5526	1653	7179	0.00069
Amycolatopsis sp. FU40	2914159	S	4861	2105	6966	0.00067
Amycolatopsis sp. AA4	1896961	S	4318	2177	6495	0.00062
Amycolatopsis sp. BJA-103	1911175	S	3179	1278	4457	0.00043
Amycolatopsis sp. TNS106	2861750	S	2414	1417	3831	0.00037
Amycolatopsis sp. EV170708-02-1	2919322	S	2122	2084	4206	0.00040
Amycolatopsis pretoriensis	218821	S	12071	3947	16018	0.00153
Amycolatopsis mediterranei	33910	S	10951	9379	20330	0.00194
Amycolatopsis acidiphila	715473	S	8480	1875	10355	0.00099
Amycolatopsis keratiniphila	129921	S	3118	2640	5758	0.00055
Amycolatopsis japonica	208439	S	1692	1638	3330	0.00032
Amycolatopsis methanolica	1814	S	5390	2182	7572	0.00072
Amycolatopsis thermalba	944492	S	5265	2250	7515	0.00072
Amycolatopsis albispora	1804986	S	5118	2998	8116	0.00078
Amycolatopsis aidingensis	2842453	S	4264	523	4787	0.00046
Amycolatopsis orientalis	31958	S	3433	1180	4613	0.00044
Saccharopolyspora erythraea	1836	S	9267	3336	12603	0.00120
Saccharopolyspora gregorii	33914	S	4927	1052	5979	0.00057
Saccharopolyspora spinosa	60894	S	2469	1444	3913	0.00037
Saccharopolyspora pogona	333966	S	2160	2175	4335	0.00041
Saccharopolyspora sp. ASAGF58	2719023	S	1438	1607	3045	0.00029
Saccharothrix syringae	103733	S	7675	2756	10431	0.00100
Saccharothrix sp. 6-C	2781735	S	6480	2279	8759	0.00084
Saccharothrix espanaensis	103731	S	6067	1857	7924	0.00076
Kutzneria sp. CA-103260	2802641	S	9691	2183	11874	0.00113
Kutzneria albida	43357	S	6232	1494	7726	0.00074
Saccharomonospora marina	632569	S	3601	884	4485	0.00043
Saccharomonospora azurea	40988	S	2496	774	3270	0.00031
Saccharomonospora cyanea	40989	S	2226	837	3063	0.00029
Saccharomonospora xinjiangensis	75294	S	1931	342	2273	0.00022
Saccharomonospora glauca	40990	S	1685	625	2310	0.00022
Saccharomonospora viridis	1852	S	1568	256	1824	0.00017
Actinoalloteichus hymeniacidonis	340345	S	2962	1029	3991	0.00038
Actinoalloteichus hoggarensis	1470176	S	2722	2764	5486	0.00052
Actinosynnema pretiosum	42197	S	2599	7035	9634	0.00092
Kibdelosporangium phytohabitans	860235	S	6256	787	7043	0.00067
Lentzea guizhouensis	1586287	S	6207	1374	7581	0.00072
Allokutzneria albata	211114	S	5525	1388	6913	0.00066
Alloactinosynnema sp. L-07	1653480	S	4659	1081	5740	0.00055
Prauserella marina	530584	S	3105	298	3403	0.00032
Allosaccharopolyspora coralli	2665642	S	2451	557	3008	0.00029
Nocardioides sp. G188	2849501	S	13538	4456	17994	0.00172
Nocardioides sp. JS614	196162	S	6782	2103	8885	0.00085
Nocardioides sp. LMS-CY	2840457	S	6734	2314	9048	0.00086
Nocardioides sp. TF02-7	2917724	S	5281	1813	7094	0.00068
Nocardioides sp. HDW12B	2714939	S	5069	1784	6853	0.00065
Nocardioides sp. W7	2931390	S	5052	1796	6848	0.00065
Nocardioides sp. S-1144	2582905	S	4949	2012	6961	0.00066
Nocardioides sp. zg-579	2663857	S	4636	2447	7083	0.00068
Nocardioides sp. cx-173	2898796	S	4483	1616	6099	0.00058
Nocardioides sp. 603	2483798	S	4085	1970	6055	0.00058
Nocardioides sp. zg-1228	2763008	S	4040	1863	5903	0.00056
Nocardioides sp. InS609-2	2760705	S	3936	965	4901	0.00047
Nocardioides sp. S5	2017486	S	3877	2015	5892	0.00056
Nocardioides sp. SCSIO 67246	2872154	S	3638	1024	4662	0.00045
Nocardioides sp. MC1495	2736757	S	3509	1325	4834	0.00046
Nocardioides sp. CF8	110319	S	3458	1486	4944	0.00047
Nocardioides sp. zg-536	2803858	S	3315	1517	4832	0.00046
Nocardioides sp. Kera G14	2884264	S	3263	746	4009	0.00038
Nocardioides sp. JQ2195	2592334	S	3163	706	3869	0.00037
Nocardioides sp. WS12	2486272	S	3128	592	3720	0.00036
Nocardioides sp. ZJ1313	2685869	S	2875	2905	5780	0.00055
Nocardioides sp. dk884	2662361	S	2842	2852	5694	0.00054
Nocardioides ungokensis	1643322	S	8242	3092	11334	0.00108
Nocardioides cynanchi	2558918	S	8194	2119	10313	0.00098
Nocardioides mesophilus	433659	S	7038	2307	9345	0.00089
Nocardioides anomalus	2712223	S	6308	2056	8364	0.00080
Nocardioides humi	449461	S	5376	1911	7287	0.00070
Nocardioides aromaticivorans	200618	S	5022	2048	7070	0.00068
Nocardioides okcheonensis	2894081	S	4735	2335	7070	0.00068
Nocardioides aquaticus	160826	S	4315	1427	5742	0.00055
Nocardioides dongkuii	2760089	S	4302	2279	6581	0.00063
Nocardioides euryhalodurans	2518370	S	4196	1382	5578	0.00053
Nocardioides rotundus	1774216	S	3926	1616	5542	0.00053
Nocardioides marinisabuli	419476	S	3674	2184	5858	0.00056
Nocardioides sambongensis	2589074	S	3651	1135	4786	0.00046
Nocardioides dokdonensis	450734	S	3515	1737	5252	0.00050
Nocardioides panacisoli	627624	S	2945	792	3737	0.00036
Nocardioides seonyuensis	2518371	S	2871	829	3700	0.00035
Nocardioides houyundeii	2045452	S	2768	916	3684	0.00035
Nocardioides piscis	2714938	S	2665	1067	3732	0.00036
Nocardioides daphniae	402297	S	2354	1151	3505	0.00033
Nocardioides jishulii	2575440	S	1989	776	2765	0.00026
Nocardioides baekrokdamisoli	1804624	S	1899	266	2165	0.00021
Nocardioides yefusunii	2500546	S	1490	481	1971	0.00019
Aeromicrobium sp. Leaf245	1736306	S	2588	833	3421	0.00033
Aeromicrobium sp. zg-629	2663859	S	2150	734	2884	0.00028
Aeromicrobium sp. A1-2	2107713	S	1846	275	2121	0.00020
Aeromicrobium erythreum	2041	S	3080	961	4041	0.00039
Aeromicrobium chenweiae	2079793	S	2825	956	3781	0.00036
Aeromicrobium choanae	1736691	S	2683	839	3522	0.00034
Aeromicrobium yanjiei	2662028	S	2374	744	3118	0.00030
Aeromicrobium marinum	219314	S	2241	519	2760	0.00026
Pimelobacter simplex	2045	S	5279	2161	7440	0.00071
Marmoricola scoriae	642780	S	4684	1936	6620	0.00063
Friedmanniella luteola	546871	S	4499	985	5484	0.00052
Mumia sp. ZJ1417	2708082	S	3308	636	3944	0.00038
Micropruina glycogenica	75385	S	1882	300	2182	0.00021
Microlunatus sagamiharensis	546874	S	4820	1180	6000	0.00057
Microlunatus soli	630515	S	3692	371	4063	0.00039
Microlunatus elymi	2596828	S	3046	331	3377	0.00032
Microlunatus phosphovorus	29405	S	2548	316	2864	0.00027
Microlunatus sp. Gsoil 973	2672569	S	2532	197	2729	0.00026
Tessaracoccus sp. J1M15	2829499	S	1803	561	2364	0.00023
Tessaracoccus sp. MC1865	2760310	S	1231	331	1562	0.00015
Tessaracoccus defluvii	1285901	S	1917	1221	3138	0.00030
Tessaracoccus aquimaris	1332264	S	1817	847	2664	0.00025
Tessaracoccus flavescens	399497	S	1552	1185	2737	0.00026
Tessaracoccus flavus	1610493	S	1338	993	2331	0.00022
Brevilactibacter coleopterorum	2714937	S	2593	1183	3776	0.00036
Brevilactibacter sp. MC1595	2819349	S	2365	969	3334	0.00032
Acidipropionibacterium acidipropionici	1748	S	1648	978	2626	0.00025
Acidipropionibacterium jensenii	1749	S	1478	890	2368	0.00023
Acidipropionibacterium virtanenii	2057246	S	1091	206	1297	0.00012
Propionibacterium acidifaciens	556499	S	1591	390	1981	0.00019
Propionibacterium australiense	119981	S	1256	227	1483	0.00014
Propionibacterium freudenreichii	1744	S	1169	1129	2298	0.00022
Auraticoccus monumenti	675864	S	3149	620	3769	0.00036
Raineyella fluvialis	2662261	S	2107	312	2419	0.00023
Arachnia propionica	1750	S	1227	1403	2630	0.00025
Kribbella flavida	182640	S	22363	5481	27844	0.00266
Kribbella qitaiheensis	1544730	S	17861	2983	20844	0.00199
Actinopolymorpha singaporensis	117157	S	7652	927	8579	0.00082
Micromonospora sp. WMMC415	2675222	S	4614	1723	6337	0.00061
Micromonospora sp. HM134	2583243	S	3791	1690	5481	0.00052
Micromonospora sp. WMMA2032	2039870	S	3518	2282	5800	0.00055
Micromonospora sp. B006	2201999	S	2955	2275	5230	0.00050
Micromonospora echinofusca	47858	S	5901	2668	8569	0.00082
Micromonospora terminaliae	1914461	S	5653	2845	8498	0.00081
Micromonospora carbonacea	47853	S	5114	2274	7388	0.00071
Micromonospora krabiensis	307121	S	5066	1737	6803	0.00065
Micromonospora echinaurantiaca	47857	S	4831	2318	7149	0.00068
Micromonospora inositola	47865	S	4798	2353	7151	0.00068
Micromonospora viridifaciens	1881	S	4355	1892	6247	0.00060
Micromonospora echinospora	1877	S	4164	1448	5612	0.00054
Micromonospora purpureochromogenes	47872	S	4155	2197	6352	0.00061
Micromonospora auratinigra	261654	S	4111	2158	6269	0.00060
Micromonospora coxensis	356852	S	4091	2258	6349	0.00061
Micromonospora siamensis	299152	S	4003	1915	5918	0.00057
Micromonospora coriariae	285665	S	3904	1390	5294	0.00051
Micromonospora ferruginea	2749844	S	3880	2232	6112	0.00058
Micromonospora narathiwatensis	299146	S	3678	1725	5403	0.00052
Micromonospora sagamiensis	47875	S	3648	1393	5041	0.00048
Micromonospora maris	1003110	S	3593	1093	4686	0.00045
Micromonospora endophytica (Xie et al. 2001) Li et al. 2019	515350	S	3387	1032	4419	0.00042
Micromonospora zamorensis	709883	S	3290	1054	4344	0.00041
Micromonospora chokoriensis	356851	S	3255	1053	4308	0.00041
Micromonospora rifamycinica	291594	S	3201	1439	4640	0.00044
Micromonospora craniellae	2294034	S	2742	1705	4447	0.00042
Micromonospora tulbaghiae	479978	S	2129	2293	4422	0.00042
Micromonospora aurantiaca	47850	S	1676	11402	13078	0.00125
Actinoplanes sp. L3-i22	2836373	S	12764	9049	21813	0.00208
Actinoplanes sp. N902-109	649831	S	9620	2942	12562	0.00120
Actinoplanes sp. OR16	946334	S	8587	4078	12665	0.00121
Actinoplanes ianthinogenes	122358	S	9359	3765	13124	0.00125
Actinoplanes friuliensis	196914	S	9070	1518	10588	0.00101
Actinoplanes missouriensis	1866	S	7674	2528	10202	0.00097
Actinoplanes teichomyceticus	1867	S	7201	3059	10260	0.00098
Actinoplanes derwentensis	113562	S	6897	1086	7983	0.00076
Phytohabitans suffuscus	624315	S	9391	2417	11808	0.00113
Phytohabitans flavus	1076124	S	7155	1421	8576	0.00082
Dactylosporangium vinaceum	53362	S	17497	2068	19565	0.00187
Actinocatenispora thailandica	227318	S	6458	1807	8265	0.00079
Actinocatenispora sera	390989	S	6147	1811	7958	0.00076
Plantactinospora sp. KBS50	2024580	S	5689	1469	7158	0.00068
Plantactinospora sp. BC1	2108470	S	1231	3442	4673	0.00045
Plantactinospora sp. BB1	2071627	S	1218	3369	4587	0.00044
Couchioplanes caeruleus	56438	S	9674	2555	12229	0.00117
Catellatospora sp. IY07-71	2728827	S	8821	2064	10885	0.00104
Polymorphospora rubra	338584	S	6382	1474	7856	0.00075
Natronosporangium hydrolyticum	2811111	S	3842	282	4124	0.00039
Verrucosispora sp. NA02020	2742132	S	2754	2136	4890	0.00047
Salinispora tropica	168695	S	2088	368	2456	0.00023
Actinomadura verrucosospora	46165	S	79874	23614	103488	0.00988
Actinomadura sp. WMMA1423	2591108	S	22444	6531	28975	0.00277
Actinomadura sp. NAK00032	2742128	S	18074	6259	24333	0.00232
Actinomadura sp. WMMB 499	1219491	S	12214	2959	15173	0.00145
Actinomadura madurae	1993	S	14199	4062	18261	0.00174
Actinomadura graeca	2750812	S	10102	2329	12431	0.00119
Thermomonospora amylolytica	1411117	S	8920	3518	12438	0.00119
Thermomonospora curvata	2020	S	5915	1904	7819	0.00075
Nonomuraea nitratireducens	2656914	S	12180	2895	15075	0.00144
Nonomuraea sp. ATCC 55076	1909395	S	10995	3956	14951	0.00143
Nonomuraea coxensis	404386	S	10212	3235	13447	0.00128
Nonomuraea gerenzanensis	93944	S	9716	3667	13383	0.00128
Streptosporangium sp. 'caverna'	2202249	S	10446	2415	12861	0.00123
Streptosporangium roseum	2001	S	10356	3026	13382	0.00128
Thermobispora bispora	2006	S	5276	1305	6581	0.00063
Nocardiopsis sp. MT53	2865672	S	4295	1125	5420	0.00052
Nocardiopsis sp. HDS12	2831968	S	1234	1360	2594	0.00025
Nocardiopsis gilva	280236	S	3418	760	4178	0.00040
Nocardiopsis dassonvillei	2014	S	2413	2205	4618	0.00044
Nocardiopsis alba	53437	S	2320	465	2785	0.00027
Thermobifida halotolerans	483545	S	2819	962	3781	0.00036
Thermobifida alba	53522	S	2690	1115	3805	0.00036
Thermobifida fusca	2021	S	1420	257	1677	0.00016
Streptomonospora litoralis	2498135	S	3820	833	4653	0.00044
Spiractinospora alimapuensis	2820884	S	2537	181	2718	0.00026
Blastococcus sp. PRF04-17	2933797	S	17577	6576	24153	0.00231
Blastococcus saxobsidens	138336	S	14696	4931	19627	0.00187
Modestobacter marinus	477641	S	14585	5576	20161	0.00193
Modestobacter sp. L9-4	2851567	S	8964	3779	12743	0.00122
Geodermatophilus obscurus	1861	S	16212	5960	22172	0.00212
Frankia inefficax	298654	S	9795	1260	11055	0.00106
Frankia sp. QA3	710111	S	3446	1436	4882	0.00047
Frankia sp. ArI3	1858	S	2876	1881	4757	0.00045
Candidatus Frankia datiscae	2716812	S	3811	735	4546	0.00043
Frankia casuarinae	106370	S	3368	381	3749	0.00036
Frankia alni	1859	S	3153	2160	5313	0.00051
Catenulispora acidiphila	304895	S	30085	4648	34733	0.00332
Actinomyces sp. oral taxon 414	712122	S	1273	2081	3354	0.00032
Actinomyces radicidentis	111015	S	1597	2214	3811	0.00036
Actinomyces howellii	52771	S	1244	1116	2360	0.00023
Jiangella sp. DSM 45060	1798224	S	6978	2126	9104	0.00087
Jiangella alkaliphila	419479	S	6852	2005	8857	0.00085
Nakamurella multipartita	53461	S	5878	1156	7034	0.00067
Nakamurella panacisegetis	1090615	S	3108	421	3529	0.00034
Nakamurella sp. PAMC28650	2762325	S	2786	289	3075	0.00029
Bifidobacterium choerinum	35760	S	1032	2387	3419	0.00033
Jatrophihabitans telluris	2038343	S	4304	425	4729	0.00045
Jatrophihabitans sp. GAS493	1907575	S	4207	450	4657	0.00044
Stackebrandtia nassauensis	283811	S	3662	367	4029	0.00038
Kineococcus radiotolerans	131568	S	3527	1038	4565	0.00044
Epidermidibacterium keratini	1891644	S	2401	1185	3586	0.00034
Actinopolyspora erythraea	414996	S	2007	219	2226	0.00021
Acidothermus cellulolyticus	28049	S	1674	97	1771	0.00017
Conexibacter sp. SYSU D00693	2812560	S	40617	10887	51504	0.00492
Conexibacter sp. S30A1	2937800	S	15476	1829	17305	0.00165
Conexibacter sp. DBS9H8	2937801	S	14347	1510	15857	0.00151
Conexibacter woesei	191495	S	47122	9468	56590	0.00540
Miltoncostaea oceani	2843216	S	13517	2285	15802	0.00151
Miltoncostaea marina	2843215	S	13501	3847	17348	0.00166
Baekduia soli	496014	S	44100	7917	52017	0.00497
Rubrobacter xylanophilus	49319	S	6807	945	7752	0.00074
Rubrobacter marinus	2653852	S	4378	376	4754	0.00045
Rubrobacter tropicus	2653851	S	3591	262	3853	0.00037
Rubrobacter radiotolerans	42256	S	2142	264	2406	0.00023
Rubrobacter indicoceani	2051957	S	1125	84	1209	0.00012
Aquihabitans sp. Kera 3	2884263	S	8930	1517	10447	0.00100
Aquihabitans sp. G128	2849779	S	7766	1626	9392	0.00090
Iamia sp. SCSIO 61187	2722752	S	7695	1273	8968	0.00086
Actinomarinicola tropica	2789776	S	7647	1577	9224	0.00088
Ilumatobacter coccineus	467094	S	3716	253	3969	0.00038
Acidimicrobium ferrooxidans	53635	S	1625	143	1768	0.00017
Eggerthella lenta	84112	S	1131	1443	2574	0.00025
Arabiibacter massiliensis	1870985	S	1199	485	1684	0.00016
Olsenella timonensis	1805478	S	1035	578	1613	0.00015
Collinsella aerofaciens	74426	S	1055	869	1924	0.00018
Egibacter rhizosphaerae	1670831	S	4529	278	4807	0.00046
Egicoccus halophilus	1670830	S	3593	577	4170	0.00040
Euzebya pacifica	1608957	S	3500	297	3797	0.00036
Priestia megaterium	1404	S	23492	35336	58828	0.00562
Bacillus sp. S3	486398	S	1265	1550	2815	0.00027
[Brevibacterium] frigoritolerans	450367	S	1010	3934	4944	0.00047
Neobacillus drentensis	220684	S	10055	6385	16440	0.00157
Hydrogenibacillus sp. N12	2866627	S	1556	423	1979	0.00019
Paenibacillus sp. B01	2660554	S	1820	2429	4249	0.00041
Paenibacillus sp. JZ16	1906272	S	1799	2671	4470	0.00043
Paenibacillus sp. RUD330	2023772	S	1047	301	1348	0.00013
Paenibacillus mucilaginosus	61624	S	1770	283	2053	0.00020
Paenibacillus cellulositrophicus	562959	S	1541	447	1988	0.00019
Paenibacillus albicereus	2726185	S	1540	1922	3462	0.00033
Paenibacillus lycopersici	2704462	S	1394	437	1831	0.00017
Thermobacillus composti	377615	S	1356	410	1766	0.00017
Saccharibacillus brassicae	2583377	S	1064	240	1304	0.00012
Alicyclobacillus acidocaldarius	405212	S	1687	227	1914	0.00018
Tumebacillus avium	1903704	S	1039	682	1721	0.00016
Faecalibacterium prausnitzii	853	S	1315	2992	4307	0.00041
Thermaerobacter sp. FW80	2546351	S	1823	553	2376	0.00023
Thermaerobacter sp. PB12/4term	2293838	S	1262	427	1689	0.00016
Thermaerobacter marianensis	73919	S	1585	504	2089	0.00020
Symbiobacterium thermophilum	2734	S	2287	390	2677	0.00026
Limnochorda pilosa	1555112	S	2243	120	2363	0.00023
Deinococcus sp. NW-56	2080419	S	1195	302	1497	0.00014
Deinococcus sp. TS-293	2737050	S	1079	190	1269	0.00012
Deinococcus sp. KNUC1210	2917691	S	1013	62	1075	0.00010
Deinococcus maricopensis	309887	S	1554	203	1757	0.00017
Deinococcus metallilatus	1211322	S	1535	310	1845	0.00018
Deinococcus actinosclerus	1768108	S	1501	1920	3421	0.00033
Deinococcus gobiensis	502394	S	1476	326	1802	0.00017
Deinococcus ficus	317577	S	1429	225	1654	0.00016
Deinococcus irradiatisoli	2202254	S	1063	155	1218	0.00012
Deinococcus peraridilitoris	432329	S	1017	72	1089	0.00010
Oceanithermus profundus	187137	S	1677	226	1903	0.00018
Marinithermus hydrothermalis	186192	S	1180	269	1449	0.00014
Truepera radiovictrix	332249	S	1617	113	1730	0.00017
Sphaerobacter thermophilus	2057	S	7253	542	7795	0.00074
Thermomicrobium roseum	500	S	1369	34	1403	0.00013
Ktedonosporobacter rubrisoli	2509675	S	5461	216	5677	0.00054
Roseiflexus castenholzii	120962	S	1507	257	1764	0.00017
Roseiflexus sp. RS-1	357808	S	1433	250	1683	0.00016
Tepidiforma bonchosmolovskayae	2601677	S	3693	193	3886	0.00037
Candidatus Promineofilum breve	1806508	S	3033	75	3108	0.00030
Caldilinea aerophila	133453	S	1466	123	1589	0.00015
Gloeobacter kilaueensis	1416614	S	1004	1751	2755	0.00026
Fimbriimonas ginsengisoli	1005039	S	1688	11	1699	0.00016
Bradyrhizobium sp. CCBAU 51753	1325100	S	16316	3542	19858	0.00190
Bradyrhizobium sp. 200	2782665	S	13810	3590	17400	0.00166
Bradyrhizobium sp. A19	2898149	S	12416	2183	14599	0.00139
Bradyrhizobium sp. BTAi1	288000	S	12157	2258	14415	0.00138
Bradyrhizobium sp. 170	2782641	S	12059	3581	15640	0.00149
Bradyrhizobium sp. ORS 278	114615	S	11636	2781	14417	0.00138
Bradyrhizobium sp. CCBAU 051011	858422	S	11443	2193	13636	0.00130
Bradyrhizobium sp. ORS 285	115808	S	11300	2685	13985	0.00134
Bradyrhizobium sp. SK17	2057741	S	11246	3698	14944	0.00143
Bradyrhizobium sp. 186	2782654	S	9505	2908	12413	0.00119
Bradyrhizobium sp. CCBAU 53421	1325120	S	9013	2930	11943	0.00114
Bradyrhizobium sp. CCBAU 53351	1325114	S	8465	4197	12662	0.00121
Bradyrhizobium sp. CCBAU 53338	1325111	S	8127	3212	11339	0.00108
Bradyrhizobium sp. CCBAU 53340	1325112	S	7750	2912	10662	0.00102
Bradyrhizobium sp. 195	2782662	S	7015	2741	9756	0.00093
Bradyrhizobium sp. 1(2017)	1404888	S	6771	2189	8960	0.00086
Bradyrhizobium sp. 6(2017)	1197460	S	6657	3181	9838	0.00094
Bradyrhizobium sp. S2-11-2	2840472	S	6493	6565	13058	0.00125
Bradyrhizobium sp. S2-20-1	2840469	S	5523	6028	11551	0.00110
Bradyrhizobium sp. 41S5	1404443	S	5309	3602	8911	0.00085
Bradyrhizobium sp. S2-11-4	2840473	S	5270	6352	11622	0.00111
Bradyrhizobium sp. CCGE-LA001	1223566	S	5179	1955	7134	0.00068
Bradyrhizobium sp. I71	2590772	S	4316	4884	9200	0.00088
Bradyrhizobium sp. 191	2782659	S	3964	5045	9009	0.00086
Bradyrhizobium sp. CCBAU 51765	1325102	S	3860	4432	8292	0.00079
Bradyrhizobium sp. C-145	574727	S	2688	2542	5230	0.00050
Bradyrhizobium sp.	376	S	2452	7757	10209	0.00098
Bradyrhizobium sp. 192	2782660	S	1895	4670	6565	0.00063
Bradyrhizobium sp. 4	2782678	S	1656	5624	7280	0.00070
Bradyrhizobium sp. 40	2782674	S	1612	4834	6446	0.00062
Bradyrhizobium sp. 144S4	2823807	S	1596	4126	5722	0.00055
Bradyrhizobium sp. 323S2	1404649	S	1427	3720	5147	0.00049
Bradyrhizobium erythrophlei	1437360	S	60831	4570	65401	0.00625
Bradyrhizobium diazoefficiens	1355477	S	31201	46668	77869	0.00744
Bradyrhizobium lablabi	722472	S	18588	19614	38202	0.00365
Bradyrhizobium canariense	255045	S	18267	26552	44819	0.00428
Bradyrhizobium genosp. L	83637	S	12842	2396	15238	0.00146
Bradyrhizobium icense	1274631	S	10554	1349	11903	0.00114
Bradyrhizobium paxllaeri	190148	S	9999	1695	11694	0.00112
Bradyrhizobium oligotrophicum	44255	S	9832	1591	11423	0.00109
Bradyrhizobium japonicum	375	S	9544	13063	22607	0.00216
Bradyrhizobium guangdongense	1325090	S	8706	3071	11777	0.00112
Bradyrhizobium arachidis	858423	S	8630	2271	10901	0.00104
Bradyrhizobium symbiodeficiens	1404367	S	7973	11032	19005	0.00182
Bradyrhizobium guangzhouense	1325095	S	7516	2634	10150	0.00097
Bradyrhizobium genosp. B	83627	S	7384	1450	8834	0.00084
Bradyrhizobium quebecense	2748629	S	6982	3631	10613	0.00101
Bradyrhizobium cosmicum	1404864	S	6484	1947	8431	0.00081
Bradyrhizobium vignae	1549949	S	6390	1383	7773	0.00074
Bradyrhizobium guangxiense	1325115	S	6324	2536	8860	0.00085
Bradyrhizobium septentrionale	1404411	S	5756	3218	8974	0.00086
Bradyrhizobium amphicarpaeae	1404768	S	5265	2014	7279	0.00070
Bradyrhizobium betae	244734	S	4543	2284	6827	0.00065
Bradyrhizobium daqingense	993502	S	4192	2084	6276	0.00060
Bradyrhizobium zhanjiangense	1325107	S	2438	2247	4685	0.00045
Bradyrhizobium elkanii	29448	S	1907	6228	8135	0.00078
Bradyrhizobium ottawaense	931866	S	1342	7656	8998	0.00086
Nitrobacter hamburgensis	912	S	28933	4381	33314	0.00318
Nitrobacter winogradskyi	913	S	8810	1354	10164	0.00097
Rhodopseudomonas palustris	1076	S	26084	8925	35009	0.00334
Rhodopseudomonas sp. SK50-23	340268	S	4039	805	4844	0.00046
Rhodopseudomonas boonkerdii	475937	S	4027	1000	5027	0.00048
Afipia carboxidovorans	40137	S	12563	1864	14427	0.00138
Afipia sp. GAS231	1882747	S	5475	3400	8875	0.00085
Tardiphaga sp. 37S4	1404741	S	2166	7636	9802	0.00094
Tardiphaga robiniae	943830	S	2114	1487	3601	0.00034
Variibacter gotjawalensis	1333996	S	5523	404	5927	0.00057
Mesorhizobium sp. B2-8-5	2589903	S	15460	4406	19866	0.00190
Mesorhizobium sp. J8	2777475	S	13163	3656	16819	0.00161
Mesorhizobium sp. M2A.F.Ca.ET.043.05.1.1	2493671	S	6075	4431	10506	0.00100
Mesorhizobium sp. 8	2584466	S	5305	1102	6407	0.00061
Mesorhizobium sp. M1B.F.Ca.ET.045.04.1.1	2493673	S	4517	1485	6002	0.00057
Mesorhizobium sp. M1E.F.Ca.ET.045.02.1.1	2493672	S	4290	1829	6119	0.00058
Mesorhizobium sp. M1D.F.Ca.ET.043.01.1.1	2493669	S	4187	2147	6334	0.00060
Mesorhizobium sp. B1-1-8	2589976	S	3962	851	4813	0.00046
Mesorhizobium sp. M1A.F.Ca.IN.022.06.1.1	2493680	S	3476	945	4421	0.00042
Mesorhizobium sp. M3A.F.Ca.ET.080.04.2.1	2493676	S	3365	874	4239	0.00040
Mesorhizobium sp. M2A.F.Ca.ET.043.02.1.1	2493670	S	2865	6254	9119	0.00087
Mesorhizobium sp. 131-2-1	2744518	S	2859	1296	4155	0.00040
Mesorhizobium sp. B2-1-1	2589974	S	2658	523	3181	0.00030
Mesorhizobium sp. M4B.F.Ca.ET.058.02.1.1	2493675	S	2590	936	3526	0.00034
Mesorhizobium sp. M2A.F.Ca.ET.046.03.2.1	2493674	S	2565	5885	8450	0.00081
Mesorhizobium sp. INR15	2654248	S	2498	310	2808	0.00027
Mesorhizobium sp. PAMC28654	2880934	S	2462	398	2860	0.00027
Mesorhizobium sp. Pch-S	2082387	S	2360	283	2643	0.00025
Mesorhizobium sp. DCY119	2108445	S	2242	438	2680	0.00026
Mesorhizobium sp. B4-1-4	2589888	S	1916	398	2314	0.00022
Mesorhizobium sp. B2-1-8	2589967	S	1888	495	2383	0.00023
Mesorhizobium sp. NZP2298	2483403	S	1876	960	2836	0.00027
Mesorhizobium sp. M8A.F.Ca.ET.057.01.1.1	2493679	S	1734	556	2290	0.00022
Mesorhizobium sp. 113-3-9	2744517	S	1726	1104	2830	0.00027
Mesorhizobium sp. 113-3-3	2744516	S	1698	797	2495	0.00024
Mesorhizobium sp. M7D.F.Ca.US.005.01.1.1	2493678	S	1676	491	2167	0.00021
Mesorhizobium sp. L-2-11	2744521	S	1611	527	2138	0.00020
Mesorhizobium sp. NZP2077	2483404	S	1604	456	2060	0.00020
Mesorhizobium sp. M9A.F.Ca.ET.002.03.1.2	2493668	S	1597	625	2222	0.00021
Mesorhizobium sp. M6A.T.Cr.TU.016.01.1.1	2493677	S	1481	424	1905	0.00018
Mesorhizobium sp. 113-1-2	2744515	S	1462	617	2079	0.00020
Mesorhizobium sp. M7A.F.Ce.TU.012.03.2.1	2493681	S	1324	415	1739	0.00017
Mesorhizobium sp. NZP2234	2483402	S	1010	3096	4106	0.00039
Mesorhizobium terrae	2725666	S	2839	787	3626	0.00035
Mesorhizobium loti	381	S	2472	17114	19586	0.00187
Mesorhizobium opportunistum	593909	S	2360	842	3202	0.00031
Mesorhizobium amorphae	71433	S	1947	399	2346	0.00022
Mesorhizobium huakuii	28104	S	1506	1302	2808	0.00027
Mesorhizobium erdmanii	1777866	S	1345	326	1671	0.00016
Mesorhizobium australicum	536018	S	1339	358	1697	0.00016
Mesorhizobium japonicum	2066070	S	1198	800	1998	0.00019
Mesorhizobium ciceri	39645	S	1143	2552	3695	0.00035
Aquibium microcysteis	675281	S	3510	847	4357	0.00042
Aquibium oceanicum	1670800	S	2499	498	2997	0.00029
Aminobacter sp. MSH1	374606	S	2011	3310	5321	0.00051
Nitratireductor sp. SY7	2599600	S	2227	353	2580	0.00025
Nitratireductor sp. OM-1	1756988	S	1212	214	1426	0.00014
Roseitalea porphyridii	1852022	S	1933	294	2227	0.00021
Oricola thermophila	2742145	S	1487	185	1672	0.00016
Rhizobium sp. BG4	2613770	S	5129	1441	6570	0.00063
Rhizobium sp. WYJ-E13	2849093	S	2278	484	2762	0.00026
Rhizobium sp. NXC24	2048897	S	1292	351	1643	0.00016
Rhizobium sp. 11515TR	2028343	S	1132	1967	3099	0.00030
Rhizobium sp. ACO-34A	1571470	S	1102	297	1399	0.00013
Rhizobium sp. AB2/73	2795216	S	1063	2254	3317	0.00032
Rhizobium leguminosarum	384	S	6859	13056	19915	0.00190
Rhizobium etli	29449	S	1825	3054	4879	0.00047
Rhizobium jaguaris	1312183	S	1564	211	1775	0.00017
Rhizobium pseudoryzae	379684	S	1196	259	1455	0.00014
Rhizobium phaseoli	396	S	1178	3690	4868	0.00046
Rhizobium gallicum	56730	S	1016	1942	2958	0.00028
Agrobacterium tumefaciens	358	S	3446	8248	11694	0.00112
Agrobacterium vitis	373	S	2152	283	2435	0.00023
Neorhizobium galegae	399	S	3675	1017	4692	0.00045
Neorhizobium sp. NCHU2750	1825976	S	1083	257	1340	0.00013
Neorhizobium sp. SOG26	2060726	S	1009	204	1213	0.00012
Sinorhizobium fredii	380	S	3854	5454	9308	0.00089
Sinorhizobium meliloti	382	S	2674	979	3653	0.00035
Sinorhizobium sp. BG8	2613773	S	1226	215	1441	0.00014
Sinorhizobium americanum	194963	S	1293	500	1793	0.00017
Sinorhizobium medicae	110321	S	1222	151	1373	0.00013
Ensifer adhaerens	106592	S	3498	2786	6284	0.00060
Ensifer mexicanus	375549	S	1864	298	2162	0.00021
Ensifer sp. PDNC004	2811423	S	1132	591	1723	0.00016
Ensifer alkalisoli	1752398	S	1290	279	1569	0.00015
Ensifer sojae	716925	S	1134	475	1609	0.00015
Shinella sp. HZN7	879274	S	2177	1985	4162	0.00040
Shinella sp. PSBB067	2715959	S	1861	1529	3390	0.00032
Shinella sp. XGS7	2877941	S	1411	1519	2930	0.00028
Shinella zoogloeoides	352475	S	2052	2980	5032	0.00048
Shinella oryzae	2871820	S	1183	545	1728	0.00017
Ciceribacter thiooxidans	1969821	S	1371	295	1666	0.00016
Georhizobium profundi	2341112	S	1165	239	1404	0.00013
Pseudolabrys taiwanensis	331696	S	33100	5411	38511	0.00368
Pseudolabrys sp. FHR47	2562284	S	21324	3697	25021	0.00239
Starkeya sp. ORNL1	2709380	S	4916	982	5898	0.00056
Starkeya novella	921	S	3639	1358	4997	0.00048
Xanthobacter dioxanivorans	2528964	S	3806	1343	5149	0.00049
Xanthobacter sp. YC-JY1	2419844	S	1239	1315	2554	0.00024
Xanthobacter autotrophicus	280	S	1206	1390	2596	0.00025
Ancylobacter polymorphus	223390	S	2961	1477	4438	0.00042
Ancylobacter sp. TS-1	1850374	S	2818	1156	3974	0.00038
Ancylobacter pratisalsi	1745854	S	2299	504	2803	0.00027
Labrys sp. KNU-23	2789216	S	7524	752	8276	0.00079
Azorhizobium caulinodans	7	S	2852	590	3442	0.00033
Methylobacterium sp. 17Sr1-1	2202826	S	2496	1835	4331	0.00041
Methylobacterium sp. WL1	2603276	S	2276	635	2911	0.00028
Methylobacterium aquaticum	270351	S	4914	3346	8260	0.00079
Methylobacterium nodulans	114616	S	4586	652	5238	0.00050
Methylobacterium currus	2051553	S	3259	2031	5290	0.00051
Methylobacterium durans	2202825	S	3232	512	3744	0.00036
Methylobacterium radiodurans	2202828	S	2872	792	3664	0.00035
Methylobacterium tardum	374432	S	2738	1565	4303	0.00041
Methylobacterium terrae	2202827	S	2663	1884	4547	0.00043
Methylobacterium organophilum	410	S	2605	2609	5214	0.00050
Methylobacterium mesophilicum	39956	S	2534	807	3341	0.00032
Methylobacterium brachiatum	269660	S	2443	1134	3577	0.00034
Methylobacterium indicum	1775910	S	2201	1754	3955	0.00038
Methylobacterium oryzae	334852	S	2049	5485	7534	0.00072
Methylorubrum populi	223967	S	4602	2022	6624	0.00063
Methylorubrum extorquens	408	S	3580	5783	9363	0.00089
Methylorubrum sp. B1-46	2897334	S	1486	578	2064	0.00020
Microvirga sp. VF16	2807101	S	2895	450	3345	0.00032
Microvirga sp. 17 mud 1-3	2082949	S	2106	439	2545	0.00024
Microvirga ossetica	1882682	S	3595	643	4238	0.00040
Microvirga thermotolerans	2651334	S	2625	734	3359	0.00032
Rhodoplanes sp. Z2-YC6860	674703	S	42585	3791	46376	0.00443
Hyphomicrobium denitrificans	53399	S	15860	1190	17050	0.00163
Hyphomicrobium sp. MC1	717785	S	10872	532	11404	0.00109
Hyphomicrobium nitrativorans	1427356	S	1901	142	2043	0.00020
Methyloceanibacter caenitepidi	1384459	S	1351	266	1617	0.00015
Methyloceanibacter sp. wino2	2170729	S	1285	272	1557	0.00015
Aquabacter sp. L1I39	2820278	S	2426	370	2796	0.00027
Methyloligella sp. GL2	2742204	S	1992	217	2209	0.00021
Rhodomicrobium vannielii	1069	S	1675	107	1782	0.00017
Devosia sp. A16	1736675	S	13906	1738	15644	0.00149
Devosia sp. SL43	2806348	S	2281	480	2761	0.00026
Devosia sp. JXJ CY 41	2917991	S	2217	463	2680	0.00026
Devosia sp. 1566	2499144	S	1794	216	2010	0.00019
Devosia sp. I507	2083786	S	1511	541	2052	0.00020
Devosia ginsengisoli	400770	S	2442	501	2943	0.00028
Devosia beringensis	2657486	S	2256	372	2628	0.00025
Devosia salina	2860336	S	2191	856	3047	0.00029
Devosia oryziradicis	2801335	S	2092	438	2530	0.00024
Devosia rhizoryzae	2774137	S	1881	215	2096	0.00020
Youhaiella tibetensis	1447062	S	3508	847	4355	0.00042
Paradevosia shaoguanensis	1335043	S	3397	1341	4738	0.00045
Pelagibacterium halotolerans	531813	S	1347	153	1500	0.00014
Bosea sp. AS-1	2015316	S	12170	3093	15263	0.00146
Bosea sp. ANAM02	2020412	S	3700	1090	4790	0.00046
Bosea sp. F3-2	2599640	S	3608	935	4543	0.00043
Bosea sp. Tri-49	1867715	S	3537	691	4228	0.00040
Bosea sp. RAC05	1842539	S	3396	924	4320	0.00041
Bosea sp. PAMC 26642	1792307	S	2492	447	2939	0.00028
Bosea vaviloviae	1526658	S	2995	648	3643	0.00035
Aureimonas sp. SA4125	2826993	S	2347	412	2759	0.00026
Aureimonas sp. AU20	1349819	S	2326	310	2636	0.00025
Aureimonas sp. OT7	2816454	S	1107	865	1972	0.00019
Aureimonas populi	1701758	S	1856	345	2201	0.00021
Aureimonas mangrovi	2758041	S	1739	354	2093	0.00020
Aureimonas altamirensis	370622	S	1122	357	1479	0.00014
Martelella mediterranea	293089	S	1373	1077	2450	0.00023
Martelella endophytica	1486262	S	1196	377	1573	0.00015
Aurantimonas sp. HBX-1	2906072	S	2759	784	3543	0.00034
Methylocystis parvus	134	S	2129	252	2381	0.00023
Methylocystis bryophila	655015	S	1967	197	2164	0.00021
Methylocystis heyeri	391905	S	1930	218	2148	0.00021
Methylocystis sp. SC2	187303	S	1280	457	1737	0.00017
Methylocystis rosea	173366	S	1293	1507	2800	0.00027
Methylosinus trichosporium	426	S	2719	514	3233	0.00031
Methylosinus sp. C49	2699395	S	2219	411	2630	0.00025
Pseudorhodoplanes sinuspersici	1235591	S	7569	518	8087	0.00077
Nordella sp. HKS 07	2712222	S	4020	215	4235	0.00040
Terrihabitans soli	708113	S	1933	209	2142	0.00020
Phreatobacter stygius	1940610	S	4899	693	5592	0.00053
Phreatobacter cathodiphilus	1868589	S	3776	1063	4839	0.00046
Phreatobacter sp. NMCR1094	2570229	S	3067	548	3615	0.00035
Stappia indica	538381	S	2952	677	3629	0.00035
Stappia sp. ES.058	1881061	S	1594	196	1790	0.00017
Roseibium aggregatum	187304	S	1878	272	2150	0.00021
Pannonibacter phragmitetus	121719	S	2194	1424	3618	0.00035
Labrenzia sp. VG12	2021862	S	1038	138	1176	0.00011
Methylocella silvestris	199596	S	2048	235	2283	0.00022
Methylocella tundrae	227605	S	1786	176	1962	0.00019
Methylovirgula ligni	569860	S	1991	231	2222	0.00021
Methylovirgula sp. HY1	2822761	S	1626	99	1725	0.00016
Blastochloris tepida	2233851	S	3820	1248	5068	0.00048
Blastochloris viridis	1079	S	3373	905	4278	0.00041
Kaustia mangrovi	2593653	S	3300	314	3614	0.00035
Parvibaculum lavamentivorans	256618	S	2001	1531	3532	0.00034
Pyruvatibacter mobilis	1712261	S	1347	187	1534	0.00015
Chelatococcus sp. CO-6	1702325	S	2993	1796	4789	0.00046
Chelatococcus daeguensis	444444	S	1636	998	2634	0.00025
Kaistia sp. 32K	2795690	S	4232	999	5231	0.00050
Acuticoccus sp. I52.16.1	2928472	S	3817	420	4237	0.00040
Hartmannibacter diazotrophicus	1482074	S	2494	419	2913	0.00028
Breoghania sp. L-A4	2304600	S	2443	312	2755	0.00026
Sphingomonas sp. DM2-R-LB4	2899123	S	3235	1274	4509	0.00043
Sphingomonas sp. CL5.1	2653203	S	3032	1112	4144	0.00040
Sphingomonas sp. S8-45	2938948	S	2653	376	3029	0.00029
Sphingomonas sp. AK-PDB1-5	2872652	S	2585	474	3059	0.00029
Sphingomonas sp. AP4-R1	2735134	S	2220	316	2536	0.00024
Sphingomonas sp. Cra20	1327635	S	2166	365	2531	0.00024
Sphingomonas sp. HDW15A	2714942	S	2067	198	2265	0.00022
Sphingomonas sp. AAP5	1523415	S	2066	584	2650	0.00025
Sphingomonas sp. MM-1	745310	S	2010	2965	4975	0.00048
Sphingomonas sp. NBWT7	2596913	S	1946	781	2727	0.00026
Sphingomonas sp. FARSPH	2219696	S	1905	1791	3696	0.00035
Sphingomonas sp. LM7	1938607	S	1842	430	2272	0.00022
Sphingomonas sp. S2-65	2903960	S	1688	382	2070	0.00020
Sphingomonas sp. PAMC26645	2565555	S	1522	501	2023	0.00019
Sphingomonas sp. HMP9	1517554	S	1474	647	2121	0.00020
Sphingomonas sp. KC8	1030157	S	1212	174	1386	0.00013
Sphingomonas sp. HMP6	1517551	S	1187	244	1431	0.00014
Sphingomonas lutea	1045317	S	7117	1110	8227	0.00079
Sphingomonas sediminicola	386874	S	5034	593	5627	0.00054
Sphingomonas daechungensis	1176646	S	4773	565	5338	0.00051
Sphingomonas sabuli	2764186	S	4469	658	5127	0.00049
Sphingomonas sinipercae	2714944	S	4137	670	4807	0.00046
Sphingomonas ginsengisoli An et al. 2013	363835	S	4046	666	4712	0.00045
Sphingomonas alpina	653931	S	3287	330	3617	0.00035
Sphingomonas piscis	2714943	S	3066	340	3406	0.00033
Sphingomonas profundi	2681549	S	2719	521	3240	0.00031
Sphingomonas sanxanigenens	397260	S	2706	1451	4157	0.00040
Sphingomonas rhizophila	2071607	S	2668	833	3501	0.00033
Sphingomonas taxi	1549858	S	2276	878	3154	0.00030
Sphingomonas panacis	1560345	S	2207	395	2602	0.00025
Sphingomonas hengshuiensis	1609977	S	2104	333	2437	0.00023
Sphingomonas panacisoli	1813879	S	2035	334	2369	0.00023
Sphingomonas koreensis	93064	S	1874	1662	3536	0.00034
Sphingomonas xanthus	2594473	S	1739	479	2218	0.00021
Sphingomonas changnyeongensis	2698679	S	1655	380	2035	0.00019
Sphingomonas radiodurans	2890321	S	1635	264	1899	0.00018
Sphingomonas suaedae	2599297	S	1512	236	1748	0.00017
Sphingomonas insulae	424800	S	1437	511	1948	0.00019
Sphingomonas paucimobilis	13689	S	1433	1143	2576	0.00025
Sphingomonas aliaeris	2759526	S	1347	202	1549	0.00015
Sphingomonas sanguinis	33051	S	1014	1151	2165	0.00021
Sphingopyxis sp. BSN-002	2911495	S	3193	597	3790	0.00036
Sphingopyxis sp. OPL5	2486273	S	2523	491	3014	0.00029
Sphingopyxis sp. QXT-31	1357916	S	2399	666	3065	0.00029
Sphingopyxis sp. YF1	2482763	S	2264	557	2821	0.00027
Sphingopyxis sp. PAMC25046	2565556	S	2153	1028	3181	0.00030
Sphingopyxis sp. 113P3	292913	S	1764	709	2473	0.00024
Sphingopyxis sp. EG6	1874061	S	1622	843	2465	0.00024
Sphingopyxis sp. FD7	1914525	S	1573	693	2266	0.00022
Sphingopyxis macrogoltabida	33050	S	3991	2143	6134	0.00059
Sphingopyxis lindanitolerans	2054227	S	3157	1742	4899	0.00047
Sphingopyxis terrae	33052	S	2427	1597	4024	0.00038
Sphingopyxis fribergensis	1515612	S	2211	922	3133	0.00030
Sphingopyxis granuli	267128	S	1429	3971	5400	0.00052
Sphingopyxis alaskensis	117207	S	1304	317	1621	0.00015
Sphingobium sp. TKS	1315974	S	2664	4934	7598	0.00073
Sphingobium sp. SYK-6	627192	S	1567	499	2066	0.00020
Sphingobium sp. YG1	2082188	S	1044	570	1614	0.00015
Sphingobium yanoikuyae	13690	S	1948	5750	7698	0.00074
Sphingobium indicum	332055	S	1256	1368	2624	0.00025
Sphingobium amiense	135719	S	1060	1545	2605	0.00025
Novosphingobium sp. Sx8-5	2896849	S	2004	446	2450	0.00023
Novosphingobium sp. EMRT-2	2571749	S	1677	1118	2795	0.00027
Novosphingobium sp. P6W	1609758	S	1513	328	1841	0.00018
Novosphingobium sp. Gsoil 351	2675225	S	1508	154	1662	0.00016
Novosphingobium sp. ES2-1	2780074	S	1016	775	1791	0.00017
Novosphingobium resinovorum	158500	S	2147	1359	3506	0.00033
Novosphingobium decolorationis	2698673	S	1378	894	2272	0.00022
Novosphingobium aromaticivorans	48935	S	1313	955	2268	0.00022
Rhizorhabdus wittichii	160791	S	3691	2352	6043	0.00058
Rhizorhabdus dicambivorans	1850238	S	2011	1698	3709	0.00035
Rhizorhabdus phycosphaerae	2711156	S	1581	208	1789	0.00017
Sphingosinithalassobacter sp. CS137	2762748	S	1613	380	1993	0.00019
Sphingosinithalassobacter tenebrarum	2711215	S	1384	501	1885	0.00018
Allosphingosinicella indica	941907	S	1988	278	2266	0.00022
Parasphingopyxis algicola	2026624	S	1501	111	1612	0.00015
Hankyongella ginsenosidimutans	1763828	S	1382	297	1679	0.00016
Tardibacter chloracetimidivorans	1921510	S	1207	1028	2235	0.00021
Erythrobacter sp. HL-111	1798193	S	1211	856	2067	0.00020
Erythrobacter litoralis	39960	S	1559	983	2542	0.00024
Porphyrobacter sp. CACIAM 03H1	2003315	S	1241	531	1772	0.00017
Qipengyuania flava	192812	S	1707	1776	3483	0.00033
Croceicoccus marinus	450378	S	1554	1180	2734	0.00026
Altererythrobacter sp. B11	2060312	S	1078	728	1806	0.00017
Tsuneonella dongtanensis	692370	S	1044	249	1293	0.00012
Tsuneonella amylolytica	2338327	S	1044	371	1415	0.00014
Sphingosinicella sp. BN140058	1892855	S	2576	271	2847	0.00027
Sphingosinicella microcystinivorans	335406	S	1418	206	1624	0.00016
Sphingosinicella flava	2771430	S	1061	176	1237	0.00012
Polymorphobacter sp. PAMC 29362	2835787	S	1085	642	1727	0.00016
Polymorphobacter sp. PAMC 29334	2862331	S	1040	636	1676	0.00016
Sandaracinobacter sp. M6	2759707	S	1501	115	1616	0.00015
Roseomonas sp. OT10	2897332	S	4193	1204	5397	0.00052
Roseomonas sp. S08	1750527	S	3876	286	4162	0.00040
Roseomonas gilardii	257708	S	3407	3907	7314	0.00070
Roseomonas haemaphysalidis	2768162	S	3044	452	3496	0.00033
Roseomonas marmotae	2768161	S	2519	389	2908	0.00028
Rhodovastum atsumiense	504468	S	5970	715	6685	0.00064
Komagataeibacter xylinus	28448	S	1171	3167	4338	0.00041
Roseococcus microcysteis	2771361	S	2667	303	2970	0.00028
Acidibrevibacterium fodinaquatile	1969806	S	2656	265	2921	0.00028
Lichenicola cladoniae	1484109	S	2419	140	2559	0.00024
Sediminicoccus rosea	1225128	S	2263	143	2406	0.00023
Gluconacetobacter diazotrophicus	33996	S	1733	528	2261	0.00022
Granulibacter bethesdensis	364410	S	1290	145	1435	0.00014
Azospirillum sp. B510	137722	S	1997	721	2718	0.00026
Azospirillum sp. TSH100	652764	S	1766	786	2552	0.00024
Azospirillum sp. TSA2s	709810	S	1680	1237	2917	0.00028
Azospirillum sp. TSH58	664962	S	1192	1541	2733	0.00026
Azospirillum brasilense	192	S	6140	5247	11387	0.00109
Azospirillum thermophilum	2202148	S	4139	973	5112	0.00049
Azospirillum thiophilum	528244	S	2377	775	3152	0.00030
Azospirillum ramasamyi	682998	S	1592	907	2499	0.00024
Azospirillum lipoferum	193	S	1291	932	2223	0.00021
Azospirillum oryzae	286727	S	1284	1082	2366	0.00023
Azospirillum humicireducens	1226968	S	1249	712	1961	0.00019
Skermanella mucosa	1789672	S	1902	1319	3221	0.00031
Skermanella sp. TT6	2775420	S	1800	1831	3631	0.00035
Skermanella rosea	1817965	S	1591	1445	3036	0.00029
Skermanella pratensis	2233999	S	1562	865	2427	0.00023
Nitrospirillum amazonense	28077	S	3015	362	3377	0.00032
Indioceanicola profundi	2220096	S	1983	280	2263	0.00022
Niveispirillum cyanobacteriorum	1612173	S	1206	133	1339	0.00013
Hypericibacter adhaerens	2602016	S	5460	873	6333	0.00060
Hypericibacter terrae	2602015	S	5190	641	5831	0.00056
Magnetospirillum sp. XM-1	1663591	S	1384	441	1825	0.00017
Magnetospirillum sp. ME-1	1639348	S	1167	402	1569	0.00015
Magnetospirillum gryphiswaldense	55518	S	1721	151395	153116	0.01462
Magnetospirillum magneticum	84159	S	1491	173	1664	0.00016
Rhodospirillum centenum	34018	S	2667	402	3069	0.00029
Rhodospirillum rubrum	1085	S	1536	128	1664	0.00016
Tistrella mobilis	171437	S	2971	1523	4494	0.00043
Ferrovibrio terrae	2594003	S	2258	151	2409	0.00023
Defluviicoccus vanus	111831	S	1531	144	1675	0.00016
Pararhodospirillum photometricum	1084	S	1005	85	1090	0.00010
Stella humosa	94	S	5556	411	5967	0.00057
Elioraea tepida	2843330	S	2862	158	3020	0.00029
Paracoccus sp. MA	2895796	S	1021	751	1772	0.00017
Paracoccus sp. MC1862	2760307	S	1015	144	1159	0.00011
Paracoccus sanguinis	1545044	S	1575	500	2075	0.00020
Paracoccus yeei	147645	S	1275	2564	3839	0.00037
Paracoccus liaowanqingii	2560053	S	1207	172	1379	0.00013
Paracoccus denitrificans	266	S	1206	739	1945	0.00019
Paracoccus zhejiangensis	1077935	S	1150	339	1489	0.00014
Paracoccus aminovorans	34004	S	1148	399	1547	0.00015
Paracoccus pantotrophus	82367	S	1062	788	1850	0.00018
Cereibacter sphaeroides	1063	S	3774	2623	6397	0.00061
Rhodobacter sp. CZR27	2033869	S	1391	494	1885	0.00018
Rhodobacter sp. LPB0142	1850250	S	1210	1016	2226	0.00021
Rhodobacter sp. N10	2807096	S	1150	158	1308	0.00012
Rhodobacter capsulatus	1061	S	1625	385	2010	0.00019
Rhodovulum sulfidophilum	35806	S	1270	986	2256	0.00022
Polymorphum gilvum	991904	S	2453	631	3084	0.00029
Paroceanicella profunda	2579971	S	2368	855	3223	0.00031
Pikeienuella piscinae	2748098	S	1607	166	1773	0.00017
Pontivivens ytuae	2789856	S	1440	132	1572	0.00015
Pelagovum pacificum	2588711	S	1363	209	1572	0.00015
Frigidibacter mobilis	1335048	S	1187	605	1792	0.00017
Silicimonas algicola	1826607	S	1162	84	1246	0.00012
Pukyongiella litopenaei	2605946	S	1090	377	1467	0.00014
Roseovarius sp. SCSIO 43702	2823043	S	1071	873	1944	0.00019
Roseovarius indicus	540747	S	1476	1046	2522	0.00024
Salipiger profundus	1229727	S	1680	1129	2809	0.00027
Salipiger abyssi	1250539	S	1358	780	2138	0.00020
Salipiger sp. CCB-MM3	1792508	S	1126	228	1354	0.00013
Roseivivax marinus	1379903	S	1503	363	1866	0.00018
Celeribacter indicus	1208324	S	1391	1038	2429	0.00023
Yangia pacifica	311180	S	1400	352	1752	0.00017
Sagittula sp. P11	2009329	S	1358	922	2280	0.00022
Ponticoccus alexandrii	1943633	S	1113	249	1362	0.00013
Mameliella alba	561184	S	1037	310	1347	0.00013
Caulobacter sp. S6	2823693	S	5125	557	5682	0.00054
Caulobacter sp. FWC26	69665	S	1605	561	2166	0.00021
Caulobacter segnis	88688	S	5157	1840	6997	0.00067
Caulobacter mirabilis	69666	S	3930	706	4636	0.00044
Caulobacter flavus	1679497	S	3315	799	4114	0.00039
Caulobacter vibrioides	155892	S	3151	3352	6503	0.00062
Caulobacter rhizosphaerae	2010972	S	2925	686	3611	0.00034
Caulobacter soli	2708539	S	2834	724	3558	0.00034
Caulobacter henricii	69395	S	1453	213	1666	0.00016
Brevundimonas sp. M20	2591463	S	1354	449	1803	0.00017
Brevundimonas sp. LM2	1938605	S	1282	725	2007	0.00019
Brevundimonas sp. PAMC22021	2861285	S	1234	1052	2286	0.00022
Brevundimonas sp. MF30-B	2561924	S	1063	454	1517	0.00014
Brevundimonas naejangsanensis	588932	S	2257	2109	4366	0.00042
Brevundimonas albigilva	1312364	S	1514	1720	3234	0.00031
Brevundimonas goettingensis	2774190	S	1432	443	1875	0.00018
Brevundimonas subvibrioides	74313	S	1156	463	1619	0.00015
Phenylobacterium zucineum	284016	S	9699	1987	11686	0.00112
Phenylobacterium parvum	2201350	S	2460	276	2736	0.00026
Asticcacaulis excentricus	78587	S	1109	224	1333	0.00013
Terricaulis silvestris	2686094	S	1262	45	1307	0.00012
Marinicauda algicola	2029849	S	1802	332	2134	0.00020
Burkholderia cenocepacia	95486	S	5143	21227	26370	0.00252
Burkholderia multivorans	87883	S	4840	2495	7335	0.00070
Burkholderia ubonensis	101571	S	4767	3857	8624	0.00082
Burkholderia cepacia	292	S	3328	3756	7084	0.00068
Burkholderia pyrrocinia	60550	S	2205	1603	3808	0.00036
Burkholderia contaminans	488447	S	1941	1605	3546	0.00034
Burkholderia anthina	179879	S	1909	2230	4139	0.00040
Burkholderia ambifaria	152480	S	1886	3301	5187	0.00050
Burkholderia stagnalis	1503054	S	1636	707	2343	0.00022
Burkholderia stabilis	95485	S	1550	1410	2960	0.00028
Burkholderia lata	482957	S	1545	1864	3409	0.00033
Burkholderia dolosa	152500	S	1338	984	2322	0.00022
Burkholderia territorii	1503055	S	1213	761	1974	0.00019
Burkholderia seminalis	488731	S	1020	620	1640	0.00016
Burkholderia pseudomallei	28450	S	2479	18133	20612	0.00197
Burkholderia mayonis	1385591	S	1611	430	2041	0.00019
Burkholderia thailandensis	57975	S	1535	3026	4561	0.00044
Burkholderia sp. DHOD12	2571746	S	2503	957	3460	0.00033
Burkholderia sp. Bp7605	1740163	S	1332	858	2190	0.00021
Burkholderia gladioli	28095	S	5675	2142	7817	0.00075
Burkholderia glumae	337	S	2188	14107	16295	0.00156
Burkholderia plantarii	41899	S	1700	782	2482	0.00024
Burkholderia perseverans	2615214	S	1401	694	2095	0.00020
Paraburkholderia graminis	60548	S	5316	1365	6681	0.00064
Paraburkholderia sp. SOS3	1926494	S	1741	273	2014	0.00019
Paraburkholderia sp. PGU16	2735433	S	1041	577	1618	0.00015
Paraburkholderia aromaticivorans	2026199	S	2982	1353	4335	0.00041
Paraburkholderia pallida	2547399	S	2513	496	3009	0.00029
Paraburkholderia phytofirmans	261302	S	2408	1146	3554	0.00034
Paraburkholderia acidisoli	2571748	S	2267	448	2715	0.00026
Paraburkholderia tropica	92647	S	2172	531	2703	0.00026
Paraburkholderia caledonica	134536	S	2165	414	2579	0.00025
Paraburkholderia caribensis	75105	S	2105	1572	3677	0.00035
Paraburkholderia acidiphila	2571747	S	1873	402	2275	0.00022
Paraburkholderia edwinii	2861782	S	1783	261	2044	0.00020
Paraburkholderia atlantica	2654982	S	1661	429	2090	0.00020
Paraburkholderia phymatum	148447	S	1608	419	2027	0.00019
Paraburkholderia terricola	169427	S	1594	506	2100	0.00020
Paraburkholderia sprentiae	948107	S	1489	345	1834	0.00018
Paraburkholderia phenoliruptrix	252970	S	1484	437	1921	0.00018
Paraburkholderia fungorum	134537	S	1467	356	1823	0.00017
Paraburkholderia megapolitana	420953	S	1433	154	1587	0.00015
Paraburkholderia ginsengisoli	311231	S	1340	429	1769	0.00017
Paraburkholderia terrae	311230	S	1297	1432	2729	0.00026
Paraburkholderia xenovorans	36873	S	1235	1696	2931	0.00028
Paraburkholderia hospita	169430	S	1159	1284	2443	0.00023
Paraburkholderia caffeinilytica	1761016	S	1133	304	1437	0.00014
Cupriavidus taiwanensis	164546	S	7956	9744	17700	0.00169
Cupriavidus pauculus	82633	S	7844	4114	11958	0.00114
Cupriavidus sp. EM10	2839983	S	2486	2031	4517	0.00043
Cupriavidus basilensis	68895	S	3749	2328	6077	0.00058
Cupriavidus necator	106590	S	3551	5742	9293	0.00089
Cupriavidus oxalaticus	96344	S	3224	1822	5046	0.00048
Cupriavidus campinensis	151783	S	2906	1350	4256	0.00041
Cupriavidus metallidurans	119219	S	2659	2028	4687	0.00045
Cupriavidus pinatubonensis	248026	S	2156	449	2605	0.00025
Ralstonia solanacearum	305	S	4762	10341	15103	0.00144
Ralstonia sp. 56D2	2842456	S	2922	512	3434	0.00033
Ralstonia pickettii	329	S	1582	798	2380	0.00023
Ralstonia insidiosa	190721	S	1543	1325	2868	0.00027
Ralstonia mannitolilytica	105219	S	1049	1373	2422	0.00023
Pandoraea sp. XY-2	2518599	S	2849	2024	4873	0.00047
Pandoraea pnomenusa	93220	S	1724	1174	2898	0.00028
Pandoraea thiooxydans	445709	S	1456	143	1599	0.00015
Pandoraea pulmonicola	93221	S	1253	440	1693	0.00016
Pandoraea norimbergensis	93219	S	1034	263	1297	0.00012
Caballeronia sp. Lep1P3	2878150	S	1574	2419	3993	0.00038
Caballeronia sp. TF1N1	2878153	S	1345	604	1949	0.00019
Caballeronia zhejiangensis	871203	S	2187	593	2780	0.00027
Caballeronia insecticola	758793	S	1967	478	2445	0.00023
Caballeronia grimmiae	1071679	S	1838	1095	2933	0.00028
Variovorax sp. HW608	1034889	S	4930	925	5855	0.00056
Variovorax sp. SRS16	282217	S	3021	6691	9712	0.00093
Variovorax sp. PBS-H4	434008	S	2706	1983	4689	0.00045
Variovorax sp. RA8	662548	S	2364	2067	4431	0.00042
Variovorax sp. PBL-H6	434009	S	2340	2386	4726	0.00045
Variovorax sp. WDL1	207745	S	2253	3982	6235	0.00060
Variovorax sp. PAMC 28711	1795631	S	2075	392	2467	0.00024
Variovorax sp. RKNM96	2681552	S	2070	831	2901	0.00028
Variovorax sp. PAMC26660	2762322	S	1984	529	2513	0.00024
Variovorax sp. PAMC28562	2762323	S	1679	163	1842	0.00018
Variovorax sp. PBL-E5	434014	S	1647	4229	5876	0.00056
Variovorax sp. 38R	2774875	S	1198	1646	2844	0.00027
Variovorax paradoxus	34073	S	10679	10373	21052	0.00201
Variovorax boronicumulans	436515	S	1601	1235	2836	0.00027
Acidovorax sp. YS12	2738413	S	1789	1815	3604	0.00034
Acidovorax sp. RAC01	1842533	S	1048	1069	2117	0.00020
Acidovorax sp. KKS102	358220	S	1043	927	1970	0.00019
Acidovorax avenae	80867	S	3553	2489	6042	0.00058
Acidovorax monticola	1926868	S	1947	867	2814	0.00027
Acidovorax antarcticus	2743470	S	1683	1518	3201	0.00031
Acidovorax carolinensis	553814	S	1142	1056	2198	0.00021
Acidovorax citrulli	80869	S	1127	2468	3595	0.00034
Hydrogenophaga sp. BA0156	2716225	S	2539	2178	4717	0.00045
Hydrogenophaga sp. YM1	2806262	S	2381	1462	3843	0.00037
Hydrogenophaga sp. PBC	795665	S	2207	3137	5344	0.00051
Hydrogenophaga sp. BPS33	2651974	S	2171	2126	4297	0.00041
Hydrogenophaga sp. SL48	2806347	S	1671	920	2591	0.00025
Hydrogenophaga sp. PBL-H3	434010	S	1387	1557	2944	0.00028
Hydrogenophaga sp. RAC07	1842537	S	1314	566	1880	0.00018
Hydrogenophaga taeniospiralis	65656	S	1464	1266	2730	0.00026
Ramlibacter tataouinensis	94132	S	15788	7241	23029	0.00220
Comamonas sp. NLF-7-7	2597701	S	1207	1102	2309	0.00022
Comamonas sp. NLF-1-9	2853163	S	1018	722	1740	0.00017
Comamonas serinivorans	1082851	S	1548	516	2064	0.00020
Comamonas aquatica	225991	S	1528	1888	3416	0.00033
Comamonas testosteroni	285	S	1027	2590	3617	0.00035
Rhodoferax sp. BAB1	2741720	S	1771	560	2331	0.00022
Rhodoferax koreense	1842727	S	2886	1816	4702	0.00045
Rhodoferax sediminis	2509614	S	2315	411	2726	0.00026
Diaphorobacter sp. HDW4A	2714924	S	1077	1848	2925	0.00028
Diaphorobacter ruginosibacter	1715720	S	1320	1058	2378	0.00023
Delftia tsuruhatensis	180282	S	1452	4648	6100	0.00058
Delftia acidovorans	80866	S	1177	5516	6693	0.00064
Schlegelella thermodepolymerans	215580	S	2801	1530	4331	0.00041
Schlegelella brevitalea	413882	S	2589	418	3007	0.00029
Polaromonas sp. JS666	296591	S	1592	1657	3249	0.00031
Polaromonas naphthalenivorans	216465	S	1416	240	1656	0.00016
Kinneretia sp. DAIF2	2714952	S	2791	1148	3939	0.00038
Kinneretia sp. XES5	2877940	S	1257	1908	3165	0.00030
Ottowia sp. 27C	2816950	S	1563	336	1899	0.00018
Ottowia oryzae	2109914	S	1282	313	1595	0.00015
Alicycliphilus denitrificans	179636	S	3039	5783	8822	0.00084
Melaminivora sp. SC2-9	2109913	S	1476	2043	3519	0.00034
Melaminivora jejuensis	1267217	S	1113	1020	2133	0.00020
Verminephrobacter eiseniae	364317	S	1534	214	1748	0.00017
Hylemonella gracilis	80880	S	1268	205	1473	0.00014
Pulveribacter suum	2116657	S	1237	721	1958	0.00019
Massilia sp. WG5	1707785	S	3356	2308	5664	0.00054
Massilia sp. HC52	2852099	S	2143	1211	3354	0.00032
Massilia sp. LPB0304	2769491	S	2095	1500	3595	0.00034
Massilia sp. YMA4	1593482	S	1675	1215	2890	0.00028
Massilia sp. NP310	2861282	S	1667	1529	3196	0.00031
Massilia sp. DM-R-R2A-13	2899220	S	1579	709	2288	0.00022
Massilia sp. PAMC28688	2861283	S	1241	345	1586	0.00015
Massilia putida	1141883	S	3664	1210	4874	0.00047
Massilia violaceinigra	2045208	S	3109	891	4000	0.00038
Massilia flava	871742	S	2608	677	3285	0.00031
Massilia albidiflava	321983	S	1880	753	2633	0.00025
Massilia umbonata	864828	S	1807	736	2543	0.00024
Massilia lutea	321985	S	1769	557	2326	0.00022
Massilia armeniaca	2072590	S	1644	851	2495	0.00024
Massilia plicata	321984	S	1558	430	1988	0.00019
Massilia oculi	945844	S	1438	892	2330	0.00022
Massilia antarctica	2765360	S	1389	506	1895	0.00018
Duganella sp. GN2-R2	2728020	S	2489	1116	3605	0.00034
Duganella sp. AF9R3	2728021	S	1657	369	2026	0.00019
Herbaspirillum robiniae	2014887	S	1725	725	2450	0.00023
Herbaspirillum seropedicae	964	S	1304	540	1844	0.00018
Herbaspirillum frisingense	92645	S	1258	455	1713	0.00016
Herbaspirillum rubrisubalbicans	80842	S	1140	586	1726	0.00016
Herbaspirillum hiltneri	341045	S	1125	217	1342	0.00013
Janthinobacterium sp. 17J80-10	2497863	S	1035	497	1532	0.00015
Janthinobacterium agaricidamnosum	55508	S	1459	3300	4759	0.00045
Collimonas fungivorans	158899	S	1552	448	2000	0.00019
Collimonas arenae	279058	S	1268	174	1442	0.00014
Collimonas pratensis	279113	S	1192	251	1443	0.00014
Noviherbaspirillum sp. UKPF54	2601898	S	2726	530	3256	0.00031
Achromobacter xylosoxidans	85698	S	5620	11922	17542	0.00168
Achromobacter sp. AONIH1	1758194	S	1686	2901	4587	0.00044
Achromobacter sp. MFA1 R4	1881016	S	1289	982	2271	0.00022
Achromobacter spanius	217203	S	2764	1407	4171	0.00040
Achromobacter denitrificans	32002	S	2409	2226	4635	0.00044
Achromobacter deleyi	1353891	S	1791	1598	3389	0.00032
Achromobacter insolitus	217204	S	1334	470	1804	0.00017
Bordetella sp. H567	1697043	S	1984	622	2606	0.00025
Bordetella sp. N	1746199	S	1771	315	2086	0.00020
Bordetella bronchialis	463025	S	2116	848	2964	0.00028
Bordetella genomosp. 8	1416806	S	1989	768	2757	0.00026
Bordetella genomosp. 13	463040	S	1809	1766	3575	0.00034
Bordetella flabilis	463014	S	1771	321	2092	0.00020
Bordetella genomosp. 9	1416803	S	1576	711	2287	0.00022
Bordetella hinzii	103855	S	1485	2592	4077	0.00039
Bordetella petrii	94624	S	1259	2186	3445	0.00033
Bordetella trematum	123899	S	1062	677	1739	0.00017
Pigmentiphaga sp. H8	2488560	S	2807	429	3236	0.00031
Paralcaligenes sp. KSB-10	2901142	S	3058	155	3213	0.00031
Orrella dioscoreae	1851544	S	1410	604	2014	0.00019
Castellaniella defragrans	75697	S	1640	1358	2998	0.00029
Rhizobacter gummiphilus	946333	S	3479	760	4239	0.00040
Rhizobacter sp. AJA081-3	2753607	S	3274	892	4166	0.00040
Sphaerotilus sp. FB-5	2914710	S	2553	1908	4461	0.00043
Sphaerotilus natans	34103	S	2369	1025	3394	0.00032
Rubrivivax gelatinosus	28068	S	3658	1269	4927	0.00047
Thiomonas sp. X19	1050370	S	1189	1122	2311	0.00022
Methylibium petroleiphilum	105560	S	1213	1233	2446	0.00023
Methylibium sp. Pch-M	2082386	S	1097	979	2076	0.00020
Aquincola tertiaricarbonis	391953	S	2896	1133	4029	0.00038
Mitsuaria sp. 7	1658665	S	2746	601	3347	0.00032
Xylophilus rhododendri	2697032	S	2487	821	3308	0.00032
Leptothrix cholodnii	34029	S	2473	852	3325	0.00032
Ideonella dechloratans	36863	S	1600	1082	2682	0.00026
Tepidimonas taiwanensis	307486	S	1427	612	2039	0.00019
Roseateles depolymerans	76731	S	1352	287	1639	0.00016
Aquabacterium olei	1296669	S	1254	373	1627	0.00016
Nitrosospira lacus	1288494	S	15274	618	15892	0.00152
Nitrosospira multiformis	1231	S	3761	144	3905	0.00037
Nitrosospira briensis	35799	S	1907	1305	3212	0.00031
Nitrosospira sp. NRS527	155925	S	1807	1153	2960	0.00028
Usitatibacter rugosus	2732067	S	5217	685	5902	0.00056
Usitatibacter palustris	2732487	S	4153	580	4733	0.00045
Denitratisoma sp. DHT3	1981880	S	1260	1101	2361	0.00023
Sulfuritalea hydrogenivorans	748811	S	1302	216	1518	0.00014
Methyloversatilis sp. RAC08	1842540	S	1207	191	1398	0.00013
Thiobacillus denitrificans	36861	S	1813	419	2232	0.00021
Sulfuritortus calidifontis	1914471	S	1162	582	1744	0.00017
Sulfurimicrobium lacus	2715678	S	1102	164	1266	0.00012
Thauera sp. MZ1T	85643	S	2190	2527	4717	0.00045
Thauera sp. K11	2005884	S	2061	1396	3457	0.00033
Thauera humireducens	1134435	S	1321	910	2231	0.00021
Thauera chlorobenzoica	96773	S	1017	1041	2058	0.00020
Azoarcus sp. KH32C	748247	S	2131	423	2554	0.00024
Azoarcus sp. DD4	2027405	S	1798	1228	3026	0.00029
Azoarcus olearius	418699	S	1920	733	2653	0.00025
Azoarcus communis	41977	S	1539	681	2220	0.00021
Nitrogeniibacter mangrovi	2016596	S	1501	378	1879	0.00018
Aromatoleum petrolei	76116	S	1968	510	2478	0.00024
Aromatoleum aromaticum	551760	S	1637	1176	2813	0.00027
Aromatoleum bremense	76115	S	1436	847	2283	0.00022
Aromatoleum pumilum	2067960	S	1229	547	1776	0.00017
Azospira restricta	404405	S	2992	2518	5510	0.00053
Niveibacterium microcysteis	2811415	S	1174	202	1376	0.00013
Dechloromonas denitrificans	281362	S	1533	519	2052	0.00020
Ferribacterium limneticum	76259	S	1770	375	2145	0.00020
Chromobacterium sp. ATCC 53434	2059672	S	1186	908	2094	0.00020
Chromobacterium vaccinii	1108595	S	1268	1532	2800	0.00027
Chromobacterium violaceum	536	S	1101	1824	2925	0.00028
Jeongeupia sp. USM3	1906741	S	1533	501	2034	0.00019
Pseudogulbenkiania sp. NH8B	748280	S	1275	577	1852	0.00018
Crenobacter cavernae	2290923	S	1472	877	2349	0.00022
Chitinolyticbacter meiyuanensis	682798	S	1009	281	1290	0.00012
Casimicrobium huifangae	2591109	S	1042	589	1631	0.00016
Lysobacter sp. TY2-98	2290922	S	2475	498	2973	0.00028
Lysobacter sp. KIS68-7	2904252	S	2317	571	2888	0.00028
Lysobacter sp. 5GHs7-4	2904253	S	1650	643	2293	0.00022
Lysobacter sp. K5869	2820808	S	1528	984	2512	0.00024
Lysobacter sp. CECT 30171	2822368	S	1442	444	1886	0.00018
Lysobacter sp. S4-A87	2925843	S	1396	604	2000	0.00019
Lysobacter sp. CW239	2762611	S	1201	865	2066	0.00020
Lysobacter enzymogenes	69	S	9338	4433	13771	0.00132
Lysobacter capsici	435897	S	4207	6103	10310	0.00098
Lysobacter soli	453783	S	2631	681	3312	0.00032
Lysobacter antibioticus	84531	S	2179	590	2769	0.00026
Lysobacter lycopersici	1324796	S	2133	556	2689	0.00026
Lysobacter solisilvae (ex Woo and Kim 2022)	2865112	S	1984	730	2714	0.00026
Lysobacter solisilvae (ex Kim et al. 2021)	2763317	S	1979	497	2476	0.00024
Lysobacter maris	1605891	S	1832	552	2384	0.00023
Lysobacter arenosi	2795387	S	1322	554	1876	0.00018
Lysobacter alkalisoli	2591633	S	1276	287	1563	0.00015
Lysobacter oculi	2698682	S	1202	397	1599	0.00015
Stenotrophomonas maltophilia	40324	S	7065	14620	21685	0.00207
Stenotrophomonas rhizophila	216778	S	2535	950	3485	0.00033
Stenotrophomonas acidaminiphila	128780	S	1486	4529	6015	0.00057
Xanthomonas translucens	343	S	2692	6051	8743	0.00083
Xanthomonas campestris	339	S	2000	5026	7026	0.00067
Xanthomonas sacchari	56458	S	1461	683	2144	0.00020
Xanthomonas arboricola	56448	S	1266	3469	4735	0.00045
Xanthomonas theicola	56464	S	1007	500	1507	0.00014
Xanthomonas oryzae	347	S	1001	988	1989	0.00019
Luteimonas sp. S4-F44	2925842	S	1687	390	2077	0.00020
Luteimonas sp. D4P002	2901869	S	1647	519	2166	0.00021
Luteimonas sp. MC1750	2799326	S	1539	656	2195	0.00021
Luteimonas sp. YGD11-2	2508168	S	1257	621	1878	0.00018
Luteimonas sp. MC1572	2799325	S	1213	620	1833	0.00018
Luteimonas sp. JM171	1896164	S	1148	280	1428	0.00014
Luteimonas sp. MC1825	2761107	S	1117	586	1703	0.00016
Luteimonas granuli	1176533	S	1535	651	2186	0.00021
Luteimonas chenhongjianii	2006110	S	1317	332	1649	0.00016
Luteimonas yindakuii	2565782	S	1209	525	1734	0.00017
Pseudoxanthomonas suwonensis	314722	S	2957	1830	4787	0.00046
Pseudoxanthomonas mexicana	128785	S	1767	2887	4654	0.00044
Pseudoxanthomonas sp. X-1	2571115	S	1727	1849	3576	0.00034
Pseudoxanthomonas daejeonensis	266062	S	1198	365	1563	0.00015
Pseudoxanthomonas spadix	415229	S	1025	510	1535	0.00015
Thermomonas sp. XSG	2771436	S	1167	604	1771	0.00017
Thermomonas brevis	215691	S	1828	862	2690	0.00026
Thermomonas aquatica	2202149	S	1297	802	2099	0.00020
Thermomonas carbonis	1463158	S	1143	293	1436	0.00014
Pseudolysobacter antarcticus	2511995	S	1887	69	1956	0.00019
Arenimonas daejeonensis	370777	S	1564	394	1958	0.00019
Rhodanobacter denitrificans	666685	S	12738	4758	17496	0.00167
Rhodanobacter sp. FDAARGOS 1247	2778082	S	9043	3138	12181	0.00116
Rhodanobacter thiooxydans	416169	S	5628	2491	8119	0.00078
Rhodanobacter glycinis	582702	S	3737	678	4415	0.00042
Dyella thiooxydans	445710	S	5348	1612	6960	0.00066
Dyella japonica	231455	S	3573	1098	4671	0.00045
Dyella telluris	2763498	S	3463	948	4411	0.00042
Dyella terrae	522259	S	2514	376	2890	0.00028
Dyella caseinilytica	1849581	S	1324	112	1436	0.00014
Frateuria sp. 5GH9-34	2898793	S	8664	2542	11206	0.00107
Frateuria sp. 5GH9-11	1542730	S	4103	1522	5625	0.00054
Luteibacter sp. 321	2911537	S	2192	709	2901	0.00028
Luteibacter sp. EIF3	2780091	S	1711	280	1991	0.00019
Luteibacter sp. 335	2911538	S	1464	341	1805	0.00017
Luteibacter sp. 353	2911539	S	1352	449	1801	0.00017
Luteibacter rhizovicinus	242606	S	1754	255	2009	0.00019
Luteibacter pinisoli	2589080	S	1639	430	2069	0.00020
Luteibacter anthropi	564369	S	1361	251	1612	0.00015
Dokdonella koreensis	323415	S	6016	1206	7222	0.00069
Aerosticca soli	2010829	S	2361	3569	5930	0.00057
Pseudomonas sp. SCB32	2653853	S	1620	3484	5104	0.00049
Pseudomonas sp. ATCC 13867	1294143	S	1068	3004	4072	0.00039
Pseudomonas fluorescens	294	S	4763	6227	10990	0.00105
Pseudomonas protegens	380021	S	1270	1704	2974	0.00028
Pseudomonas aeruginosa	287	S	4799	70345	75144	0.00718
Pseudomonas mendocina	300	S	1790	906	2696	0.00026
Pseudomonas alcaligenes	43263	S	1386	1201	2587	0.00025
Pseudomonas putida	303	S	6755	12111	18866	0.00180
Pseudomonas oryzihabitans	47885	S	1814	566	2380	0.00023
Pseudomonas fulva	47880	S	1076	3989	5065	0.00048
Pseudomonas stutzeri	316	S	6325	5646	11971	0.00114
Pseudomonas balearica	74829	S	1019	1692	2711	0.00026
Pseudomonas syringae	317	S	1503	3900	5403	0.00052
Pseudomonas chlororaphis	587753	S	2945	4218	7163	0.00068
Pseudomonas psychrotolerans	237610	S	1695	548	2243	0.00021
Pseudomonas knackmussii	65741	S	1551	1678	3229	0.00031
Pseudomonas otitidis	319939	S	1550	492	2042	0.00020
Pseudomonas oryzae	1392877	S	1320	608	1928	0.00018
Pseudomonas entomophila	312306	S	1261	798	2059	0.00020
Azotobacter chroococcum	353	S	1368	1297	2665	0.00025
Salmonella enterica	28901	S	1004	41368	42372	0.00405
Serratia marcescens	615	S	1418	6353	7771	0.00074
Pantoea agglomerans	549	S	1063	1357	2420	0.00023
Halomonas sp. JS92-SW72	2306583	S	3796	5511	9307	0.00089
Halomonas sp. THAF5a	2587844	S	1116	1545	2661	0.00025
Halomonas beimenensis	475662	S	1176	1123	2299	0.00022
Salinicola tamaricis	1771309	S	1123	463	1586	0.00015
Halotalea alkalilenta	376489	S	1117	452	1569	0.00015
Thioalkalivibrio paradoxus	108010	S	1038	351	1389	0.00013
Thioalkalivibrio nitratireducens	186931	S	1029	316	1345	0.00013
Spiribacter sp. E85	2182432	S	1966	313	2279	0.00022
Halorhodospira halophila	1053	S	1002	170	1172	0.00011
Alkalilimnicola ehrlichii	351052	S	1041	207	1248	0.00012
Candidatus Thiodictyon syntrophicum	1166950	S	1893	166	2059	0.00020
Marichromatium purpuratum	37487	S	1675	531	2206	0.00021
Thioflavicoccus mobilis	80679	S	1654	240	1894	0.00018
Thiocapsa bogorovii	521689	S	1299	119	1418	0.00014
Thiocystis violascens	73141	S	1003	146	1149	0.00011
Wenzhouxiangella marina	1579979	S	1038	99	1137	0.00011
Guyparkeria halophila	47960	S	1169	394	1563	0.00015
Aeromonas hydrophila	644	S	1109	8979	10088	0.00096
Methylomagnum ishizawai	1760988	S	1152	358	1510	0.00014
Solimonas sp. K1W22B-7	2303331	S	2978	391	3369	0.00032
Flagellatimonas centrodinii	2806210	S	1003	87	1090	0.00010
Steroidobacter denitrificans	465721	S	1335	590	1925	0.00018
Sulfurifustis variabilis	1675686	S	3031	235	3266	0.00031
Sulfuricaulis limicola	1620215	S	1205	114	1319	0.00013
Immundisolibacter cernigliae	1810504	S	1620	390	2010	0.00019
Salinisphaera sp. LB1	2183911	S	1219	69	1288	0.00012
Corallococcus coralloides	184914	S	6682	2054	8736	0.00083
Corallococcus sp. EGB	1521117	S	3937	1081	5018	0.00048
Corallococcus macrosporus	35	S	2976	368	3344	0.00032
Myxococcus xanthus	34	S	4811	37891	42702	0.00408
Myxococcus hansupus	1297742	S	2545	163	2708	0.00026
Myxococcus stipitatus	83455	S	2303	163	2466	0.00024
Myxococcus sp. SCHIC003	2813577	S	2017	145	2162	0.00021
Pyxidicoccus sp. SCPEA002	2813578	S	6428	251	6679	0.00064
Anaeromyxobacter sp. Red232	2918170	S	8746	947	9693	0.00093
Anaeromyxobacter sp. Red630	2918171	S	6242	881	7123	0.00068
Anaeromyxobacter sp. Fw109-5	404589	S	6240	832	7072	0.00068
Anaeromyxobacter sp. K	447217	S	1624	3175	4799	0.00046
Anaeromyxobacter dehalogenans	161493	S	4983	3734	8717	0.00083
Archangium violaceum	83451	S	9384	1847	11231	0.00107
Archangium gephyra	48	S	4653	1096	5749	0.00055
Cystobacter fuscus	43	S	4315	1099	5414	0.00052
Stigmatella aurantiaca	41	S	3950	261	4211	0.00040
Melittangium boletus	83453	S	3397	787	4184	0.00040
Vulgatibacter incomptus	1391653	S	4065	342	4407	0.00042
Sorangium cellulosum	56	S	49040	5767	54807	0.00523
Polyangium aurulentum	2567896	S	12616	1144	13760	0.00131
Chondromyces crocatus	52	S	6075	283	6358	0.00061
Sandaracinus amylolyticus	927083	S	18633	1155	19788	0.00189
Labilithrix luteola	1391654	S	12104	537	12641	0.00121
Haliangium ochraceum	80816	S	8471	475	8946	0.00085
Geomonas sp. RF6	2897342	S	1360	273	1633	0.00016
Geomonas paludis	2740185	S	1129	962	2091	0.00020
Geomonas nitrogeniifigens	2847991	S	1038	924	1962	0.00019
Geobacter sulfurreducens	35554	S	1039	295	1334	0.00013
Geobacter pickeringii	345632	S	1033	389	1422	0.00014
Desulfuromonas versatilis	2802975	S	1657	366	2023	0.00019
Desulfuromonas sp. DDH964	1823759	S	1137	251	1388	0.00013
Desulfuromonas soudanensis	1603606	S	1059	145	1204	0.00012
Solidesulfovibrio carbinoliphilus	345370	S	1113	1213	2326	0.00022
Oceanidesulfovibrio marinus	370038	S	1165	360	1525	0.00015
Persicimonas caeni	2292766	S	3233	107	3340	0.00032
Bradymonas sediminis	1548548	S	1232	96	1328	0.00013
Desulfarculus baarsii	453230	S	1343	798	2141	0.00020
Gemmata obscuriglobus	114	S	8342	1398	9740	0.00093
Gemmata massiliana	1210884	S	3798	1495	5293	0.00051
Gemmata sp. SH-PL17	1630693	S	3585	1588	5173	0.00049
Urbifossiella limnaea	2528023	S	14795	1190	15985	0.00153
Frigoriglobus tundricola	2774151	S	10220	1423	11643	0.00111
Limnoglobus roseus	2598579	S	6338	260	6598	0.00063
Paludisphaera borealis	1387353	S	11450	1757	13207	0.00126
Singulisphaera acidiphila	466153	S	11042	1124	12166	0.00116
Aquisphaera giovannonii	406548	S	10496	1394	11890	0.00114
Tautonia plasticadhaerens	2527974	S	9124	653	9777	0.00093
Isosphaera pallida	128	S	1105	56	1161	0.00011
Planctomyces sp. SH-PL62	1636152	S	7164	1794	8958	0.00086
Planctomyces sp. SH-PL14	1632864	S	3167	226	3393	0.00032
Alienimonas californiensis	2527989	S	2323	188	2511	0.00024
Caulifigura coniformis	2527983	S	2072	150	2222	0.00021
Maioricimonas rarisocia	2528026	S	1936	282	2218	0.00021
Stieleria maiorica	2795974	S	1008	180	1188	0.00011
Lignipirellula cremea	2528010	S	1756	181	1937	0.00019
Anatilimnocola aggregata	2528021	S	1189	113	1302	0.00012
Bremerella volcania	2527984	S	1016	62	1078	0.00010
Lacipirellula parvula	2650471	S	1957	194	2151	0.00021
Lacipirellula limnantheis	2528024	S	1794	208	2002	0.00019
Pirellulimonas nuda	2528009	S	2487	260	2747	0.00026
Botrimarina mediterranea	2528022	S	2052	181	2233	0.00021
Humisphaera borealis	2807512	S	4860	130	4990	0.00048
Phycisphaera mikurensis	547188	S	2363	200	2563	0.00024
Mucisphaera calidilacus	2527982	S	1048	53	1101	0.00011
Opitutus terrae	107709	S	3062	168	3230	0.00031
Opitutus sp. GAS368	1882749	S	2925	478	3403	0.00033
Lacunisphaera limnophila	1838286	S	1901	305	2206	0.00021
Oleiharenicola sp. KSB-15	2862869	S	1614	99	1713	0.00016
Nibricoccus aquaticus	2576891	S	1462	78	1540	0.00015
Ereboglobus luteus	1796921	S	1043	70	1113	0.00011
Verrucomicrobium sp. GAS474	1882831	S	1689	262	1951	0.00019
Verrucomicrobium spinosum	2736	S	1039	89	1128	0.00011
Luteolibacter ambystomatis	2824561	S	1068	119	1187	0.00011
Roseimicrobium sp. ORNL1	2711231	S	1039	51	1090	0.00010
Mucilaginibacter ginsenosidivorans	398053	S	1811	1072	2883	0.00028
Pedobacter ginsengisoli	363852	S	2836	1967	4803	0.00046
Rhodothermus marinus	29549	S	2708	231	2939	0.00028
Rhodocaloribacter litoris	2558931	S	2455	416	2871	0.00027
Salinibacter ruber	146919	S	1718	55	1773	0.00017
Gemmatirosa kalamazoonesis	861299	S	31475	3545	35020	0.00334
Gemmatimonas groenlandica	2732249	S	5419	620	6039	0.00058
Gemmatimonas aurantiaca	173480	S	3798	389	4187	0.00040
Gemmatimonas phototrophica	1379270	S	3121	429	3550	0.00034
Granulicella sp. WH15	2602070	S	3302	649	3951	0.00038
Granulicella sp. 5B5	1617967	S	2554	447	3001	0.00029
Granulicella mallensis	940614	S	2727	365	3092	0.00030
Granulicella tundricola	940615	S	2150	317	2467	0.00024
Candidatus Koribacter versatilis	658062	S	9723	372	10095	0.00096
Terriglobus roseus	392734	S	3893	822	4715	0.00045
Terriglobus albidus	1592106	S	2636	269	2905	0.00028
Terriglobus saanensis	870903	S	1753	238	1991	0.00019
Acidobacterium capsulatum	33075	S	4253	587	4840	0.00046
Acidobacterium sp. 4Y35	2763107	S	4048	314	4362	0.00042
Edaphobacter sp. 12200R-103	2703788	S	5189	877	6066	0.00058
Edaphobacter sp. 4G125	2763071	S	1723	245	1968	0.00019
Acidisarcina polymorpha	2211140	S	2660	213	2873	0.00027
Paludibaculum fermentans	1473598	S	6096	164	6260	0.00060
Luteitalea sp. TBR-22	2802971	S	7848	1380	9228	0.00088
Luteitalea pratensis	1855912	S	6159	641	6800	0.00065
Sulfidibacter corallicola	2818388	S	1391	36	1427	0.00014
Nitrospira moscoviensis	42253	S	1832	199	2031	0.00019
Fusarium acuminatum	5515	S	13434	2400	15834	0.00151
Cordyceps fumosorosea	114497	S	1309	244	1553	0.00015
Purpureocillium lilacinum	33203	S	1345	401	1746	0.00017
Drechmeria coniospora	98403	S	1113	188	1301	0.00012
Colletotrichum higginsianum	80884	S	1411	647	2058	0.00020
Thermothielavioides terrestris	2587410	S	1715	140	1855	0.00018
Thermothelomyces thermophilus	78579	S	1035	63	1098	0.00010
Aspergillus chevalieri	182096	S	1138	299	1437	0.00014
Talaromyces rugulosus	121627	S	2384	398	2782	0.00027
Pseudozyma flocculosa	84751	S	2010	308	2318	0.00022
Phytophthora cinnamomi	4785	S	1453	590	2043	0.00020
Phytophthora fragariae	53985	S	1153	471	1624	0.00016
