name	taxonomy_id	taxonomy_lvl	kraken_assigned_reads	added_reads	new_est_reads	fraction_total_reads
Streptomycetaceae	2062	F	2505371	482837	2988208	0.15153
Microbacteriaceae	85023	F	551422	67413	618835	0.03138
Micrococcaceae	1268	F	285012	54028	339040	0.01719
Cellulomonadaceae	85016	F	115089	32348	147437	0.00748
Intrasporangiaceae	85021	F	102978	22027	125005	0.00634
Promicromonosporaceae	85017	F	56391	18321	74712	0.00379
Ornithinimicrobiaceae	2805590	F	44980	7904	52884	0.00268
Dermabacteraceae	85020	F	31231	4942	36173	0.00183
Brevibacteriaceae	85019	F	29802	5119	34921	0.00177
Bogoriellaceae	145358	F	23015	5784	28799	0.00146
Dermacoccaceae	145357	F	22929	4481	27410	0.00139
Ruaniaceae	1331736	F	17841	18297	36138	0.00183
Beutenbergiaceae	125316	F	12790	3437	16227	0.00082
Sanguibacteraceae	145360	F	9212	2416	11628	0.00059
Kytococcaceae	2805426	F	3956	2225	6181	0.00031
Dermatophilaceae	85018	F	3956	319	4275	0.00022
Demequinaceae	1042322	F	1336	89	1425	0.00007
Nocardioidaceae	85015	F	919806	156885	1076691	0.05460
Propionibacteriaceae	31957	F	97327	16866	114193	0.00579
Kribbellaceae	2726069	F	56744	7184	63928	0.00324
Actinopolymorphaceae	2805400	F	16535	1564	18099	0.00092
Mycobacteriaceae	1762	F	564722	67291	632013	0.03205
Nocardiaceae	85025	F	281383	45765	327148	0.01659
Corynebacteriaceae	1653	F	76204	15678	91882	0.00466
Gordoniaceae	85026	F	69027	13618	82645	0.00419
Tsukamurellaceae	85028	F	21438	4501	25939	0.00132
Dietziaceae	85029	F	12469	11118	23587	0.00120
Segniliparaceae	316606	F	1763	81	1844	0.00009
Pseudonocardiaceae	2070	F	724787	92218	817005	0.04143
Micromonosporaceae	28056	F	641085	76599	717684	0.03639
Thermomonosporaceae	2012	F	194615	31308	225923	0.01146
Streptosporangiaceae	2004	F	160214	22309	182523	0.00926
Nocardiopsaceae	83676	F	50620	6735	57355	0.00291
Geodermatophilaceae	85030	F	216059	45560	261619	0.01327
Frankiaceae	74712	F	52683	4435	57118	0.00290
Actinomycetaceae	2049	F	49938	6151	56089	0.00284
Jiangellaceae	1217100	F	30044	4378	34422	0.00175
Nakamurellaceae	85031	F	20877	2359	23236	0.00118
Bifidobacteriaceae	31953	F	18723	5536	24259	0.00123
Catenulisporaceae	414877	F	12430	1509	13939	0.00071
Jatrophihabitantaceae	2805416	F	9329	682	10011	0.00051
Kineosporiaceae	83778	F	7011	1615	8626	0.00044
Glycomycetaceae	85034	F	7004	474	7478	0.00038
Sporichthyaceae	85033	F	4071	1617	5688	0.00029
Actinopolysporaceae	622451	F	3238	277	3515	0.00018
Acidothermaceae	85032	F	2178	95	2273	0.00012
Conexibacteraceae	320583	F	238342	30544	268886	0.01364
Miltoncostaeaceae	2843199	F	45725	5115	50840	0.00258
Baekduiaceae	2600303	F	95000	13700	108700	0.00551
Rubrobacteraceae	84997	F	38374	1411	39785	0.00202
Iamiaceae	633392	F	67041	7296	74337	0.00377
Ilumatobacteraceae	2448023	F	7870	421	8291	0.00042
Acidimicrobiaceae	84994	F	2473	167	2640	0.00013
Eggerthellaceae	1643826	F	16364	2226	18590	0.00094
Atopobiaceae	1643824	F	8547	1626	10173	0.00052
Coriobacteriaceae	84107	F	3541	686	4227	0.00021
Egibacteraceae	1747769	F	7243	360	7603	0.00039
Euzebyaceae	908622	F	6873	473	7346	0.00037
Egicoccaceae	1755824	F	6745	875	7620	0.00039
Bacillaceae	186817	F	122736	81214	203950	0.01034
Paenibacillaceae	186822	F	75069	5329	80398	0.00408
Alicyclobacillaceae	186823	F	7006	947	7953	0.00040
Planococcaceae	186818	F	3947	1047	4994	0.00025
Thermoactinomycetaceae	186824	F	2520	246	2766	0.00014
Staphylococcaceae	90964	F	1791	5235	7026	0.00036
Lactobacillaceae	33958	F	4827	1373	6200	0.00031
Streptococcaceae	1300	F	1773	3797	5570	0.00028
Oscillospiraceae	216572	F	10894	3248	14142	0.00072
Clostridiales Family XVII. Incertae Sedis	539000	F	8156	1801	9957	0.00050
Clostridiaceae	31979	F	6746	858	7604	0.00039
Lachnospiraceae	186803	F	3873	1147	5020	0.00025
Symbiobacteriaceae	543349	F	3415	231	3646	0.00018
Peptococcaceae	186807	F	2006	143	2149	0.00011
Desulfitobacteriaceae	2937909	F	1440	133	1573	0.00008
Christensenellaceae	990719	F	1123	422	1545	0.00008
Heliobacteriaceae	31984	F	1026	350	1376	0.00007
Eubacteriaceae	186806	F	1000	183	1183	0.00006
Thermoanaerobacteraceae	186814	F	3818	450	4268	0.00022
Selenomonadaceae	1843491	F	4074	194	4268	0.00022
Sporomusaceae	1843490	F	1007	81	1088	0.00006
Veillonellaceae	31977	F	1326	339	1665	0.00008
Limnochordaceae	1676650	F	3136	99	3235	0.00016
Deinococcaceae	183710	F	38344	3783	42127	0.00214
Thermaceae	188786	F	13985	696	14681	0.00074
Trueperaceae	332247	F	2899	121	3020	0.00015
Synechococcaceae	1890426	F	17992	1761	19753	0.00100
Prochlorococcaceae	2881426	F	4235	769	5004	0.00025
Nostocaceae	1162	F	3347	1135	4482	0.00023
Calotrichaceae	2661849	F	1360	206	1566	0.00008
Gloeobacteraceae	1890422	F	5183	102	5285	0.00027
Leptolyngbyaceae	1890438	F	3208	220	3428	0.00017
Coleofasciculaceae	1892251	F	1076	184	1260	0.00006
Oscillatoriaceae	1892254	F	1018	244	1262	0.00006
Sphaerobacteraceae	85002	F	7927	389	8316	0.00042
Thermomicrobiaceae	189777	F	1905	33	1938	0.00010
Roseiflexaceae	1508635	F	5403	250	5653	0.00029
Chloroflexaceae	1106	F	1879	66	1945	0.00010
Tepidiformaceae	2682227	F	5179	177	5356	0.00027
Ardenticatenaceae	1382930	F	4728	77	4805	0.00024
Caldilineaceae	475964	F	2363	123	2486	0.00013
Ktedonosporobacteraceae	2692416	F	1944	47	1991	0.00010
Anaerolineaceae	292628	F	1790	1011	2801	0.00014
Fimbriimonadaceae	1663426	F	2616	12	2628	0.00013
Bradyrhizobiaceae	41294	F	1016435	80939	1097374	0.05565
Rhizobiaceae	82115	F	296475	51779	348254	0.01766
Phyllobacteriaceae	69277	F	263306	38820	302126	0.01532
Methylobacteriaceae	119045	F	209027	26457	235484	0.01194
Xanthobacteraceae	335928	F	114397	16168	130565	0.00662
Hyphomicrobiaceae	45401	F	108938	8519	117457	0.00596
Boseaceae	2831100	F	47484	6220	53704	0.00272
Devosiaceae	2831106	F	43291	3169	46460	0.00236
Aurantimonadaceae	255475	F	36794	38591	75385	0.00382
Methylocystaceae	31993	F	27354	1975	29329	0.00149
Phreatobacteraceae	2843305	F	21995	3139	25134	0.00127
Stappiaceae	2821832	F	20745	3877	24622	0.00125
Blastochloridaceae	2831090	F	13504	2688	16192	0.00082
Beijerinckiaceae	45404	F	13215	817	14032	0.00071
Parvibaculaceae	2813035	F	12741	2647	15388	0.00078
Chelatococcaceae	2036754	F	12022	2277	14299	0.00073
Kaistiaceae	2831111	F	7732	1608	9340	0.00047
Amorphaceae	2685818	F	7545	700	8245	0.00042
Brucellaceae	118882	F	6933	11114	18047	0.00092
Pleomorphomonadaceae	2843308	F	4559	684	5243	0.00027
Lichenihabitantaceae	2723775	F	4477	186	4663	0.00024
Breoghaniaceae	2831104	F	4270	477	4747	0.00024
Sphingomonadaceae	41297	F	425598	51975	477573	0.02422
Erythrobacteraceae	335929	F	71807	11637	83444	0.00423
Sphingosinicellaceae	2820280	F	19802	1307	21109	0.00107
Azospirillaceae	2829815	F	112609	10570	123179	0.00625
Acetobacteraceae	433	F	101850	11503	113353	0.00575
Rhodospirillaceae	41295	F	56817	223382	280199	0.01421
Stellaceae	2844601	F	11430	681	12111	0.00061
Elioraeaceae	2690195	F	5437	232	5669	0.00029
Thalassospiraceae	2844866	F	3196	197	3393	0.00017
Rhodobacteraceae	31989	F	120708	14247	134955	0.00684
Roseobacteraceae	2854170	F	83064	7693	90757	0.00460
Caulobacteraceae	76892	F	145342	11812	157154	0.00797
Maricaulaceae	2800061	F	6608	580	7188	0.00036
Hyphomonadaceae	69657	F	5701	190	5891	0.00030
Parvularculaceae	255474	F	2022	117	2139	0.00011
Burkholderiaceae	119060	F	514863	124294	639157	0.03241
Comamonadaceae	80864	F	385658	121215	506873	0.02570
Oxalobacteraceae	75682	F	179206	23807	203013	0.01029
Alcaligenaceae	506	F	130135	169460	299595	0.01519
Sutterellaceae	995019	F	2625	207	2832	0.00014
Zoogloeaceae	2008794	F	46585	17974	64559	0.00327
Rhodocyclaceae	75787	F	34458	10495	44953	0.00228
Azonexaceae	2008795	F	12031	1242	13273	0.00067
Usitatibacteraceae	2803844	F	33853	2541	36394	0.00185
Sterolibacteriaceae	2008793	F	13986	3678	17664	0.00090
Thiobacillaceae	2008790	F	7477	2065	9542	0.00048
Nitrosomonadaceae	206379	F	7413	293	7706	0.00039
Gallionellaceae	90627	F	7216	815	8031	0.00041
Sulfuricellaceae	2772226	F	5795	700	6495	0.00033
Methylophilaceae	32011	F	2777	262	3039	0.00015
Chromobacteriaceae	1499392	F	41120	7711	48831	0.00248
Neisseriaceae	481	F	16692	3100	19792	0.00100
Casimicrobiaceae	2705999	F	2436	1175	3611	0.00018
Xanthomonadaceae	32033	F	306067	55634	361701	0.01834
Rhodanobacteraceae	1775411	F	68331	9965	78296	0.00397
Pseudomonadaceae	135621	F	332588	81129	413717	0.02098
Marinobacteraceae	2887365	F	7724	563	8287	0.00042
Enterobacteriaceae	543	F	51804	170742	222546	0.01129
Yersiniaceae	1903411	F	21032	5912	26944	0.00137
Erwiniaceae	1903409	F	18031	2977	21008	0.00107
Pectobacteriaceae	1903410	F	9761	1368	11129	0.00056
Hafniaceae	1903412	F	2959	880	3839	0.00019
Morganellaceae	1903414	F	2268	1287	3555	0.00018
Bruguierivoracaceae	2812006	F	1826	115	1941	0.00010
Ectothiorhodospiraceae	72276	F	30405	2494	32899	0.00167
Chromatiaceae	1046	F	23045	1446	24491	0.00124
Wenzhouxiangellaceae	1676141	F	3463	3072	6535	0.00033
Thioalkalibacteraceae	2035710	F	2011	428	2439	0.00012
Thioalkalispiraceae	1096778	F	1895	639	2534	0.00013
Halothiobacillaceae	255526	F	1235	90	1325	0.00007
Woeseiaceae	1738654	F	1063	16	1079	0.00005
Halomonadaceae	28256	F	51709	5539	57248	0.00290
Alcanivoracaceae	224372	F	5169	2059	7228	0.00037
Oceanospirillaceae	135620	F	3423	333	3756	0.00019
Hahellaceae	224379	F	1179	41	1220	0.00006
Saccharospirillaceae	255527	F	1110	49	1159	0.00006
Aeromonadaceae	84642	F	24937	15290	40227	0.00204
Methylococcaceae	403	F	21761	869	22630	0.00115
Sinobacteraceae	568386	F	9241	1042	10283	0.00052
Steroidobacteraceae	2689614	F	5896	1381	7277	0.00037
Microbulbiferaceae	1706373	F	6542	326	6868	0.00035
Halieaceae	1706372	F	2931	249	3180	0.00016
Cellvibrionaceae	1706371	F	2694	82	2776	0.00014
Spongiibacteraceae	1706375	F	1378	96	1474	0.00007
Shewanellaceae	267890	F	6387	977	7364	0.00037
Alteromonadaceae	72275	F	2934	321	3255	0.00017
Pseudoalteromonadaceae	267888	F	1926	208	2134	0.00011
Acidiferrobacteraceae	1692041	F	12801	549	13350	0.00068
Vibrionaceae	641	F	7768	1293	9061	0.00046
Moraxellaceae	468	F	4117	4415	8532	0.00043
Immundisolibacteraceae	1934946	F	3239	538	3777	0.00019
Piscirickettsiaceae	135616	F	1313	103	1416	0.00007
Thiotrichaceae	135617	F	1157	30	1187	0.00006
Salinisphaeraceae	742031	F	2285	84	2369	0.00012
Legionellaceae	444	F	1441	82	1523	0.00008
Pasteurellaceae	712	F	1654	471	2125	0.00011
Cardiobacteriaceae	868	F	1329	164	1493	0.00008
Myxococcaceae	31	F	93676	28816	122492	0.00621
Anaeromyxobacteraceae	1524215	F	82416	5471	87887	0.00446
Archangiaceae	39	F	77581	3885	81466	0.00413
Vulgatibacteraceae	1524213	F	8053	561	8614	0.00044
Polyangiaceae	49	F	153294	10857	164151	0.00832
Sandaracinaceae	1055686	F	40850	1981	42831	0.00217
Labilitrichaceae	1524216	F	21176	848	22024	0.00112
Kofleriaceae	224464	F	17778	829	18607	0.00094
Geobacteraceae	213422	F	35626	2898	38524	0.00195
Desulfuromonadaceae	213421	F	9557	1230	10787	0.00055
Syntrophotaleaceae	2812024	F	1678	167	1845	0.00009
Desulfovibrionaceae	194924	F	29640	2253	31893	0.00162
Desulfomicrobiaceae	213116	F	1623	153	1776	0.00009
Desulfobacteraceae	213119	F	6771	563	7334	0.00037
Desulfobulbaceae	213121	F	3023	361	3384	0.00017
Bradymonadaceae	1779135	F	8698	926	9624	0.00049
Desulfarculaceae	453228	F	2479	1154	3633	0.00018
Syntrophobacteraceae	213465	F	2416	498	2914	0.00015
Syntrophaceae	213468	F	1268	256	1524	0.00008
Campylobacteraceae	72294	F	1286	234	1520	0.00008
Acidithiobacillaceae	225058	F	2806	249	3055	0.00015
Bdellovibrionaceae	213483	F	1120	15	1135	0.00006
Gemmataceae	1914233	F	108426	3120	111546	0.00566
Isosphaeraceae	1763524	F	82372	7367	89739	0.00455
Lacipirellulaceae	2691359	F	32617	1357	33974	0.00172
Pirellulaceae	2691357	F	31345	1180	32525	0.00165
Planctomycetaceae	126	F	54926	5011	59937	0.00304
Tepidisphaeraceae	1771355	F	8595	189	8784	0.00045
Phycisphaeraceae	666507	F	6867	367	7234	0.00037
Opitutaceae	134623	F	27965	934	28899	0.00147
Puniceicoccaceae	415002	F	1310	131	1441	0.00007
Verrucomicrobiaceae	203557	F	12856	412	13268	0.00067
Akkermansiaceae	1647988	F	1794	1963	3757	0.00019
Kiritimatiellaceae	1921783	F	1243	1129	2372	0.00012
Hymenobacteraceae	1853232	F	31317	1085	32402	0.00164
Fulvivirgaceae	2762286	F	6273	136	6409	0.00033
Cytophagaceae	89373	F	5710	216	5926	0.00030
Spirosomaceae	2896860	F	4307	184	4491	0.00023
Cyclobacteriaceae	563798	F	1209	100	1309	0.00007
Chitinophagaceae	563835	F	39220	396	39616	0.00201
Rikenellaceae	171550	F	6937	1711	8648	0.00044
Prevotellaceae	171552	F	2680	305	2985	0.00015
Bacteroidaceae	815	F	2387	751	3138	0.00016
Tannerellaceae	2005525	F	1188	272	1460	0.00007
Muribaculaceae	2005473	F	1083	181	1264	0.00006
Flavobacteriaceae	49546	F	11108	654	11762	0.00060
Weeksellaceae	2762318	F	3841	823	4664	0.00024
Rhodothermaceae	563843	F	13157	546	13703	0.00069
Sphingobacteriaceae	84566	F	8209	682	8891	0.00045
Chlorobiaceae	191412	F	5010	521	5531	0.00028
Gemmatimonadaceae	219687	F	98634	5185	103819	0.00526
Vicinamibacteraceae	2211325	F	71157	3715	74872	0.00380
Acidobacteriaceae	204434	F	42335	847	43182	0.00219
Bryobacteraceae	1962910	F	9566	4793	14359	0.00073
Acanthopleuribacteraceae	533207	F	2918	51	2969	0.00015
Nitrospiraceae	189779	F	12790	168	12958	0.00066
Treponemataceae	2845253	F	1495	206	1701	0.00009
Spirochaetaceae	137	F	1459	37	1496	0.00008
Leptospiraceae	170	F	1212	15	1227	0.00006
Synergistaceae	649777	F	4591	1235	5826	0.00030
Nectriaceae	110618	F	20568	1395	21963	0.00111
Hypocreaceae	5129	F	8178	294	8472	0.00043
Clavicipitaceae	34397	F	7339	546	7885	0.00040
Cordycipitaceae	474943	F	7210	200	7410	0.00038
Ophiocordycipitaceae	474942	F	5565	261	5826	0.00030
Bionectriaceae	103887	F	1206	75	1281	0.00006
Glomerellaceae	681950	F	2753	450	3203	0.00016
Chaetomiaceae	35718	F	7683	247	7930	0.00040
Pyriculariaceae	2528436	F	3348	24	3372	0.00017
Sporocadaceae	1812776	F	1839	22	1861	0.00009
Aspergillaceae	1131492	F	8208	331	8539	0.00043
Didymosphaeriaceae	221678	F	1040	303	1343	0.00007
Mycosphaerellaceae	93133	F	1148	10	1158	0.00006
Saccharomycetaceae	4893	F	1744	323	2067	0.00010
Ustilaginaceae	5268	F	5541	140	5681	0.00029
Phanerochaetaceae	396331	F	1318	17	1335	0.00007
Peronosporaceae	4777	F	10102	1353	11455	0.00058
Pythiaceae	4782	F	1020	13	1033	0.00005
