name	taxonomy_id	taxonomy_lvl	kraken_assigned_reads	added_reads	new_est_reads	fraction_total_reads
Bradyrhizobium sp. 170	2782641	S	119481	23786	143267	0.00967
Bradyrhizobium sp. 200	2782665	S	103146	17994	121140	0.00818
Bradyrhizobium sp. CCBAU 051011	858422	S	62057	8246	70303	0.00474
Bradyrhizobium sp. CCBAU 51753	1325100	S	42124	6667	48791	0.00329
Bradyrhizobium sp. 186	2782654	S	33663	6988	40651	0.00274
Bradyrhizobium sp. SK17	2057741	S	25413	6269	31682	0.00214
Bradyrhizobium sp. S2-11-2	2840472	S	23386	15260	38646	0.00261
Bradyrhizobium sp. 6(2017)	1197460	S	21884	6981	28865	0.00195
Bradyrhizobium sp. A19	2898149	S	21764	2907	24671	0.00167
Bradyrhizobium sp. CCBAU 53421	1325120	S	21066	4739	25805	0.00174
Bradyrhizobium sp. BTAi1	288000	S	20381	2878	23259	0.00157
Bradyrhizobium sp. S2-20-1	2840469	S	20251	14161	34412	0.00232
Bradyrhizobium sp. CCBAU 53338	1325111	S	19317	5174	24491	0.00165
Bradyrhizobium sp. ORS 278	114615	S	19132	3427	22559	0.00152
Bradyrhizobium sp. CCBAU 53340	1325112	S	18667	4757	23424	0.00158
Bradyrhizobium sp. ORS 285	115808	S	18575	3256	21831	0.00147
Bradyrhizobium sp. S2-11-4	2840473	S	18338	14150	32488	0.00219
Bradyrhizobium sp. 1(2017)	1404888	S	15701	3547	19248	0.00130
Bradyrhizobium sp. 195	2782662	S	15576	4123	19699	0.00133
Bradyrhizobium sp. 41S5	1404443	S	13657	6148	19805	0.00134
Bradyrhizobium sp. CCBAU 53351	1325114	S	13413	4490	17903	0.00121
Bradyrhizobium sp. CCGE-LA001	1223566	S	10006	2585	12591	0.00085
Bradyrhizobium sp.	376	S	9648	19440	29088	0.00196
Bradyrhizobium sp. 191	2782659	S	8760	7219	15979	0.00108
Bradyrhizobium sp. I71	2590772	S	8279	6051	14330	0.00097
Bradyrhizobium sp. CCBAU 51765	1325102	S	7946	5879	13825	0.00093
Bradyrhizobium sp. 40	2782674	S	7555	14289	21844	0.00147
Bradyrhizobium sp. 4	2782678	S	7010	14993	22003	0.00149
Bradyrhizobium sp. C-145	574727	S	6617	4053	10670	0.00072
Bradyrhizobium sp. 144S4	2823807	S	6000	9862	15862	0.00107
Bradyrhizobium sp. 323S2	1404649	S	4845	8033	12878	0.00087
Bradyrhizobium sp. 187	2782655	S	3529	12459	15988	0.00108
Bradyrhizobium sp. 192	2782660	S	3406	5372	8778	0.00059
Bradyrhizobium sp. LCT2	2493093	S	2850	4769	7619	0.00051
Bradyrhizobium sp. 172	2782643	S	1443	13106	14549	0.00098
Bradyrhizobium sp. SG09	2599805	S	1325	6204	7529	0.00051
Bradyrhizobium sp. 1S5	2816456	S	1258	10659	11917	0.00080
Bradyrhizobium sp. TM102	2599819	S	1181	5364	6545	0.00044
Bradyrhizobium sp. 38S5	2819348	S	914	8377	9291	0.00063
Bradyrhizobium sp. CW1	2782686	S	837	9741	10578	0.00071
Bradyrhizobium sp. 155	2782629	S	802	10775	11577	0.00078
Bradyrhizobium sp. 131	2782609	S	642	7832	8474	0.00057
Bradyrhizobium sp. CCBAU 21365	1325083	S	100	2850	2950	0.00020
Bradyrhizobium erythrophlei	1437360	S	223956	12987	236943	0.01599
Bradyrhizobium diazoefficiens	1355477	S	79299	84359	163658	0.01105
Bradyrhizobium lablabi	722472	S	74334	48577	122911	0.00830
Bradyrhizobium canariense	255045	S	52615	48856	101471	0.00685
Bradyrhizobium paxllaeri	190148	S	43801	5269	49070	0.00331
Bradyrhizobium icense	1274631	S	42751	4122	46873	0.00316
Bradyrhizobium japonicum	375	S	29393	25608	55001	0.00371
Bradyrhizobium genosp. L	83637	S	26229	3680	29909	0.00202
Bradyrhizobium arachidis	858423	S	21751	4004	25755	0.00174
Bradyrhizobium genosp. B	83627	S	18687	2684	21371	0.00144
Bradyrhizobium quebecense	2748629	S	17805	6243	24048	0.00162
Bradyrhizobium oligotrophicum	44255	S	15408	1945	17353	0.00117
Bradyrhizobium guangzhouense	1325095	S	15363	3684	19047	0.00129
Bradyrhizobium cosmicum	1404864	S	15050	3190	18240	0.00123
Bradyrhizobium septentrionale	1404411	S	14168	5306	19474	0.00131
Bradyrhizobium guangdongense	1325090	S	13547	3256	16803	0.00113
Bradyrhizobium vignae	1549949	S	11442	1801	13243	0.00089
Bradyrhizobium guangxiense	1325115	S	10187	2793	12980	0.00088
Bradyrhizobium betae	244734	S	9210	3234	12444	0.00084
Bradyrhizobium amphicarpaeae	1404768	S	8775	2330	11105	0.00075
Bradyrhizobium daqingense	993502	S	8032	2722	10754	0.00073
Bradyrhizobium symbiodeficiens	1404367	S	7704	6941	14645	0.00099
Bradyrhizobium ottawaense	931866	S	6159	21955	28114	0.00190
Bradyrhizobium zhanjiangense	1325107	S	4963	2973	7936	0.00054
Bradyrhizobium elkanii	29448	S	4126	11351	15477	0.00104
Rhodopseudomonas palustris	1076	S	36163	8762	44925	0.00303
Rhodopseudomonas sp. SK50-23	340268	S	6171	1020	7191	0.00049
Rhodopseudomonas boonkerdii	475937	S	5835	1107	6942	0.00047
Afipia sp. GAS231	1882747	S	21834	7690	29524	0.00199
Afipia carboxidovorans	40137	S	6099	1960	8059	0.00054
Tardiphaga sp. 37S4	1404741	S	4137	2708	6845	0.00046
Tardiphaga sp. vice154	2592814	S	323	3991	4314	0.00029
Tardiphaga sp. vice278	2592815	S	296	5761	6057	0.00041
Tardiphaga sp. vice304	2592817	S	137	2078	2215	0.00015
Tardiphaga robiniae	943830	S	4311	2521	6832	0.00046
Nitrobacter hamburgensis	912	S	8624	1078	9702	0.00065
Nitrobacter winogradskyi	913	S	4600	635	5235	0.00035
Variibacter gotjawalensis	1333996	S	9855	619	10474	0.00071
Mesorhizobium sp. B2-8-5	2589903	S	7335	2068	9403	0.00063
Mesorhizobium sp. M7D.F.Ca.US.005.01.1.1	2493678	S	7277	1989	9266	0.00063
Mesorhizobium sp. PAMC28654	2880934	S	7211	1096	8307	0.00056
Mesorhizobium sp. INR15	2654248	S	6956	809	7765	0.00052
Mesorhizobium sp. 131-2-1	2744518	S	6674	3030	9704	0.00065
Mesorhizobium sp. NZP2077	2483404	S	6398	1733	8131	0.00055
Mesorhizobium sp. B1-1-8	2589976	S	6347	1312	7659	0.00052
Mesorhizobium sp. B2-1-1	2589974	S	6268	1155	7423	0.00050
Mesorhizobium sp. M9A.F.Ca.ET.002.03.1.2	2493668	S	6084	2419	8503	0.00057
Mesorhizobium sp. J8	2777475	S	5911	1633	7544	0.00051
Mesorhizobium sp. 113-1-2	2744515	S	5780	2329	8109	0.00055
Mesorhizobium sp. M6A.T.Cr.TU.016.01.1.1	2493677	S	5554	1548	7102	0.00048
Mesorhizobium sp. 8	2584466	S	5520	1040	6560	0.00044
Mesorhizobium sp. M4B.F.Ca.ET.058.02.1.1	2493675	S	5518	1982	7500	0.00051
Mesorhizobium sp. M1B.F.Ca.ET.045.04.1.1	2493673	S	5416	1789	7205	0.00049
Mesorhizobium sp. B4-1-4	2589888	S	5331	1045	6376	0.00043
Mesorhizobium sp. M3A.F.Ca.ET.080.04.2.1	2493676	S	5131	1292	6423	0.00043
Mesorhizobium sp. M1D.F.Ca.ET.043.01.1.1	2493669	S	5094	2703	7797	0.00053
Mesorhizobium sp. M1E.F.Ca.ET.045.02.1.1	2493672	S	5072	2208	7280	0.00049
Mesorhizobium sp. L-2-11	2744521	S	4956	1554	6510	0.00044
Mesorhizobium sp. DCY119	2108445	S	4568	811	5379	0.00036
Mesorhizobium sp. M1A.F.Ca.IN.022.06.1.1	2493680	S	4520	1230	5750	0.00039
Mesorhizobium sp. 113-3-3	2744516	S	4399	2011	6410	0.00043
Mesorhizobium sp. M8A.F.Ca.ET.057.01.1.1	2493679	S	4273	1356	5629	0.00038
Mesorhizobium sp. M7A.F.Ce.TU.012.03.2.1	2493681	S	4210	1239	5449	0.00037
Mesorhizobium sp. B2-1-8	2589967	S	4067	1035	5102	0.00034
Mesorhizobium sp. Pch-S	2082387	S	3961	429	4390	0.00030
Mesorhizobium sp. 113-3-9	2744517	S	3408	2198	5606	0.00038
Mesorhizobium sp. M2A.F.Ca.ET.043.05.1.1	2493671	S	3174	2497	5671	0.00038
Mesorhizobium sp. NZP2298	2483403	S	2795	1423	4218	0.00028
Mesorhizobium sp. AA22	1854057	S	2190	1067	3257	0.00022
Mesorhizobium sp. NBSH29	2654249	S	1696	93	1789	0.00012
Mesorhizobium sp. M2A.F.Ca.ET.046.03.2.1	2493674	S	1647	4240	5887	0.00040
Mesorhizobium sp. M2A.F.Ca.ET.043.02.1.1	2493670	S	1540	3768	5308	0.00036
Mesorhizobium sp. L-8-3	2744522	S	1480	4713	6193	0.00042
Mesorhizobium sp. L-8-10	2744523	S	1464	4543	6007	0.00041
Mesorhizobium sp. WSM1497	278153	S	720	1027	1747	0.00012
Mesorhizobium sp. 131-3-5	2744520	S	664	1484	2148	0.00014
Mesorhizobium sp. NZP2234	2483402	S	395	1022	1417	0.00010
Mesorhizobium sp. 131-2-5	2744519	S	310	1545	1855	0.00013
Mesorhizobium amorphae	71433	S	6535	1177	7712	0.00052
Mesorhizobium opportunistum	593909	S	6394	1970	8364	0.00056
Mesorhizobium loti	381	S	4663	25617	30280	0.00204
Mesorhizobium huakuii	28104	S	4283	2105	6388	0.00043
Mesorhizobium terrae	2725666	S	3760	921	4681	0.00032
Mesorhizobium japonicum	2066070	S	3538	1918	5456	0.00037
Mesorhizobium erdmanii	1777866	S	3484	724	4208	0.00028
Mesorhizobium ciceri	39645	S	3030	5317	8347	0.00056
Mesorhizobium australicum	536018	S	2683	614	3297	0.00022
Aquibium microcysteis	675281	S	5325	1221	6546	0.00044
Aquibium oceanicum	1670800	S	4005	764	4769	0.00032
Aminobacter sp. MSH1	374606	S	3184	1646	4830	0.00033
Aminobacter sp. SR38	2774562	S	748	2985	3733	0.00025
Aminobacter sp. MDW-2	2666139	S	529	2095	2624	0.00018
Aminobacter aminovorans	83263	S	543	1504	2047	0.00014
Nitratireductor sp. SY7	2599600	S	3569	522	4091	0.00028
Nitratireductor sp. OM-1	1756988	S	1778	270	2048	0.00014
Nitratireductor kimnyeongensis	430679	S	1066	145	1211	0.00008
Phyllobacterium sp. T1018	555316	S	1843	199	2042	0.00014
Phyllobacterium sp. 628	2718938	S	1031	120	1151	0.00008
Phyllobacterium sp. T1293	555317	S	984	104	1088	0.00007
Phyllobacterium zundukense	1867719	S	2029	238	2267	0.00015
Roseitalea porphyridii	1852022	S	2860	394	3254	0.00022
Hoeflea sp. IMCC20628	1620421	S	1431	120	1551	0.00010
Hoeflea phototrophica	244596	S	1310	136	1446	0.00010
Oricola thermophila	2742145	S	2000	225	2225	0.00015
Salaquimonas pukyongi	2712698	S	971	37	1008	0.00007
Rhizobium sp. BG4	2613770	S	3151	562	3713	0.00025
Rhizobium sp. NXC24	2048897	S	3098	439	3537	0.00024
Rhizobium sp. WYJ-E13	2849093	S	2736	330	3066	0.00021
Rhizobium sp. NZLR1	2731096	S	1907	692	2599	0.00018
Rhizobium sp. 11515TR	2028343	S	1805	631	2436	0.00016
Rhizobium sp. ACO-34A	1571470	S	1680	328	2008	0.00014
Rhizobium sp. AB2/73	2795216	S	1660	1080	2740	0.00018
Rhizobium sp. SL42	2806346	S	1642	272	1914	0.00013
Rhizobium sp. WL3	2603277	S	1463	262	1725	0.00012
Rhizobium sp. CIAT894	2020312	S	1265	602	1867	0.00013
Rhizobium sp. NXC14	1981173	S	1211	586	1797	0.00012
Rhizobium sp. NLR16a	2731112	S	1134	604	1738	0.00012
Rhizobium sp. C104	2917727	S	1089	663	1752	0.00012
Rhizobium sp. K102	2918527	S	982	749	1731	0.00012
Rhizobium sp. L51/94	2819999	S	887	2359	3246	0.00022
Rhizobium sp. 007	2785056	S	720	1193	1913	0.00013
Rhizobium sp. X9	2815360	S	445	832	1277	0.00009
Rhizobium sp. IE4771	1301032	S	333	866	1199	0.00008
Rhizobium sp. Kim5	2020311	S	313	890	1203	0.00008
Rhizobium sp. TAL182	2020313	S	268	929	1197	0.00008
Rhizobium sp. NIBRBAC000502774	2590777	S	138	609	747	0.00005
Rhizobium sp. ZX09	2291939	S	112	474	586	0.00004
Rhizobium sp. B230/85	2819994	S	104	2459	2563	0.00017
Rhizobium leguminosarum	384	S	14054	17328	31382	0.00212
Rhizobium jaguaris	1312183	S	4106	466	4572	0.00031
Rhizobium etli	29449	S	3170	3663	6833	0.00046
Rhizobium gallicum	56730	S	2344	2823	5167	0.00035
Rhizobium pseudoryzae	379684	S	1934	367	2301	0.00016
Rhizobium phaseoli	396	S	1880	3715	5595	0.00038
Rhizobium tropici	398	S	1591	386	1977	0.00013
Rhizobium bangladeshense	1138189	S	1511	336	1847	0.00012
Rhizobium lentis	1138194	S	1396	400	1796	0.00012
Rhizobium binae	1138190	S	1255	436	1691	0.00011
Rhizobium rosettiformans	1368430	S	1102	445	1547	0.00010
Rhizobium daejeonense	240521	S	1089	367	1456	0.00010
Rhizobium indicum	2583231	S	1065	889	1954	0.00013
Rhizobium rhizoryzae	451876	S	991	129	1120	0.00008
Rhizobium acidisoli	1538158	S	767	598	1365	0.00009
Rhizobium pusense	648995	S	620	2239	2859	0.00019
Rhizobium oryzihabitans	2267833	S	383	476	859	0.00006
Rhizobium ruizarguesonis	2081791	S	337	2393	2730	0.00018
Rhizobium hidalgonense	1538159	S	331	731	1062	0.00007
Rhizobium laguerreae	1076926	S	313	515	828	0.00006
Agrobacterium tumefaciens	358	S	5560	5538	11098	0.00075
Agrobacterium fabrum	1176649	S	588	729	1317	0.00009
Agrobacterium fabacearum	1183401	S	137	1790	1927	0.00013
Agrobacterium vitis	373	S	3532	405	3937	0.00027
Agrobacterium sp. T29	2580515	S	419	307	726	0.00005
Agrobacterium sp. RAC06	1842536	S	302	571	873	0.00006
Agrobacterium sp. MA01	2664893	S	257	477	734	0.00005
Agrobacterium sp. CGMCC 11546	2579248	S	163	317	480	0.00003
Agrobacterium vaccinii	2735528	S	1213	154	1367	0.00009
Agrobacterium larrymoorei	160699	S	873	145	1018	0.00007
Agrobacterium rubi	28099	S	791	228	1019	0.00007
Agrobacterium rhizogenes	359	S	753	1712	2465	0.00017
Agrobacterium salinitolerans	1183413	S	593	205	798	0.00005
Neorhizobium galegae	399	S	5855	1433	7288	0.00049
Neorhizobium sp. NCHU2750	1825976	S	1712	380	2092	0.00014
Neorhizobium sp. SOG26	2060726	S	1414	261	1675	0.00011
Pseudorhizobium flavum	1335061	S	1031	599	1630	0.00011
Pseudorhizobium banfieldiae	1125847	S	948	500	1448	0.00010
Sinorhizobium fredii	380	S	6445	8307	14752	0.00100
Sinorhizobium meliloti	382	S	4471	2908	7379	0.00050
Sinorhizobium sp. BG8	2613773	S	2031	315	2346	0.00016
Sinorhizobium sp. CCBAU 05631	794846	S	343	479	822	0.00006
Sinorhizobium americanum	194963	S	2183	757	2940	0.00020
Sinorhizobium medicae	110321	S	1862	245	2107	0.00014
Ensifer adhaerens	106592	S	5701	3232	8933	0.00060
Ensifer mexicanus	375549	S	2995	415	3410	0.00023
Ensifer sp. PDNC004	2811423	S	1751	636	2387	0.00016
Ensifer sp. T173	555315	S	497	1665	2162	0.00015
Ensifer alkalisoli	1752398	S	2064	370	2434	0.00016
Ensifer sojae	716925	S	1715	613	2328	0.00016
Shinella sp. HZN7	879274	S	3020	2497	5517	0.00037
Shinella sp. PSBB067	2715959	S	2406	1781	4187	0.00028
Shinella sp. XGS7	2877941	S	1940	1860	3800	0.00026
Shinella sp. H4-D48	2925841	S	1162	436	1598	0.00011
Shinella zoogloeoides	352475	S	2688	3489	6177	0.00042
Shinella oryzae	2871820	S	1541	646	2187	0.00015
Ciceribacter thiooxidans	1969821	S	1928	364	2292	0.00015
Georhizobium profundi	2341112	S	1900	345	2245	0.00015
Peteryoungia desertarenae	1813451	S	783	139	922	0.00006
Methylobacterium sp. WL1	2603276	S	4037	773	4810	0.00032
Methylobacterium sp. 17Sr1-1	2202826	S	3493	1551	5044	0.00034
Methylobacterium sp. C1	1479019	S	444	2969	3413	0.00023
Methylobacterium sp. XJLW	739141	S	309	3557	3866	0.00026
Methylobacterium nodulans	114616	S	7933	948	8881	0.00060
Methylobacterium aquaticum	270351	S	7375	3018	10393	0.00070
Methylobacterium tardum	374432	S	6142	1984	8126	0.00055
Methylobacterium durans	2202825	S	6053	803	6856	0.00046
Methylobacterium currus	2051553	S	4865	1898	6763	0.00046
Methylobacterium radiodurans	2202828	S	4810	1106	5916	0.00040
Methylobacterium mesophilicum	39956	S	4756	907	5663	0.00038
Methylobacterium brachiatum	269660	S	4286	1437	5723	0.00039
Methylobacterium organophilum	410	S	4233	2165	6398	0.00043
Methylobacterium terrae	2202827	S	3725	1608	5333	0.00036
Methylobacterium oryzae	334852	S	3626	4497	8123	0.00055
Methylobacterium indicum	1775910	S	3226	1490	4716	0.00032
Methylobacterium radiotolerans	31998	S	1495	7273	8768	0.00059
Methylobacterium phyllosphaerae	418223	S	656	2111	2767	0.00019
Microvirga ossetica	1882682	S	12415	1901	14316	0.00097
Microvirga sp. VF16	2807101	S	7126	955	8081	0.00055
Microvirga sp. 17 mud 1-3	2082949	S	3466	636	4102	0.00028
Microvirga thermotolerans	2651334	S	4567	1118	5685	0.00038
Methylorubrum populi	223967	S	6444	2609	9053	0.00061
Methylorubrum extorquens	408	S	5544	8230	13774	0.00093
Methylorubrum sp. B1-46	2897334	S	2354	908	3262	0.00022
Methylorubrum zatmanii	29429	S	184	831	1015	0.00007
Rhodoplanes sp. Z2-YC6860	674703	S	111794	8902	120696	0.00815
Hyphomicrobium denitrificans	53399	S	6137	669	6806	0.00046
Hyphomicrobium nitrativorans	1427356	S	4099	333	4432	0.00030
Hyphomicrobium sp. MC1	717785	S	3682	284	3966	0.00027
Methyloceanibacter sp. wino2	2170729	S	2780	652	3432	0.00023
Methyloceanibacter caenitepidi	1384459	S	2680	590	3270	0.00022
Methyloligella sp. GL2	2742204	S	4649	494	5143	0.00035
Aquabacter sp. L1I39	2820278	S	3928	528	4456	0.00030
Rhodomicrobium vannielii	1069	S	2892	179	3071	0.00021
Caenibius sp. WL	2872646	S	945	184	1129	0.00008
Caenibius tardaugens	169176	S	797	612	1409	0.00010
Candidatus Filomicrobium marinum	1608628	S	1135	29	1164	0.00008
Pseudolabrys taiwanensis	331696	S	25355	3747	29102	0.00196
Pseudolabrys sp. FHR47	2562284	S	15656	2452	18108	0.00122
Starkeya sp. ORNL1	2709380	S	8450	1528	9978	0.00067
Starkeya novella	921	S	5775	1997	7772	0.00052
Xanthobacter dioxanivorans	2528964	S	6362	2126	8488	0.00057
Xanthobacter sp. YC-JY1	2419844	S	2010	2034	4044	0.00027
Xanthobacter autotrophicus	280	S	1965	2166	4131	0.00028
Ancylobacter sp. TS-1	1850374	S	4441	1706	6147	0.00041
Ancylobacter polymorphus	223390	S	4326	2064	6390	0.00043
Ancylobacter pratisalsi	1745854	S	3753	760	4513	0.00030
Labrys sp. KNU-23	2789216	S	6250	555	6805	0.00046
Azorhizobium caulinodans	7	S	4471	836	5307	0.00036
Bosea sp. Tri-49	1867715	S	6299	1310	7609	0.00051
Bosea sp. F3-2	2599640	S	6092	1817	7909	0.00053
Bosea sp. RAC05	1842539	S	5739	1682	7421	0.00050
Bosea sp. ANAM02	2020412	S	4825	1679	6504	0.00044
Bosea sp. PAMC 26642	1792307	S	4718	922	5640	0.00038
Bosea sp. AS-1	2015316	S	4712	1391	6103	0.00041
Bosea vaviloviae	1526658	S	5750	1275	7025	0.00047
Devosia sp. A16	1736675	S	10215	1155	11370	0.00077
Devosia sp. SL43	2806348	S	2321	437	2758	0.00019
Devosia sp. JXJ CY 41	2917991	S	2321	434	2755	0.00019
Devosia sp. 1566	2499144	S	2043	222	2265	0.00015
Devosia sp. I507	2083786	S	1533	486	2019	0.00014
Devosia sp. MC521	2759954	S	807	136	943	0.00006
Devosia ginsengisoli	400770	S	2568	467	3035	0.00020
Devosia beringensis	2657486	S	2365	347	2712	0.00018
Devosia salina	2860336	S	2213	765	2978	0.00020
Devosia oryziradicis	2801335	S	2055	383	2438	0.00016
Devosia rhizoryzae	2774137	S	1831	187	2018	0.00014
Youhaiella tibetensis	1447062	S	3269	756	4025	0.00027
Paradevosia shaoguanensis	1335043	S	3070	1133	4203	0.00028
Pelagibacterium halotolerans	531813	S	1625	198	1823	0.00012
Maritalea myrionectae	454601	S	377	13	390	0.00003
Aureimonas sp. SA4125	2826993	S	3670	591	4261	0.00029
Aureimonas sp. AU20	1349819	S	3153	387	3540	0.00024
Aureimonas sp. OT7	2816454	S	1571	1157	2728	0.00018
Aureimonas populi	1701758	S	2565	430	2995	0.00020
Aureimonas mangrovi	2758041	S	2427	448	2875	0.00019
Aureimonas altamirensis	370622	S	1626	487	2113	0.00014
Martelella sp. AD-3	686597	S	1002	2855	3857	0.00026
Martelella mediterranea	293089	S	1903	598	2501	0.00017
Martelella endophytica	1486262	S	1667	309	1976	0.00013
Martelella lutilitoris	2583532	S	934	714	1648	0.00011
Aurantimonas sp. HBX-1	2906072	S	4141	1080	5221	0.00035
Pseudorhodoplanes sinuspersici	1235591	S	14108	844	14952	0.00101
Nordella sp. HKS 07	2712222	S	9304	436	9740	0.00066
Terrihabitans soli	708113	S	2852	269	3121	0.00021
Methylocystis parvus	134	S	3137	335	3472	0.00023
Methylocystis bryophila	655015	S	3039	277	3316	0.00022
Methylocystis heyeri	391905	S	2950	304	3254	0.00022
Methylocystis sp. SC2	187303	S	1786	438	2224	0.00015
Methylocystis sp. SB2	743836	S	735	1063	1798	0.00012
Methylocystis rosea	173366	S	2284	1584	3868	0.00026
Methylosinus trichosporium	426	S	4147	809	4956	0.00033
Methylosinus sp. C49	2699395	S	3385	644	4029	0.00027
Phreatobacter stygius	1940610	S	8929	1176	10105	0.00068
Phreatobacter cathodiphilus	1868589	S	6273	1657	7930	0.00054
Phreatobacter sp. NMCR1094	2570229	S	5289	902	6191	0.00042
Stappia indica	538381	S	4279	894	5173	0.00035
Stappia sp. ES.058	1881061	S	2513	286	2799	0.00019
Roseibium aggregatum	187304	S	2927	384	3311	0.00022
Roseibium alexandrii	388408	S	795	74	869	0.00006
Pannonibacter phragmitetus	121719	S	3367	1928	5295	0.00036
Labrenzia sp. VG12	2021862	S	1473	170	1643	0.00011
Labrenzia sp. PHM005	2590016	S	717	57	774	0.00005
Labrenzia sp. THAF82	2587861	S	671	43	714	0.00005
Pseudovibrio sp. FO-BEG1	911045	S	282	103	385	0.00003
Pseudovibrio brasiliensis	1898042	S	249	89	338	0.00002
Methylocella silvestris	199596	S	3657	410	4067	0.00027
Methylocella tundrae	227605	S	3342	324	3666	0.00025
Methylovirgula ligni	569860	S	3132	350	3482	0.00024
Methylovirgula sp. HY1	2822761	S	2651	165	2816	0.00019
Beijerinckia indica	533	S	1757	149	1906	0.00013
Blastochloris tepida	2233851	S	6111	1836	7947	0.00054
Blastochloris viridis	1079	S	5463	1361	6824	0.00046
Kaustia mangrovi	2593653	S	5037	424	5461	0.00037
Parvibaculum lavamentivorans	256618	S	2758	1852	4610	0.00031
Pyruvatibacter mobilis	1712261	S	1925	219	2144	0.00014
Candidatus Phaeomarinobacter ectocarpi	1458461	S	915	43	958	0.00006
Chelatococcus sp. CO-6	1702325	S	4642	2544	7186	0.00049
Chelatococcus daeguensis	444444	S	2767	1553	4320	0.00029
Kaistia sp. 32K	2795690	S	6725	1402	8127	0.00055
Brucella anthropi	529	S	1154	666	1820	0.00012
Brucella intermedia	94625	S	955	233	1188	0.00008
Brucella sp. BTU1	2840456	S	195	558	753	0.00005
[Ochrobactrum] quorumnocens	271865	S	514	92	606	0.00004
Brucella pseudogrignonensis	419475	S	270	783	1053	0.00007
Brucella pituitosa	571256	S	135	471	606	0.00004
Pseudochrobactrum sp. XF203	2879116	S	142	138	280	0.00002
Pseudochrobactrum sp. Wa41.01b-1	2864102	S	122	128	250	0.00002
Pseudochrobactrum algeriensis	2834768	S	150	155	305	0.00002
Acuticoccus sp. I52.16.1	2928472	S	5199	514	5713	0.00039
Lichenihabitans psoromatis	2528642	S	1716	1001	2717	0.00018
Lichenihabitans sp. PAMC28606	2880932	S	1376	933	2309	0.00016
Hartmannibacter diazotrophicus	1482074	S	3783	559	4342	0.00029
Breoghania sp. L-A4	2304600	S	3758	427	4185	0.00028
Cohaesibacter sp. ES.047	1798205	S	793	31	824	0.00006
Bartonella apis	1686310	S	256	94	350	0.00002
Sphingomonas sp. DM2-R-LB4	2899123	S	4877	1496	6373	0.00043
Sphingomonas sp. AK-PDB1-5	2872652	S	3885	569	4454	0.00030
Sphingomonas sp. Cra20	1327635	S	3840	541	4381	0.00030
Sphingomonas sp. CL5.1	2653203	S	3804	1157	4961	0.00033
Sphingomonas sp. LM7	1938607	S	3707	720	4427	0.00030
Sphingomonas sp. AAP5	1523415	S	3492	818	4310	0.00029
Sphingomonas sp. AP4-R1	2735134	S	3485	412	3897	0.00026
Sphingomonas sp. S8-45	2938948	S	3165	352	3517	0.00024
Sphingomonas sp. MM-1	745310	S	3163	3769	6932	0.00047
Sphingomonas sp. S2-65	2903960	S	2780	514	3294	0.00022
Sphingomonas sp. FARSPH	2219696	S	2729	2011	4740	0.00032
Sphingomonas sp. NBWT7	2596913	S	2564	788	3352	0.00023
Sphingomonas sp. PAMC26645	2565555	S	2401	706	3107	0.00021
Sphingomonas sp. HMP9	1517554	S	2397	942	3339	0.00023
Sphingomonas sp. HMP6	1517551	S	2323	406	2729	0.00018
Sphingomonas sp. HDW15A	2714942	S	2077	160	2237	0.00015
Sphingomonas sp. KC8	1030157	S	1971	236	2207	0.00015
Sphingomonas sp. LK11	1390395	S	1390	1089	2479	0.00017
Sphingomonas sp. NIC1	1961362	S	1191	2799	3990	0.00027
Sphingomonas sp. IC081	304378	S	427	2180	2607	0.00018
Sphingomonas alpina	653931	S	6507	474	6981	0.00047
Sphingomonas panacisoli	1813879	S	6075	718	6793	0.00046
Sphingomonas lutea	1045317	S	5680	679	6359	0.00043
Sphingomonas ginsengisoli An et al. 2013	363835	S	5053	628	5681	0.00038
Sphingomonas profundi	2681549	S	4381	627	5008	0.00034
Sphingomonas sanxanigenens	397260	S	4080	1685	5765	0.00039
Sphingomonas daechungensis	1176646	S	3992	346	4338	0.00029
Sphingomonas sediminicola	386874	S	3890	336	4226	0.00029
Sphingomonas sabuli	2764186	S	3761	430	4191	0.00028
Sphingomonas panacis	1560345	S	3714	482	4196	0.00028
Sphingomonas hengshuiensis	1609977	S	3620	405	4025	0.00027
Sphingomonas sinipercae	2714944	S	3415	426	3841	0.00026
Sphingomonas taxi	1549858	S	3270	858	4128	0.00028
Sphingomonas rhizophila	2071607	S	3040	632	3672	0.00025
Sphingomonas koreensis	93064	S	2902	1762	4664	0.00031
Sphingomonas piscis	2714943	S	2638	228	2866	0.00019
Sphingomonas radiodurans	2890321	S	2341	277	2618	0.00018
Sphingomonas changnyeongensis	2698679	S	2327	424	2751	0.00019
Sphingomonas suaedae	2599297	S	2308	257	2565	0.00017
Sphingomonas insulae	424800	S	2298	551	2849	0.00019
Sphingomonas aliaeris	2759526	S	2283	257	2540	0.00017
Sphingomonas xanthus	2594473	S	2054	368	2422	0.00016
Sphingomonas paucimobilis	13689	S	1995	1033	3028	0.00020
Sphingomonas sanguinis	33051	S	1499	1018	2517	0.00017
Sphingomonas melonis	152682	S	1363	4174	5537	0.00037
Sphingomonas paeninsulae	2319844	S	894	40	934	0.00006
Sphingomonas lacunae	2698828	S	844	122	966	0.00007
Sphingobium sp. SYK-6	627192	S	2298	572	2870	0.00019
Sphingobium sp. YG1	2082188	S	1423	557	1980	0.00013
Sphingobium sp. CAP-1	2676077	S	1395	800	2195	0.00015
Sphingobium sp. TKS	1315974	S	1373	1958	3331	0.00022
Sphingobium sp. RAC03	1843368	S	1240	228	1468	0.00010
Sphingobium sp. SCG-1	2072936	S	1217	97	1314	0.00009
Sphingobium sp. KCTC 72723	2733867	S	1162	206	1368	0.00009
Sphingobium sp. EP60837	1855519	S	1160	331	1491	0.00010
Sphingobium sp. Cam5-1	2789327	S	1107	408	1515	0.00010
Sphingobium sp. MI1205	407020	S	830	1157	1987	0.00013
Sphingobium sp. PAMC28499	2565554	S	439	817	1256	0.00008
Sphingobium sp. RSMS	520734	S	149	818	967	0.00007
Sphingobium sp. YBL2	484429	S	147	925	1072	0.00007
Sphingobium yanoikuyae	13690	S	2564	4606	7170	0.00048
Sphingobium indicum	332055	S	1536	1186	2722	0.00018
Sphingobium amiense	135719	S	1453	1638	3091	0.00021
Sphingobium phenoxybenzoativorans	1592790	S	1431	541	1972	0.00013
Sphingobium xenophagum	121428	S	1240	742	1982	0.00013
Sphingobium chlorophenolicum	46429	S	1201	507	1708	0.00012
Sphingobium cloacae	120107	S	1172	1570	2742	0.00019
Sphingobium baderi	1332080	S	959	919	1878	0.00013
Sphingobium herbicidovorans	76947	S	827	702	1529	0.00010
Sphingobium fuliginis	336203	S	643	2236	2879	0.00019
Sphingopyxis sp. OPL5	2486273	S	1892	337	2229	0.00015
Sphingopyxis sp. QXT-31	1357916	S	1873	481	2354	0.00016
Sphingopyxis sp. YF1	2482763	S	1866	406	2272	0.00015
Sphingopyxis sp. BSN-002	2911495	S	1487	251	1738	0.00012
Sphingopyxis sp. 113P3	292913	S	1452	505	1957	0.00013
Sphingopyxis sp. PAMC25046	2565556	S	1424	580	2004	0.00014
Sphingopyxis sp. FD7	1914525	S	1235	468	1703	0.00011
Sphingopyxis sp. EG6	1874061	S	1230	565	1795	0.00012
Sphingopyxis sp. MG	1866325	S	120	975	1095	0.00007
Sphingopyxis macrogoltabida	33050	S	3255	1456	4711	0.00032
Sphingopyxis terrae	33052	S	1717	931	2648	0.00018
Sphingopyxis lindanitolerans	2054227	S	1537	689	2226	0.00015
Sphingopyxis fribergensis	1515612	S	1488	516	2004	0.00014
Sphingopyxis granuli	267128	S	1319	3218	4537	0.00031
Sphingopyxis alaskensis	117207	S	1212	256	1468	0.00010
Novosphingobium sp. Sx8-5	2896849	S	2620	350	2970	0.00020
Novosphingobium sp. Gsoil 351	2675225	S	2579	224	2803	0.00019
Novosphingobium sp. EMRT-2	2571749	S	2288	1258	3546	0.00024
Novosphingobium sp. P6W	1609758	S	1995	341	2336	0.00016
Novosphingobium sp. THN1	1016987	S	1291	436	1727	0.00012
Novosphingobium sp. ES2-1	2780074	S	1225	592	1817	0.00012
Novosphingobium sp. PP1Y	702113	S	829	874	1703	0.00011
Novosphingobium sp. KA1	164608	S	550	2285	2835	0.00019
Novosphingobium resinovorum	158500	S	2494	1125	3619	0.00024
Novosphingobium decolorationis	2698673	S	1743	881	2624	0.00018
Novosphingobium aromaticivorans	48935	S	1627	695	2322	0.00016
Novosphingobium ginsenosidimutans	1176536	S	1363	140	1503	0.00010
Novosphingobium pentaromativorans	205844	S	766	1190	1956	0.00013
Rhizorhabdus wittichii	160791	S	5356	2906	8262	0.00056
Rhizorhabdus dicambivorans	1850238	S	3445	2492	5937	0.00040
Rhizorhabdus phycosphaerae	2711156	S	2401	286	2687	0.00018
Sphingosinithalassobacter sp. CS137	2762748	S	2110	408	2518	0.00017
Sphingosinithalassobacter tenebrarum	2711215	S	1815	510	2325	0.00016
Allosphingosinicella indica	941907	S	3074	368	3442	0.00023
Sphingorhabdus sp. YGSMI21	2077182	S	757	126	883	0.00006
Sphingorhabdus sp. SMR4y	2584094	S	626	107	733	0.00005
Sphingorhabdus sp. M41	1806885	S	525	69	594	0.00004
Sphingorhabdus lacus	392610	S	450	22	472	0.00003
Sphingorhabdus lutea	1913578	S	102	9	111	0.00001
Parasphingopyxis algicola	2026624	S	1820	124	1944	0.00013
Parasphingopyxis sp. CP4	2724527	S	636	32	668	0.00005
Blastomonas sp. RAC04	1842535	S	538	762	1300	0.00009
Blastomonas fulva	1550728	S	468	851	1319	0.00009
Hankyongella ginsenosidimutans	1763828	S	1691	301	1992	0.00013
Tardibacter chloracetimidivorans	1921510	S	1359	945	2304	0.00016
Citromicrobium sp. JL477	1634516	S	1114	465	1579	0.00011
Novosphingopyxis iocasae	2762729	S	1048	532	1580	0.00011
Parasphingorhabdus halotolerans	2725558	S	341	14	355	0.00002
Parasphingorhabdus sp. JHSY0214	2806553	S	281	22	303	0.00002
Parasphingorhabdus litoris	394733	S	233	19	252	0.00002
Aquisediminimonas profunda	1550733	S	627	26	653	0.00004
Erythrobacter sp. HL-111	1798193	S	1500	270	1770	0.00012
Erythrobacter sp. JK5	2829500	S	1080	289	1369	0.00009
Erythrobacter sp. SDW2	2907154	S	1030	254	1284	0.00009
Erythrobacter sp. HKB08	2502843	S	969	196	1165	0.00008
Erythrobacter sp. THAF29	2587851	S	668	142	810	0.00005
Erythrobacter sp. A30-3	2785907	S	576	402	978	0.00007
Erythrobacter sp. KY5	2011159	S	538	41	579	0.00004
Erythrobacter sp. LQ02-29	2920384	S	488	524	1012	0.00007
Erythrobacter sp. 3-20A1M	2653850	S	468	684	1152	0.00008
Erythrobacter sp. SCSIO 43205	2779361	S	368	65	433	0.00003
Erythrobacter litoralis	39960	S	2037	789	2826	0.00019
Erythrobacter neustonensis	1112	S	982	220	1202	0.00008
Erythrobacter mangrovi	2739433	S	801	256	1057	0.00007
Erythrobacter aureus	2182384	S	661	116	777	0.00005
Porphyrobacter sp. CACIAM 03H1	2003315	S	1538	425	1963	0.00013
Porphyrobacter sp. LM 6	1896196	S	941	313	1254	0.00008
Porphyrobacter sp. HT-58-2	2023229	S	830	188	1018	0.00007
Porphyrobacter sp. GA68	2883480	S	697	313	1010	0.00007
Qipengyuania flava	192812	S	2186	1103	3289	0.00022
Qipengyuania sediminis	1532023	S	1238	180	1418	0.00010
Qipengyuania soli	2782568	S	819	145	964	0.00007
Qipengyuania aurantiaca	2867233	S	798	248	1046	0.00007
Qipengyuania gelatinilytica	2867231	S	655	117	772	0.00005
Qipengyuania seohaensis	266951	S	543	106	649	0.00004
Qipengyuania psychrotolerans	2867238	S	481	63	544	0.00004
Qipengyuania xiapuensis	2867236	S	426	393	819	0.00006
Qipengyuania aquimaris	255984	S	390	362	752	0.00005
Croceicoccus sp. YJ47	2798724	S	1032	631	1663	0.00011
Croceicoccus sp. Ery5	1703340	S	516	492	1008	0.00007
Croceicoccus sp. Ery15	1703338	S	356	494	850	0.00006
Croceicoccus marinus	450378	S	2072	986	3058	0.00021
Croceicoccus naphthovorans	1348774	S	862	902	1764	0.00012
Altererythrobacter sp. B11	2060312	S	1609	683	2292	0.00015
Altererythrobacter sp. TH136	2067415	S	1173	211	1384	0.00009
Altererythrobacter sp. BO-6	2604537	S	769	118	887	0.00006
Altererythrobacter sp. ZODW24	2185142	S	377	19	396	0.00003
Altererythrobacter epoxidivorans	361183	S	595	156	751	0.00005
Altererythrobacter ishigakiensis	476157	S	301	24	325	0.00002
Tsuneonella amylolytica	2338327	S	1375	366	1741	0.00012
Tsuneonella dongtanensis	692370	S	1307	245	1552	0.00010
Tsuneonella mangrovi	1982042	S	962	139	1101	0.00007
Tsuneonella flava	2055955	S	570	153	723	0.00005
Aurantiacibacter gangjinensis	502682	S	677	67	744	0.00005
Aurantiacibacter atlanticus	1648404	S	378	108	486	0.00003
Croceibacterium atlanticum	1267766	S	933	353	1286	0.00009
Pelagerythrobacter marensis	543877	S	882	118	1000	0.00007
Paraurantiacibacter namhicola	645517	S	827	105	932	0.00006
Sphingosinicella sp. BN140058	1892855	S	4065	364	4429	0.00030
Sphingosinicella microcystinivorans	335406	S	1764	211	1975	0.00013
Sphingosinicella flava	2771430	S	1511	205	1716	0.00012
Polymorphobacter sp. PAMC 29334	2862331	S	1363	932	2295	0.00015
Polymorphobacter sp. PAMC 29362	2835787	S	1362	902	2264	0.00015
Sandaracinobacter sp. M6	2759707	S	1835	127	1962	0.00013
Zymomonas mobilis	542	S	185	153	338	0.00002
Roseomonas sp. S08	1750527	S	5992	374	6366	0.00043
Roseomonas sp. OT10	2897332	S	5842	1377	7219	0.00049
Roseomonas sp. FDAARGOS_362	2018065	S	421	2112	2533	0.00017
Roseomonas gilardii	257708	S	4803	2144	6947	0.00047
Roseomonas haemaphysalidis	2768162	S	4291	495	4786	0.00032
Roseomonas marmotae	2768161	S	3357	384	3741	0.00025
Roseomonas mucosa	207340	S	427	2484	2911	0.00020
Rhodovastum atsumiense	504468	S	8071	830	8901	0.00060
Komagataeibacter xylinus	28448	S	1534	2826	4360	0.00029
Komagataeibacter saccharivorans	265959	S	637	222	859	0.00006
Komagataeibacter europaeus	33995	S	451	228	679	0.00005
Komagataeibacter nataicola	265960	S	416	198	614	0.00004
Komagataeibacter oboediens	65958	S	403	201	604	0.00004
Komagataeibacter medellinensis	1177712	S	355	274	629	0.00004
Acidiphilium multivorum	62140	S	1257	4820	6077	0.00041
Acidiphilium cryptum	524	S	270	1531	1801	0.00012
Acidibrevibacterium fodinaquatile	1969806	S	3921	338	4259	0.00029
Roseococcus microcysteis	2771361	S	3669	333	4002	0.00027
Lichenicola cladoniae	1484109	S	3607	174	3781	0.00026
Sediminicoccus rosea	1225128	S	3467	174	3641	0.00025
Acetobacter aceti	435	S	1248	447	1695	0.00011
Acetobacter persici	1076596	S	326	48	374	0.00003
Acetobacter sp. KACC 21233	2592655	S	321	68	389	0.00003
Acetobacter ghanensis	431306	S	188	47	235	0.00002
Acetobacter pasteurianus	438	S	134	540	674	0.00005
Acetobacter ascendens	481146	S	110	152	262	0.00002
Gluconacetobacter diazotrophicus	33996	S	2173	430	2603	0.00018
Gluconobacter oxydans	442	S	749	784	1533	0.00010
Gluconobacter albidus	318683	S	394	70	464	0.00003
Gluconobacter sphaericus	574987	S	281	64	345	0.00002
Gluconobacter frateurii	38308	S	177	44	221	0.00001
Granulibacter bethesdensis	364410	S	1812	165	1977	0.00013
Neoasaia chiangmaiensis	320497	S	887	170	1057	0.00007
Asaia bogorensis	91915	S	874	151	1025	0.00007
Kozakia baliensis	153496	S	679	223	902	0.00006
Novacetimonas hansenii	436	S	598	261	859	0.00006
Oecophyllibacter saccharovorans	2558360	S	389	13	402	0.00003
Swingsia sp. F3b2	2558361	S	215	6	221	0.00001
Neokomagataea tanensis	661191	S	121	20	141	0.00001
Azospirillum sp. B510	137722	S	2680	947	3627	0.00024
Azospirillum sp. TSH100	652764	S	2326	1012	3338	0.00023
Azospirillum sp. TSA2s	709810	S	1970	1396	3366	0.00023
Azospirillum sp. TSH58	664962	S	1486	1821	3307	0.00022
Azospirillum brasilense	192	S	8106	6560	14666	0.00099
Azospirillum thermophilum	2202148	S	5038	1118	6156	0.00042
Azospirillum thiophilum	528244	S	3309	1021	4330	0.00029
Azospirillum ramasamyi	682998	S	1938	1045	2983	0.00020
Azospirillum humicireducens	1226968	S	1647	889	2536	0.00017
Azospirillum oryzae	286727	S	1590	1269	2859	0.00019
Azospirillum lipoferum	193	S	1570	1073	2643	0.00018
Azospirillum baldaniorum	1064539	S	963	1790	2753	0.00019
Skermanella mucosa	1789672	S	2888	1921	4809	0.00032
Skermanella sp. TT6	2775420	S	2734	2666	5400	0.00036
Skermanella rosea	1817965	S	2572	2241	4813	0.00032
Skermanella pratensis	2233999	S	2414	1283	3697	0.00025
Nitrospirillum amazonense	28077	S	4241	487	4728	0.00032
Indioceanicola profundi	2220096	S	2683	365	3048	0.00021
Niveispirillum cyanobacteriorum	1612173	S	1806	191	1997	0.00013
Hypericibacter adhaerens	2602016	S	8360	1407	9767	0.00066
Hypericibacter terrae	2602015	S	7549	1002	8551	0.00058
Magnetospirillum sp. XM-1	1663591	S	1861	582	2443	0.00016
Magnetospirillum sp. ME-1	1639348	S	1657	562	2219	0.00015
Magnetospirillum gryphiswaldense	55518	S	2561	207022	209583	0.01415
Magnetospirillum magneticum	84159	S	1968	212	2180	0.00015
Rhodospirillum centenum	34018	S	3287	463	3750	0.00025
Rhodospirillum rubrum	1085	S	2146	165	2311	0.00016
Tistrella mobilis	171437	S	4027	1810	5837	0.00039
Ferrovibrio terrae	2594003	S	3610	225	3835	0.00026
Defluviicoccus vanus	111831	S	2470	219	2689	0.00018
Pararhodospirillum photometricum	1084	S	1302	103	1405	0.00009
Haematospirillum jordaniae	1549855	S	207	19	226	0.00002
Stella humosa	94	S	9550	658	10208	0.00069
Elioraea tepida	2843330	S	3710	192	3902	0.00026
Thalassospira sp. A40-3	2785908	S	299	103	402	0.00003
Thalassospira sp. B30-1	2785911	S	180	235	415	0.00003
Thalassospira marina	2048283	S	451	30	481	0.00003
Thalassospira indica	1891279	S	301	173	474	0.00003
Thalassospira xiamenensis	220697	S	181	222	403	0.00003
Magnetospira sp. QH-2	1288970	S	911	32	943	0.00006
Terasakiella sp. SH-1	2560057	S	148	4	152	0.00001
Paracoccus sp. MC1862	2760307	S	1364	140	1504	0.00010
Paracoccus sp. MA	2895796	S	1194	603	1797	0.00012
Paracoccus sp. AK26	2589076	S	1029	163	1192	0.00008
Paracoccus sp. S8-55	2903900	S	891	110	1001	0.00007
Paracoccus sp. H4-D09	2812658	S	824	166	990	0.00007
Paracoccus sp. Arc7-R13	2500532	S	461	446	907	0.00006
Paracoccus sanguinis	1545044	S	2013	508	2521	0.00017
Paracoccus yeei	147645	S	1640	2425	4065	0.00027
Paracoccus liaowanqingii	2560053	S	1557	172	1729	0.00012
Paracoccus denitrificans	266	S	1510	1060	2570	0.00017
Paracoccus pantotrophus	82367	S	1399	773	2172	0.00015
Paracoccus zhejiangensis	1077935	S	1395	316	1711	0.00012
Paracoccus aminovorans	34004	S	1391	381	1772	0.00012
Paracoccus suum	2259340	S	1343	230	1573	0.00011
Paracoccus contaminans	1945662	S	1214	261	1475	0.00010
Paracoccus jeotgali	2065379	S	1210	218	1428	0.00010
Paracoccus aminophilus	34003	S	1200	112	1312	0.00009
Paracoccus tegillarcae	1529068	S	756	43	799	0.00005
Paracoccus kondratievae	135740	S	687	127	814	0.00006
Paracoccus marcusii	59779	S	471	405	876	0.00006
Paracoccus mutanolyticus	1499308	S	176	560	736	0.00005
Rhodobacter sp. CZR27	2033869	S	1804	515	2319	0.00016
Rhodobacter sp. N10	2807096	S	1539	170	1709	0.00012
Rhodobacter sp. LPB0142	1850250	S	1513	1056	2569	0.00017
Rhodobacter capsulatus	1061	S	2131	414	2545	0.00017
Cereibacter sphaeroides	1063	S	4321	2038	6359	0.00043
Cereibacter azotoformans	43057	S	440	1588	2028	0.00014
Rhodovulum sp. P5	1564506	S	979	100	1079	0.00007
Rhodovulum sp. MB263	308754	S	935	315	1250	0.00008
Rhodovulum sulfidophilum	35806	S	1628	856	2484	0.00017
Polymorphum gilvum	991904	S	3426	813	4239	0.00029
Paroceanicella profunda	2579971	S	3139	783	3922	0.00026
Thioclava electrotropha	1549850	S	997	252	1249	0.00008
Thioclava nitratireducens	1915078	S	939	318	1257	0.00008
Pikeienuella piscinae	2748098	S	2193	199	2392	0.00016
Pontivivens ytuae	2789856	S	2028	152	2180	0.00015
Silicimonas algicola	1826607	S	1783	101	1884	0.00013
Pelagovum pacificum	2588711	S	1724	206	1930	0.00013
Frigidibacter mobilis	1335048	S	1535	613	2148	0.00014
Pukyongiella litopenaei	2605946	S	1410	315	1725	0.00012
Brevirhabdus pacifica	1267768	S	1223	540	1763	0.00012
Fuscovulum blasticum	1075	S	1105	131	1236	0.00008
Haematobacter massiliensis	195105	S	1072	401	1473	0.00010
Gymnodinialimonas ceratoperidinii	2856823	S	1035	94	1129	0.00008
Pseudopuniceibacterium antarcticum	2613965	S	1006	75	1081	0.00007
Gemmobacter aquarius	2169400	S	955	199	1154	0.00008
Pacificitalea manganoxidans	1411902	S	941	192	1133	0.00008
Tabrizicola piscis	2494374	S	919	78	997	0.00007
Falsirhodobacter sp. PG104	2692330	S	917	126	1043	0.00007
Pseudooceanicola algae	1537215	S	886	83	969	0.00007
Roseicitreum antarcticum	564137	S	800	40	840	0.00006
Monaibacterium sp. h42	2758038	S	735	160	895	0.00006
Tritonibacter mobilis	379347	S	634	266	900	0.00006
Yoonia vestfoldensis	245188	S	537	113	650	0.00004
Qingshengfaniella alkalisoli	2599296	S	526	28	554	0.00004
Rhodophyticola sp. CCM32	2916397	S	507	14	521	0.00004
Pseudohalocynthiibacter aestuariivivens	1591409	S	501	93	594	0.00004
Rhodobaca barguzinensis	441209	S	444	19	463	0.00003
Profundibacter amoris	2171755	S	415	14	429	0.00003
Pseudorhodobacter turbinis	2500533	S	370	23	393	0.00003
Parasedimentitalea marina	2483033	S	345	16	361	0.00002
Cognatishimia activa	1715691	S	292	12	304	0.00002
Aestuarium zhoushanense	2820523	S	253	96	349	0.00002
Planktomarina temperata	1284658	S	195	5	200	0.00001
Sulfitobacter sp. JK7-1	2829501	S	830	47	877	0.00006
Sulfitobacter sp. THAF37	2587855	S	787	338	1125	0.00008
Sulfitobacter sp. JL08	2070369	S	458	16	474	0.00003
Sulfitobacter sp. D7	1968541	S	408	233	641	0.00004
Sulfitobacter sp. SK011	1389004	S	342	12	354	0.00002
Sulfitobacter sp. SK012	1389005	S	317	7	324	0.00002
Sulfitobacter sp. DSM 110093	2883127	S	314	177	491	0.00003
Sulfitobacter sp. BSw21498	664426	S	273	50	323	0.00002
Sulfitobacter alexandrii	1917485	S	1113	552	1665	0.00011
Sulfitobacter mediterraneus	83219	S	708	70	778	0.00005
Sulfitobacter indolifex	225422	S	362	94	456	0.00003
Sulfitobacter dubius	218673	S	308	179	487	0.00003
Sulfitobacter pontiacus	60137	S	142	487	629	0.00004
Roseovarius sp. SCSIO 43702	2823043	S	1368	103	1471	0.00010
Roseovarius sp. THAF9	2587847	S	817	198	1015	0.00007
Roseovarius sp. THAF27	2587850	S	276	501	777	0.00005
Roseovarius sp. THAF8	2587846	S	273	466	739	0.00005
Roseovarius sp. TM1035	391613	S	134	289	423	0.00003
Roseovarius indicus	540747	S	1810	532	2342	0.00016
Roseovarius faecimaris	2494550	S	834	34	868	0.00006
Roseovarius mucosus	215743	S	154	333	487	0.00003
Salipiger profundus	1229727	S	2091	869	2960	0.00020
Salipiger abyssi	1250539	S	1799	667	2466	0.00017
Salipiger sp. CCB-MM3	1792508	S	1536	209	1745	0.00012
Roseivivax sp. THAF30	2587852	S	1035	1137	2172	0.00015
Roseivivax marinus	1379903	S	1969	296	2265	0.00015
Celeribacter indicus	1208324	S	1739	778	2517	0.00017
Celeribacter ethanolicus	1758178	S	670	208	878	0.00006
Celeribacter baekdonensis	875171	S	403	99	502	0.00003
Celeribacter marinus	1397108	S	242	8	250	0.00002
Phaeobacter gallaeciensis	60890	S	894	391	1285	0.00009
Phaeobacter inhibens	221822	S	801	345	1146	0.00008
Phaeobacter piscinae	1580596	S	358	338	696	0.00005
Phaeobacter porticola	1844006	S	214	77	291	0.00002
Ruegeria sp. TM1040	292414	S	452	72	524	0.00004
Ruegeria sp. THAF33	2587853	S	374	90	464	0.00003
Ruegeria sp. SCSIO 43209	2793010	S	364	64	428	0.00003
Ruegeria sp. AD91A	2293862	S	307	33	340	0.00002
Ruegeria pomeroyi	89184	S	1085	192	1277	0.00009
Leisingera aquaemixtae	1396826	S	948	168	1116	0.00008
Leisingera sp. NJS204	2508307	S	193	329	522	0.00004
Leisingera sp. NJS201	2508306	S	191	309	500	0.00003
Leisingera methylohalidivorans	133924	S	677	147	824	0.00006
Sulfitobacter pseudonitzschiae	1402135	S	1532	490	2022	0.00014
Pseudosulfitobacter sp. DSM 107133	2883100	S	558	204	762	0.00005
Yangia pacifica	311180	S	1806	295	2101	0.00014
Sagittula sp. P11	2009329	S	1666	648	2314	0.00016
Ponticoccus alexandrii	1943633	S	1375	196	1571	0.00011
Mameliella alba	561184	S	1343	235	1578	0.00011
Octadecabacter sp. SW4	2602067	S	479	64	543	0.00004
Octadecabacter arcticus	53946	S	359	23	382	0.00003
Octadecabacter antarcticus	1217908	S	289	16	305	0.00002
Octadecabacter temperatus	1458307	S	162	2	164	0.00001
Roseobacter ponti	1891787	S	540	14	554	0.00004
Roseobacter denitrificans	2434	S	384	51	435	0.00003
Roseobacter litoralis	42443	S	314	44	358	0.00002
Ketogulonicigenium vulgare	92945	S	640	88	728	0.00005
Ketogulonicigenium robustum	92947	S	501	62	563	0.00004
Dinoroseobacter shibae	215813	S	1150	391	1541	0.00010
Actibacterium sp. EMB200-NS6	1609966	S	1027	462	1489	0.00010
Roseibacterium elongatum	159346	S	1022	84	1106	0.00007
Oceanicola sp. D3	2587163	S	940	46	986	0.00007
Thalassococcus sp. S3	2017482	S	735	18	753	0.00005
Maribius sp. THAF1	2587842	S	728	37	765	0.00005
Antarctobacter heliothermus	74033	S	710	35	745	0.00005
Tateyamaria omphalii	299262	S	692	22	714	0.00005
Jannaschia sp. CCS1	290400	S	680	17	697	0.00005
Thalassobius gelatinovorus	53501	S	494	25	519	0.00004
Falsihalocynthiibacter arcticus	1579316	S	207	6	213	0.00001
Caulobacter sp. S6	2823693	S	10850	1215	12065	0.00081
Caulobacter sp. FWC26	69665	S	2806	1307	4113	0.00028
Caulobacter segnis	88688	S	9577	3332	12909	0.00087
Caulobacter mirabilis	69666	S	7984	1529	9513	0.00064
Caulobacter rhizosphaerae	2010972	S	6796	2109	8905	0.00060
Caulobacter soli	2708539	S	6551	2220	8771	0.00059
Caulobacter vibrioides	155892	S	6036	3356	9392	0.00063
Caulobacter flavus	1679497	S	6035	1782	7817	0.00053
Caulobacter henricii	69395	S	2976	532	3508	0.00024
Brevundimonas sp. M20	2591463	S	2113	324	2437	0.00016
Brevundimonas sp. LM2	1938605	S	2025	346	2371	0.00016
Brevundimonas sp. PAMC22021	2861285	S	1888	411	2299	0.00016
Brevundimonas sp. MF30-B	2561924	S	1830	285	2115	0.00014
Brevundimonas sp. AJA228-03	2752515	S	1478	191	1669	0.00011
Brevundimonas sp. SGAir0440	2579977	S	471	460	931	0.00006
Brevundimonas sp. CS1	2813778	S	453	456	909	0.00006
Brevundimonas sp. Bb-A	2560058	S	414	869	1283	0.00009
Brevundimonas sp. GW460-12-10-14-LB2	1827469	S	400	703	1103	0.00007
Brevundimonas sp. DS20	1532555	S	398	999	1397	0.00009
Brevundimonas sp. 'scallop'	2562582	S	333	591	924	0.00006
Brevundimonas naejangsanensis	588932	S	3350	1148	4498	0.00030
Brevundimonas goettingensis	2774190	S	2595	404	2999	0.00020
Brevundimonas albigilva	1312364	S	2278	1214	3492	0.00024
Brevundimonas subvibrioides	74313	S	1919	341	2260	0.00015
Brevundimonas vitisensis	2800818	S	1502	183	1685	0.00011
Brevundimonas pondensis	2774189	S	1452	435	1887	0.00013
Brevundimonas mediterranea	74329	S	1352	523	1875	0.00013
Brevundimonas diminuta	293	S	1300	2461	3761	0.00025
Brevundimonas nasdae	172043	S	1290	869	2159	0.00015
Brevundimonas vesicularis	41276	S	401	867	1268	0.00009
Brevundimonas vancanneytii	1325724	S	297	1155	1452	0.00010
Phenylobacterium zucineum	284016	S	17385	3613	20998	0.00142
Phenylobacterium parvum	2201350	S	5172	595	5767	0.00039
Asticcacaulis excentricus	78587	S	1617	251	1868	0.00013
Asticcacaulis sp. AND118	2840468	S	1328	196	1524	0.00010
Terricaulis silvestris	2686094	S	2510	85	2595	0.00018
Marinicauda algicola	2029849	S	2223	356	2579	0.00017
Maricaulis maris	74318	S	998	62	1060	0.00007
Glycocaulis alkaliphilus	1434191	S	864	42	906	0.00006
Hyphobacterium sp. CCMP332	2749086	S	720	31	751	0.00005
Hyphomonas sp. CACIAM 19H1	1873716	S	976	141	1117	0.00008
Hyphomonas sp. Mor2	1906738	S	559	12	571	0.00004
Hyphomonas sp. KY3	2016196	S	557	60	617	0.00004
Hyphomonas neptunium	81032	S	858	87	945	0.00006
Candidatus Viadribacter manganicus	1759059	S	1418	36	1454	0.00010
Aquisalinus flavus	1526572	S	1024	47	1071	0.00007
Parvularcula bermudensis	208216	S	504	56	560	0.00004
Luteithermobacter gelatinilyticus	2582913	S	398	78	476	0.00003
Paremcibacter congregatus	2043170	S	389	14	403	0.00003
Micavibrio aeruginosavorus	349221	S	643	8	651	0.00004
Candidatus Puniceispirillum marinum	767892	S	114	3	117	0.00001
Magnetococcus marinus	1124597	S	207	6	213	0.00001
Kordiimonas pumila	2161677	S	120	2	122	0.00001
Paraburkholderia edwinii	2861782	S	48820	5083	53903	0.00364
Paraburkholderia sp. SOS3	1926494	S	21534	2406	23940	0.00162
Paraburkholderia sp. PGU16	2735433	S	3106	1158	4264	0.00029
Paraburkholderia sp. PGU19	2735434	S	2980	1660	4640	0.00031
Paraburkholderia aromaticivorans	2026199	S	24392	7899	32291	0.00218
Paraburkholderia caledonica	134536	S	20039	2742	22781	0.00154
Paraburkholderia ginsengisoli	311231	S	18700	4227	22927	0.00155
Paraburkholderia phytofirmans	261302	S	17560	4925	22485	0.00152
Paraburkholderia caffeinilytica	1761016	S	8329	1543	9872	0.00067
Paraburkholderia fungorum	134537	S	8078	1376	9454	0.00064
Paraburkholderia terricola	169427	S	7814	1801	9615	0.00065
Paraburkholderia hospita	169430	S	6777	4948	11725	0.00079
Paraburkholderia caribensis	75105	S	6019	3037	9056	0.00061
Paraburkholderia atlantica	2654982	S	5941	1085	7026	0.00047
Paraburkholderia graminis	60548	S	5736	1025	6761	0.00046
Paraburkholderia sprentiae	948107	S	5612	929	6541	0.00044
Paraburkholderia terrae	311230	S	5420	3880	9300	0.00063
Paraburkholderia pallida	2547399	S	4777	696	5473	0.00037
Paraburkholderia phenoliruptrix	252970	S	4556	924	5480	0.00037
Paraburkholderia phymatum	148447	S	4411	795	5206	0.00035
Paraburkholderia xenovorans	36873	S	4391	4797	9188	0.00062
Paraburkholderia megapolitana	420953	S	4327	347	4674	0.00032
Paraburkholderia acidisoli	2571748	S	4015	578	4593	0.00031
Paraburkholderia dioscoreae	2604047	S	3963	1713	5676	0.00038
Paraburkholderia tropica	92647	S	3945	700	4645	0.00031
Paraburkholderia acidiphila	2571747	S	3846	613	4459	0.00030
Paraburkholderia dokdonella	2211211	S	1839	380	2219	0.00015
Burkholderia multivorans	87883	S	6853	26099	32952	0.00222
Burkholderia ubonensis	101571	S	6656	3462	10118	0.00068
Burkholderia cenocepacia	95486	S	5258	11819	17077	0.00115
Burkholderia cepacia	292	S	4447	6547	10994	0.00074
Burkholderia pyrrocinia	60550	S	3139	1310	4449	0.00030
Burkholderia contaminans	488447	S	2423	1265	3688	0.00025
Burkholderia ambifaria	152480	S	2383	1492	3875	0.00026
Burkholderia stagnalis	1503054	S	2162	632	2794	0.00019
Burkholderia stabilis	95485	S	2073	1240	3313	0.00022
Burkholderia anthina	179879	S	2066	1565	3631	0.00025
Burkholderia lata	482957	S	1973	1481	3454	0.00023
Burkholderia dolosa	152500	S	1880	691	2571	0.00017
Burkholderia territorii	1503055	S	1606	606	2212	0.00015
Burkholderia seminalis	488731	S	1349	497	1846	0.00012
Burkholderia vietnamiensis	60552	S	1270	41965	43235	0.00292
Burkholderia metallica	488729	S	1062	408	1470	0.00010
Burkholderia diffusa	488732	S	758	290	1048	0.00007
Burkholderia pseudomultivorans	1207504	S	608	542	1150	0.00008
Burkholderia latens	488446	S	369	638	1007	0.00007
Burkholderia aenigmatica	2015348	S	331	618	949	0.00006
Burkholderia sp. DHOD12	2571746	S	5167	475	5642	0.00038
Burkholderia sp. Bp7605	1740163	S	2033	258	2291	0.00015
Burkholderia sp. PAMC 26561	1795043	S	1333	1557	2890	0.00020
Burkholderia sp. PAMC 28687	1795874	S	920	1661	2581	0.00017
Burkholderia sp. NRF60-BP8	1637853	S	771	305	1076	0.00007
Burkholderia sp. MSMB0856	1637869	S	731	359	1090	0.00007
Burkholderia sp. LA-2-3-30-S1-D2	1637862	S	726	329	1055	0.00007
Burkholderia sp. JP2-270	2217913	S	671	319	990	0.00007
Burkholderia sp. MS455	2811788	S	513	274	787	0.00005
Burkholderia sp. IDO3	1705310	S	379	410	789	0.00005
Burkholderia sp. KBS0801	1179675	S	162	225	387	0.00003
Burkholderia sp. LAS2	2813843	S	103	354	457	0.00003
Burkholderia pseudomallei	28450	S	2833	34880	37713	0.00255
Burkholderia mayonis	1385591	S	2277	417	2694	0.00018
Burkholderia thailandensis	57975	S	2090	3336	5426	0.00037
Burkholderia oklahomensis	342113	S	1356	955	2311	0.00016
Burkholderia savannae	1637837	S	354	291	645	0.00004
Burkholderia sp. MSMB1588	1636423	S	141	210	351	0.00002
Burkholderia sp. MSMB617WGS	1637831	S	111	183	294	0.00002
Burkholderia gladioli	28095	S	7808	2181	9989	0.00067
Burkholderia glumae	337	S	2638	853	3491	0.00024
Burkholderia plantarii	41899	S	2112	620	2732	0.00018
Burkholderia perseverans	2615214	S	1841	576	2417	0.00016
Cupriavidus taiwanensis	164546	S	10035	7735	17770	0.00120
Cupriavidus pauculus	82633	S	8701	3515	12216	0.00082
Cupriavidus necator	106590	S	5186	4769	9955	0.00067
Cupriavidus basilensis	68895	S	4878	2487	7365	0.00050
Cupriavidus oxalaticus	96344	S	4355	1776	6131	0.00041
Cupriavidus sp. EM10	2839983	S	1882	994	2876	0.00019
Cupriavidus sp. MP-37	2884455	S	860	802	1662	0.00011
Cupriavidus sp. KK10	1478019	S	602	1663	2265	0.00015
Cupriavidus sp. USMAA2-4	876364	S	264	1709	1973	0.00013
Cupriavidus sp. ISTL7	2771360	S	246	1460	1706	0.00012
Cupriavidus sp. USMAHM13	1389192	S	173	1131	1304	0.00009
Cupriavidus campinensis	151783	S	3705	1249	4954	0.00033
Cupriavidus metallidurans	119219	S	3072	8079	11151	0.00075
Cupriavidus pinatubonensis	248026	S	2375	376	2751	0.00019
Cupriavidus gilardii	82541	S	899	4209	5108	0.00034
Cupriavidus neocaledonicus	1040979	S	852	971	1823	0.00012
Cupriavidus nantongensis	1796606	S	800	2024	2824	0.00019
Cupriavidus malaysiensis	367825	S	191	1171	1362	0.00009
Caballeronia sp. Lep1P3	2878150	S	4764	1000	5764	0.00039
Caballeronia sp. TF1N1	2878153	S	4422	468	4890	0.00033
Caballeronia sp. SL2Y3	2878151	S	1872	829	2701	0.00018
Caballeronia sp. Sq4a	2878152	S	1704	940	2644	0.00018
Caballeronia sp. M1242	2814653	S	1564	839	2403	0.00016
Caballeronia sp. SBC2	2705547	S	713	4114	4827	0.00033
Caballeronia sp. SBC1	2705548	S	434	3500	3934	0.00027
Caballeronia zhejiangensis	871203	S	6992	1482	8474	0.00057
Caballeronia insecticola	758793	S	5113	970	6083	0.00041
Caballeronia grimmiae	1071679	S	4350	2184	6534	0.00044
Ralstonia solanacearum	305	S	5981	27173	33154	0.00224
Ralstonia insidiosa	190721	S	1725	1262	2987	0.00020
Ralstonia pickettii	329	S	1111	443	1554	0.00010
Ralstonia mannitolilytica	105219	S	1109	1171	2280	0.00015
Ralstonia sp. 56D2	2842456	S	1006	140	1146	0.00008
Ralstonia syzygii	28097	S	130	329	459	0.00003
Pandoraea pnomenusa	93220	S	2305	1081	3386	0.00023
Pandoraea thiooxydans	445709	S	1931	149	2080	0.00014
Pandoraea pulmonicola	93221	S	1794	367	2161	0.00015
Pandoraea norimbergensis	93219	S	1538	230	1768	0.00012
Pandoraea sp. XY-2	2518599	S	1381	726	2107	0.00014
Pandoraea vervacti	656178	S	1320	359	1679	0.00011
Pandoraea faecigallinarum	656179	S	1281	322	1603	0.00011
Pandoraea apista	93218	S	1197	645	1842	0.00012
Pandoraea fibrosis	1891094	S	1081	336	1417	0.00010
Pandoraea oxalativorans	573737	S	976	427	1403	0.00009
Pandoraea sputorum	93222	S	923	381	1304	0.00009
Polynucleobacter necessarius	576610	S	199	104	303	0.00002
Polynucleobacter asymbioticus	576611	S	122	60	182	0.00001
Polynucleobacter difficilis	556054	S	113	23	136	0.00001
Lautropia mirabilis	47671	S	1067	192	1259	0.00009
Chitinimonas arctica	2594795	S	1066	81	1147	0.00008
Mycetohabitans rhizoxinica	412963	S	997	68	1065	0.00007
Mycoavidus sp. HKI	2840467	S	130	13	143	0.00001
Mycoavidus cysteinexigens	1553431	S	131	23	154	0.00001
Limnobacter sp. SAORIC-580	2732163	S	193	9	202	0.00001
Variovorax sp. HW608	1034889	S	10297	1730	12027	0.00081
Variovorax sp. PBS-H4	434008	S	4358	3025	7383	0.00050
Variovorax sp. RA8	662548	S	4276	3650	7926	0.00054
Variovorax sp. WDL1	207745	S	4254	7116	11370	0.00077
Variovorax sp. PBL-H6	434009	S	4166	4399	8565	0.00058
Variovorax sp. PAMC 28711	1795631	S	4145	707	4852	0.00033
Variovorax sp. RKNM96	2681552	S	3904	1488	5392	0.00036
Variovorax sp. PAMC26660	2762322	S	3642	918	4560	0.00031
Variovorax sp. PAMC28562	2762323	S	3446	297	3743	0.00025
Variovorax sp. SRS16	282217	S	2704	6828	9532	0.00064
Variovorax sp. PBL-E5	434014	S	2164	6328	8492	0.00057
Variovorax sp. 38R	2774875	S	2113	2755	4868	0.00033
Variovorax paradoxus	34073	S	17419	15444	32863	0.00222
Variovorax boronicumulans	436515	S	2559	1848	4407	0.00030
Hydrogenophaga sp. BPS33	2651974	S	2983	2643	5626	0.00038
Hydrogenophaga sp. BA0156	2716225	S	2897	2114	5011	0.00034
Hydrogenophaga sp. YM1	2806262	S	2648	1339	3987	0.00027
Hydrogenophaga sp. PBC	795665	S	2586	3239	5825	0.00039
Hydrogenophaga sp. SL48	2806347	S	2219	539	2758	0.00019
Hydrogenophaga sp. RAC07	1842537	S	1826	616	2442	0.00016
Hydrogenophaga sp. PBL-H3	434010	S	1770	1727	3497	0.00024
Hydrogenophaga sp. PAMC20947	2565558	S	976	66	1042	0.00007
Hydrogenophaga sp. NH-16	2184519	S	868	1948	2816	0.00019
Hydrogenophaga taeniospiralis	65656	S	1848	567	2415	0.00016
Hydrogenophaga crassostreae	1763535	S	907	57	964	0.00007
Hydrogenophaga pseudoflava	47421	S	830	1454	2284	0.00015
Acidovorax sp. YS12	2738413	S	1794	1599	3393	0.00023
Acidovorax sp. KKS102	358220	S	1198	895	2093	0.00014
Acidovorax sp. RAC01	1842533	S	1157	1027	2184	0.00015
Acidovorax sp. JMULE5	2518343	S	1115	313	1428	0.00010
Acidovorax sp. HDW3	2714923	S	1019	766	1785	0.00012
Acidovorax sp. 1608163	2478662	S	926	198	1124	0.00008
Acidovorax sp. T1	1858609	S	725	2847	3572	0.00024
Acidovorax avenae	80867	S	4051	2561	6612	0.00045
Acidovorax antarcticus	2743470	S	2374	1873	4247	0.00029
Acidovorax monticola	1926868	S	2147	862	3009	0.00020
Acidovorax carolinensis	553814	S	1520	1281	2801	0.00019
Acidovorax citrulli	80869	S	1151	1630	2781	0.00019
Acidovorax cattleyae	80868	S	1025	692	1717	0.00012
Acidovorax radicis	758826	S	972	200	1172	0.00008
Comamonas sp. NLF-7-7	2597701	S	1320	1108	2428	0.00016
Comamonas sp. NLF-1-9	2853163	S	1075	703	1778	0.00012
Comamonas sp. B21-038	2918299	S	889	223	1112	0.00008
Comamonas sp. Y33R10-2	2853257	S	322	61	383	0.00003
Comamonas serinivorans	1082851	S	1893	547	2440	0.00016
Comamonas aquatica	225991	S	1790	1900	3690	0.00025
Comamonas testosteroni	285	S	1352	2122	3474	0.00023
Comamonas koreensis	160825	S	814	557	1371	0.00009
Comamonas odontotermitis	379895	S	794	161	955	0.00006
Comamonas piscis	1562974	S	765	151	916	0.00006
Comamonas thiooxydans	363952	S	682	1492	2174	0.00015
Comamonas fluminis	2796366	S	522	236	758	0.00005
Comamonas kerstersii	225992	S	478	283	761	0.00005
Rhodoferax koreense	1842727	S	4255	2357	6612	0.00045
Rhodoferax sp. BAB1	2741720	S	2023	565	2588	0.00017
Rhodoferax sp. AJA081-3	2752316	S	898	66	964	0.00007
Rhodoferax sp. PAMC 29310	2822760	S	621	70	691	0.00005
Rhodoferax sp. MIZ03	2798804	S	477	51	528	0.00004
Rhodoferax sediminis	2509614	S	2827	438	3265	0.00022
Rhodoferax ferrireducens	192843	S	1176	81	1257	0.00008
Rhodoferax saidenbachensis	1484693	S	984	110	1094	0.00007
Rhodoferax antarcticus	81479	S	641	51	692	0.00005
Rhodoferax aquaticus	2527691	S	404	41	445	0.00003
Ramlibacter tataouinensis	94132	S	13818	5190	19008	0.00128
Schlegelella thermodepolymerans	215580	S	4834	2333	7167	0.00048
Schlegelella brevitalea	413882	S	4679	667	5346	0.00036
Diaphorobacter sp. HDW4A	2714924	S	1446	1536	2982	0.00020
Diaphorobacter sp. HDW4B	2714925	S	1401	180	1581	0.00011
Diaphorobacter sp. JS3051	2792224	S	137	2340	2477	0.00017
Diaphorobacter sp. MNS-0	2866628	S	112	946	1058	0.00007
Diaphorobacter sp. JS3050	2735554	S	110	1227	1337	0.00009
Diaphorobacter ruginosibacter	1715720	S	1677	308	1985	0.00013
Diaphorobacter aerolatus	1288495	S	1397	2282	3679	0.00025
Diaphorobacter nitroreducens	164759	S	208	559	767	0.00005
[Acidovorax] ebreus	721785	S	172	995	1167	0.00008
Polaromonas sp. JS666	296591	S	2680	2774	5454	0.00037
Polaromonas naphthalenivorans	216465	S	2218	329	2547	0.00017
Polaromonas vacuolata	37448	S	281	30	311	0.00002
Delftia tsuruhatensis	180282	S	1716	4829	6545	0.00044
Delftia acidovorans	80866	S	1517	2909	4426	0.00030
Delftia lacustris	558537	S	476	2783	3259	0.00022
Delftia sp. Cs1-4	742013	S	223	512	735	0.00005
Delftia sp. HK171	1920191	S	113	301	414	0.00003
Kinneretia sp. DAIF2	2714952	S	5080	1801	6881	0.00046
Kinneretia sp. XES5	2877940	S	1497	1967	3464	0.00023
Ottowia sp. 27C	2816950	S	1886	363	2249	0.00015
Ottowia sp. oral taxon 894	1658672	S	749	107	856	0.00006
Ottowia oryzae	2109914	S	1504	333	1837	0.00012
Alicycliphilus denitrificans	179636	S	3604	6354	9958	0.00067
Melaminivora sp. SC2-9	2109913	S	1547	1909	3456	0.00023
Melaminivora jejuensis	1267217	S	1265	1027	2292	0.00015
Verminephrobacter eiseniae	364317	S	2175	270	2445	0.00017
Serpentinimonas maccroryi	1458426	S	1075	362	1437	0.00010
Serpentinimonas raichei	1458425	S	893	336	1229	0.00008
Hylemonella gracilis	80880	S	1565	223	1788	0.00012
Pulveribacter suum	2116657	S	1291	679	1970	0.00013
Simplicispira suum	2109915	S	1253	509	1762	0.00012
Limnohabitans sp. 63ED37-2	1678128	S	595	64	659	0.00004
Limnohabitans sp. 103DPR2	1678129	S	248	19	267	0.00002
Curvibacter sp. AEP1-3	1844971	S	619	45	664	0.00004
Candidatus Symbiobacter mobilis	1436290	S	528	19	547	0.00004
Massilia sp. WG5	1707785	S	9779	4216	13995	0.00094
Massilia sp. LPB0304	2769491	S	5691	1496	7187	0.00049
Massilia sp. HC52	2852099	S	3718	1034	4752	0.00032
Massilia sp. DM-R-R2A-13	2899220	S	2843	652	3495	0.00024
Massilia sp. NP310	2861282	S	2784	1749	4533	0.00031
Massilia sp. YMA4	1593482	S	2506	1233	3739	0.00025
Massilia sp. PAMC28688	2861283	S	2350	357	2707	0.00018
Massilia sp. NR 4-1	1678028	S	395	2767	3162	0.00021
Massilia sp. MB5	2919578	S	385	2795	3180	0.00021
Massilia putida	1141883	S	5610	1696	7306	0.00049
Massilia violaceinigra	2045208	S	5070	1340	6410	0.00043
Massilia flava	871742	S	3696	864	4560	0.00031
Massilia albidiflava	321983	S	2821	1047	3868	0.00026
Massilia lutea	321985	S	2710	781	3491	0.00024
Massilia umbonata	864828	S	2696	1013	3709	0.00025
Massilia plicata	321984	S	2409	597	3006	0.00020
Massilia armeniaca	2072590	S	2324	1128	3452	0.00023
Massilia oculi	945844	S	2203	1295	3498	0.00024
Massilia antarctica	2765360	S	2175	748	2923	0.00020
Duganella sp. GN2-R2	2728020	S	4277	1748	6025	0.00041
Duganella sp. AF9R3	2728021	S	3679	723	4402	0.00030
Janthinobacterium sp. 1_2014MBL_MicDiv	1644131	S	1289	469	1758	0.00012
Janthinobacterium sp. 17J80-10	2497863	S	1269	182	1451	0.00010
Janthinobacterium sp. LM6	1938606	S	660	414	1074	0.00007
Janthinobacterium sp. PAMC25594	2861284	S	555	342	897	0.00006
Janthinobacterium sp. Marseille	375286	S	541	129	670	0.00005
Janthinobacterium sp. HH102	1537274	S	342	528	870	0.00006
Janthinobacterium sp. B9-8	1236179	S	145	34	179	0.00001
Janthinobacterium agaricidamnosum	55508	S	2293	3427	5720	0.00039
Janthinobacterium lividum	29581	S	566	545	1111	0.00007
Janthinobacterium svalbardensis	368607	S	504	242	746	0.00005
Janthinobacterium tructae	2590869	S	488	241	729	0.00005
Herbaspirillum robiniae	2014887	S	2321	843	3164	0.00021
Herbaspirillum frisingense	92645	S	1780	579	2359	0.00016
Herbaspirillum hiltneri	341045	S	1728	287	2015	0.00014
Herbaspirillum seropedicae	964	S	1699	637	2336	0.00016
Herbaspirillum rubrisubalbicans	80842	S	1514	714	2228	0.00015
Herbaspirillum huttiense	863372	S	1066	449	1515	0.00010
Herbaspirillum sp. meg3	2025949	S	1061	123	1184	0.00008
Collimonas fungivorans	158899	S	2371	630	3001	0.00020
Collimonas arenae	279058	S	1746	218	1964	0.00013
Collimonas pratensis	279113	S	1627	318	1945	0.00013
Noviherbaspirillum sp. UKPF54	2601898	S	2421	395	2816	0.00019
Undibacterium sp. YM2	2058625	S	231	89	320	0.00002
Undibacterium sp. KW1	2058624	S	226	87	313	0.00002
Undibacterium parvum	401471	S	274	35	309	0.00002
Glaciimonas sp. PAMC28666	2807626	S	336	21	357	0.00002
Herminiimonas arsenitoxidans	1809410	S	325	46	371	0.00003
Oxalobacter formigenes	847	S	179	102	281	0.00002
Achromobacter xylosoxidans	85698	S	7053	12610	19663	0.00133
Achromobacter sp. AONIH1	1758194	S	2250	2953	5203	0.00035
Achromobacter sp. MFA1 R4	1881016	S	1731	494	2225	0.00015
Achromobacter sp. 77	2756133	S	321	856	1177	0.00008
Achromobacter sp. B7	2282475	S	261	638	899	0.00006
Achromobacter sp. ES-001	2860286	S	261	869	1130	0.00008
Achromobacter spanius	217203	S	3732	1550	5282	0.00036
Achromobacter denitrificans	32002	S	3267	2443	5710	0.00039
Achromobacter deleyi	1353891	S	2384	1722	4106	0.00028
Achromobacter insolitus	217204	S	1840	516	2356	0.00016
Achromobacter pestifer	1353889	S	1329	937	2266	0.00015
Achromobacter mucicolens	1389922	S	452	738	1190	0.00008
Bordetella sp. H567	1697043	S	3463	390	3853	0.00026
Bordetella sp. N	1746199	S	2445	248	2693	0.00018
Bordetella genomosp. 8	1416806	S	3401	363	3764	0.00025
Bordetella bronchialis	463025	S	3329	411	3740	0.00025
Bordetella flabilis	463014	S	2631	208	2839	0.00019
Bordetella genomosp. 13	463040	S	2451	1762	4213	0.00028
Bordetella genomosp. 9	1416803	S	2287	575	2862	0.00019
Bordetella hinzii	103855	S	1895	773	2668	0.00018
Bordetella petrii	94624	S	1749	2393	4142	0.00028
Bordetella trematum	123899	S	1432	623	2055	0.00014
Bordetella pseudohinzii	1331258	S	1099	446	1545	0.00010
Bordetella bronchiseptica	518	S	1055	2931	3986	0.00027
Bordetella holmesii	35814	S	706	17561	18267	0.00123
Bordetella avium	521	S	685	80	765	0.00005
Bordetella genomosp. 6	463024	S	367	529	896	0.00006
Bordetella pertussis	520	S	207	14257	14464	0.00098
Bordetella parapertussis	519	S	136	1164	1300	0.00009
Pigmentiphaga sp. H8	2488560	S	4098	489	4587	0.00031
Pigmentiphaga aceris	1940612	S	1183	77	1260	0.00009
Orrella dioscoreae	1851544	S	1828	623	2451	0.00017
Orrella marina	2163011	S	331	59	390	0.00003
Orrella sp. f23	2782176	S	158	8	166	0.00001
Castellaniella defragrans	75697	S	1923	1337	3260	0.00022
Alcaligenes faecalis	511	S	618	617	1235	0.00008
Alcaligenes sp. SORT26	2813780	S	144	31	175	0.00001
Alcaligenes aquatilis	323284	S	107	430	537	0.00004
Pusillimonas sp. T7-7	1007105	S	395	60	455	0.00003
Pusillimonas sp. DMV24BSW_D	2716226	S	189	13	202	0.00001
Pusillimonas thiosulfatoxidans	2028345	S	577	172	749	0.00005
Paralcaligenes sp. KSB-10	2901142	S	821	32	853	0.00006
Kerstersia gyiorum	206506	S	700	143	843	0.00006
Advenella mimigardefordensis	302406	S	332	18	350	0.00002
Advenella kashmirensis	310575	S	316	17	333	0.00002
Rhizobacter sp. AJA081-3	2753607	S	9556	2592	12148	0.00082
Rhizobacter gummiphilus	946333	S	7526	1574	9100	0.00061
Sphaerotilus sp. FB-5	2914710	S	4048	2733	6781	0.00046
Sphaerotilus natans	34103	S	3722	1532	5254	0.00035
Rubrivivax gelatinosus	28068	S	7528	2498	10026	0.00068
Methylibium sp. Pch-M	2082386	S	2483	2393	4876	0.00033
Methylibium petroleiphilum	105560	S	2366	2432	4798	0.00032
Aquincola tertiaricarbonis	391953	S	5706	2070	7776	0.00052
Leptothrix cholodnii	34029	S	4884	1637	6521	0.00044
Mitsuaria sp. 7	1658665	S	4802	1012	5814	0.00039
Thiomonas sp. X19	1050370	S	1717	642	2359	0.00016
Thiomonas intermedia	926	S	1138	152	1290	0.00009
Thiomonas arsenitoxydans	426114	S	466	706	1172	0.00008
Xylophilus rhododendri	2697032	S	3454	996	4450	0.00030
Ideonella dechloratans	36863	S	2830	1718	4548	0.00031
Roseateles depolymerans	76731	S	2132	428	2560	0.00017
Aquabacterium olei	1296669	S	1975	531	2506	0.00017
Tepidimonas taiwanensis	307486	S	1804	666	2470	0.00017
Paucibacter sp. KCTC 42545	1768242	S	1521	255	1776	0.00012
Inhella inkyongensis	392593	S	1400	228	1628	0.00011
Sutterella megalosphaeroides	2494234	S	666	114	780	0.00005
Sutterella faecalis	2584944	S	444	62	506	0.00003
Sutterella wadsworthensis	40545	S	207	25	232	0.00002
Thauera sp. K11	2005884	S	2576	1570	4146	0.00028
Thauera sp. MZ1T	85643	S	2561	2506	5067	0.00034
Thauera humireducens	1134435	S	1658	1006	2664	0.00018
Thauera chlorobenzoica	96773	S	1318	1129	2447	0.00017
Thauera aromatica	59405	S	1150	1574	2724	0.00018
Thauera hydrothermalis	2184083	S	803	221	1024	0.00007
Azoarcus sp. KH32C	748247	S	2957	517	3474	0.00023
Azoarcus sp. DD4	2027405	S	2189	1352	3541	0.00024
Azoarcus olearius	418699	S	2460	866	3326	0.00022
Azoarcus communis	41977	S	2066	796	2862	0.00019
Nitrogeniibacter mangrovi	2016596	S	2035	424	2459	0.00017
Nitrogeniibacter aestuarii	2815343	S	1048	115	1163	0.00008
Aromatoleum petrolei	76116	S	2480	585	3065	0.00021
Aromatoleum aromaticum	551760	S	2009	1429	3438	0.00023
Aromatoleum bremense	76115	S	1658	920	2578	0.00017
Aromatoleum pumilum	2067960	S	1634	634	2268	0.00015
Azospira restricta	404405	S	3644	1838	5482	0.00037
Azospira inquinata	2785627	S	428	36	464	0.00003
Azospira sp. I09	1765049	S	314	890	1204	0.00008
Azospira oryzae	146939	S	303	696	999	0.00007
Niveibacterium microcysteis	2811415	S	1603	233	1836	0.00012
Oryzomicrobium terrae	1735038	S	1159	282	1441	0.00010
Rugosibacter aromaticivorans	1565605	S	445	73	518	0.00003
Dechloromonas denitrificans	281362	S	2108	518	2626	0.00018
Dechloromonas sp. HYN0024	2231055	S	512	100	612	0.00004
Dechloromonas sp. TW-R-39-2	2654218	S	348	156	504	0.00003
Ferribacterium limneticum	76259	S	2570	420	2990	0.00020
Quatrionicoccus australiensis	138118	S	1170	328	1498	0.00010
Fluviibacter phosphoraccumulans	1751046	S	192	75	267	0.00002
Usitatibacter rugosus	2732067	S	11955	1360	13315	0.00090
Usitatibacter palustris	2732487	S	7882	954	8836	0.00060
Denitratisoma sp. DHT3	1981880	S	1462	1054	2516	0.00017
Denitratisoma oestradiolicum	311182	S	869	145	1014	0.00007
Sulfuritalea hydrogenivorans	748811	S	1925	269	2194	0.00015
Methyloversatilis sp. RAC08	1842540	S	1731	223	1954	0.00013
Sterolibacterium denitrificans	157592	S	1277	358	1635	0.00011
Sideroxydans sp. MIZ01	2764705	S	919	182	1101	0.00007
Sideroxydans lithotrophicus	63745	S	753	109	862	0.00006
Ferrigenium kumadai	1682490	S	996	192	1188	0.00008
Candidatus Nitrotoga arctica	453162	S	237	54	291	0.00002
Candidatus Nitrotoga sp. AM1P	2559597	S	165	40	205	0.00001
Ferriphaselus amnicola	1188319	S	432	55	487	0.00003
Gallionella capsiferriformans	370405	S	308	26	334	0.00002
Thiobacillus denitrificans	36861	S	2193	434	2627	0.00018
Sulfuritortus calidifontis	1914471	S	1532	620	2152	0.00015
Sulfuriferula plumbiphila	171865	S	882	137	1019	0.00007
Sulfuriferula sp. AH1	1985873	S	429	85	514	0.00003
Sulfuriferula nivalis	2675298	S	115	8	123	0.00001
Sulfurimicrobium lacus	2715678	S	1195	145	1340	0.00009
Sulfuricella denitrificans	649841	S	732	66	798	0.00005
Nitrosospira lacus	1288494	S	590	21	611	0.00004
Nitrosospira multiformis	1231	S	418	14	432	0.00003
Nitrosospira sp. NRS527	155925	S	264	156	420	0.00003
Nitrosospira briensis	35799	S	224	142	366	0.00002
Nitrosomonas ureae	44577	S	232	8	240	0.00002
Nitrosomonas communis	44574	S	178	6	184	0.00001
Nitrosomonas europaea	915	S	172	29	201	0.00001
Nitrosomonas eutropha	916	S	111	76	187	0.00001
Methylovorus glucosotrophus	266009	S	151	119	270	0.00002
Methylovorus sp. MP688	887061	S	135	117	252	0.00002
Methylobacillus flagellatus	405	S	328	83	411	0.00003
Methylophilus sp. TWE2	1662285	S	111	7	118	0.00001
Methylophilus medardicus	2588534	S	104	9	113	0.00001
Chromobacterium sp. ATCC 53434	2059672	S	1325	452	1777	0.00012
Chromobacterium sp. Rain0013	2292447	S	286	328	614	0.00004
Chromobacterium sp. Beijing	2735795	S	258	679	937	0.00006
Chromobacterium violaceum	536	S	1401	816	2217	0.00015
Chromobacterium vaccinii	1108595	S	1389	583	1972	0.00013
Chromobacterium phragmitis	2202141	S	824	351	1175	0.00008
Chromobacterium paludis	2605945	S	754	288	1042	0.00007
Chromobacterium rhizoryzae	1778675	S	258	1263	1521	0.00010
Chromobacterium haemolyticum	394935	S	122	744	866	0.00006
Iodobacter fluviatilis	537	S	125	37	162	0.00001
Jeongeupia sp. USM3	1906741	S	1842	459	2301	0.00016
Jeongeupia sp. HS-3	1009682	S	857	161	1018	0.00007
Paludibacterium paludis	1225769	S	971	190	1161	0.00008
Paludibacterium yongneupense	400061	S	907	126	1033	0.00007
Paludibacterium sp. B53371	2806263	S	630	129	759	0.00005
Vogesella sp. LIG4	1192162	S	1100	271	1371	0.00009
Vogesella sp. XCS3	2877939	S	564	150	714	0.00005
Pseudogulbenkiania sp. NH8B	748280	S	1563	506	2069	0.00014
Aquitalea aquatilis	1537400	S	377	106	483	0.00003
Aquitalea magnusonii	332411	S	313	146	459	0.00003
Aquitalea denitrificans	519081	S	312	132	444	0.00003
Aquitalea sp. USM4	1590041	S	301	135	436	0.00003
Microvirgula aerodenitrificans	57480	S	1162	212	1374	0.00009
Laribacter hongkongensis	168471	S	881	840	1721	0.00012
Aquaspirillum sp. LM1	1938604	S	622	88	710	0.00005
Chitinibacter bivalviorum	2739434	S	150	127	277	0.00002
Chitinibacter fontanus	1737446	S	129	18	147	0.00001
Neisseria sp. KEM232	655307	S	253	84	337	0.00002
Neisseria bacilliformis	267212	S	274	122	396	0.00003
Neisseria shayeganii	607712	S	240	56	296	0.00002
Neisseria elongata	495	S	185	203	388	0.00003
Neisseria dentiae	194197	S	184	35	219	0.00001
Neisseria chenwenguii	1853278	S	183	34	217	0.00001
Neisseria musculi	1815583	S	148	21	169	0.00001
Neisseria meningitidis	487	S	144	879	1023	0.00007
Crenobacter cavernae	2290923	S	1844	586	2430	0.00016
Chitinolyticbacter meiyuanensis	682798	S	1236	144	1380	0.00009
Vitreoscilla filiformis	63	S	734	122	856	0.00006
Vitreoscilla massiliensis	1689272	S	114	46	160	0.00001
Kingella potus	265175	S	211	47	258	0.00002
Kingella oralis	505	S	139	37	176	0.00001
Kingella denitrificans	502	S	132	133	265	0.00002
Eikenella corrodens	539	S	271	270	541	0.00004
Uruburuella suis	252130	S	219	49	268	0.00002
Uruburuella testudinis	1282863	S	168	42	210	0.00001
Paralysiella testudinis	2809020	S	202	46	248	0.00002
Casimicrobium huifangae	2591109	S	1645	784	2429	0.00016
Pseudomonas sp. ATCC 13867	1294143	S	968	445	1413	0.00010
Pseudomonas sp. SCB32	2653853	S	938	284	1222	0.00008
Pseudomonas sp. Ost2	2678260	S	938	179	1117	0.00008
Pseudomonas sp. TCU-HL1	1856685	S	911	165	1076	0.00007
Pseudomonas sp. KNUC1026	2893890	S	892	98	990	0.00007
Pseudomonas sp. PDNC002	2811422	S	857	273	1130	0.00008
Pseudomonas sp. DY-1	1755504	S	739	120	859	0.00006
Pseudomonas sp. CC6-YY-74	1930532	S	703	97	800	0.00005
Pseudomonas sp. LPB0260	2614442	S	674	159	833	0.00006
Pseudomonas sp. S34	1573718	S	638	234	872	0.00006
Pseudomonas sp. StFLB209	1028989	S	624	177	801	0.00005
Pseudomonas sp. LAB-08	143813	S	606	162	768	0.00005
Pseudomonas sp. Pc102	2678261	S	590	404	994	0.00007
Pseudomonas sp. MTM4	2705472	S	575	113	688	0.00005
Pseudomonas sp. MM211	2866808	S	564	61	625	0.00004
Pseudomonas sp. ABC1	2748080	S	540	86	626	0.00004
Pseudomonas sp. 7SR1	1881017	S	514	119	633	0.00004
Pseudomonas sp. L5B5	2883205	S	514	141	655	0.00004
Pseudomonas sp. CMR5c	658630	S	511	256	767	0.00005
Pseudomonas sp. p1(2021b)	2874628	S	502	337	839	0.00006
Pseudomonas sp. URMO17WK12:I11	1283291	S	476	493	969	0.00007
Pseudomonas sp. MPC6	2498848	S	469	147	616	0.00004
Pseudomonas sp. HN2-3	2886360	S	449	130	579	0.00004
Pseudomonas sp. MSPm1	2726956	S	434	125	559	0.00004
Pseudomonas sp. B11D7D	2735906	S	430	108	538	0.00004
Pseudomonas sp. DG56-2	2320270	S	416	59	475	0.00003
Pseudomonas sp. OIL-1	2706126	S	402	100	502	0.00003
Pseudomonas sp. ADAK13	2730847	S	395	144	539	0.00004
Pseudomonas sp. MM213	2866807	S	389	130	519	0.00004
Pseudomonas sp. 15A4	2804761	S	384	129	513	0.00003
Pseudomonas sp. gcc21	2726989	S	375	190	565	0.00004
Pseudomonas sp. Leaf58	1736226	S	375	98	473	0.00003
Pseudomonas sp. HLS-6	2049589	S	361	127	488	0.00003
Pseudomonas sp. DTU12.3	2073078	S	360	155	515	0.00003
Pseudomonas sp. S09G 359	2054919	S	340	128	468	0.00003
Pseudomonas sp. PP3	2815936	S	331	176	507	0.00003
Pseudomonas sp. Seg1	2678259	S	320	120	440	0.00003
Pseudomonas sp. Tri1	2823875	S	311	106	417	0.00003
Pseudomonas sp. Marseille-Q3773	2866592	S	311	156	467	0.00003
Pseudomonas sp. 31-12	2201356	S	308	127	435	0.00003
Pseudomonas sp. UW4	1207075	S	295	286	581	0.00004
Pseudomonas sp. NIBR-H-19	2901380	S	290	101	391	0.00003
Pseudomonas sp. DR48	2871095	S	289	260	549	0.00004
Pseudomonas sp. S35	1573719	S	287	122	409	0.00003
Pseudomonas sp. ADPe	2774873	S	277	954	1231	0.00008
Pseudomonas sp. RtIB026	2749999	S	276	282	558	0.00004
Pseudomonas sp. OE 28.3	2745519	S	272	101	373	0.00003
Pseudomonas sp. HN11	1344094	S	272	96	368	0.00002
Pseudomonas sp. HS6	2850559	S	263	115	378	0.00003
Pseudomonas sp. M1	95619	S	261	881	1142	0.00008
Pseudomonas sp. NS1(2017)	2025658	S	255	107	362	0.00002
Pseudomonas sp. ACM7	2052956	S	250	75	325	0.00002
Pseudomonas sp. 2hn	2866626	S	249	290	539	0.00004
Pseudomonas sp. LS.1a	2920387	S	237	152	389	0.00003
Pseudomonas sp. R5-89-07	658644	S	234	135	369	0.00002
Pseudomonas sp. ADAK18	2730848	S	230	59	289	0.00002
Pseudomonas sp. LG1E9	2219057	S	226	112	338	0.00002
Pseudomonas sp. M30-35	1981174	S	225	15	240	0.00002
Pseudomonas sp. R84	1573712	S	224	219	443	0.00003
Pseudomonas sp. NIBRBAC000502773	2590776	S	222	163	385	0.00003
Pseudomonas sp. St316	2678257	S	212	102	314	0.00002
Pseudomonas sp. SCA2728.1_7	2825975	S	207	241	448	0.00003
Pseudomonas sp. SK3(2021)	2841064	S	199	173	372	0.00003
Pseudomonas sp. RC3H12	2834406	S	196	210	406	0.00003
Pseudomonas sp. CCOS 191	1649877	S	191	282	473	0.00003
Pseudomonas sp. MRSN12121	1611770	S	187	332	519	0.00004
Pseudomonas sp. IzPS59	2774459	S	187	134	321	0.00002
Pseudomonas sp. DNDY-54	2870860	S	180	115	295	0.00002
Pseudomonas sp. AO-1	2855434	S	170	365	535	0.00004
Pseudomonas sp. CYM-20-01	2870750	S	165	122	287	0.00002
Pseudomonas sp. SDM007	2812000	S	163	199	362	0.00002
Pseudomonas sp. FIT81	2837969	S	162	146	308	0.00002
Pseudomonas sp. 14181154	2662033	S	161	219	380	0.00003
Pseudomonas sp. HS-18	2879114	S	150	401	551	0.00004
Pseudomonas sp. R76	1573711	S	148	111	259	0.00002
Pseudomonas sp. SK	2729423	S	146	190	336	0.00002
Pseudomonas sp. R2A2	2213057	S	143	279	422	0.00003
Pseudomonas sp. Z003-0.4C(8344-21)	1855380	S	126	124	250	0.00002
Pseudomonas sp. SORT22	2813842	S	123	824	947	0.00006
Pseudomonas sp. BIGb0427	2724470	S	119	750	869	0.00006
Pseudomonas sp. HN2	2884805	S	118	147	265	0.00002
Pseudomonas sp. LTJR-52	2479392	S	117	51	168	0.00001
Pseudomonas sp. LPH1	1898684	S	116	143	259	0.00002
Pseudomonas sp. 02C 26	2054914	S	111	706	817	0.00006
Pseudomonas sp. 3-2	2867408	S	105	287	392	0.00003
Pseudomonas sp. S07E 245	2866278	S	102	687	789	0.00005
Pseudomonas fluorescens	294	S	6344	6290	12634	0.00085
Pseudomonas protegens	380021	S	1420	1557	2977	0.00020
Pseudomonas orientalis	76758	S	1029	310	1339	0.00009
Pseudomonas azotoformans	47878	S	896	408	1304	0.00009
Pseudomonas synxantha	47883	S	678	524	1202	0.00008
Pseudomonas rhodesiae	76760	S	536	219	755	0.00005
Pseudomonas poae	200451	S	536	309	845	0.00006
Pseudomonas tolaasii	29442	S	482	103	585	0.00004
Pseudomonas trivialis	200450	S	459	177	636	0.00004
Pseudomonas corrugata	47879	S	436	98	534	0.00004
Pseudomonas mediterranea	183795	S	416	110	526	0.00004
Pseudomonas cedrina	651740	S	339	95	434	0.00003
Pseudomonas migulae	78543	S	333	201	534	0.00004
Pseudomonas mucidolens	46679	S	326	52	378	0.00003
Pseudomonas congelans	200452	S	275	100	375	0.00003
Pseudomonas brenneri	129817	S	224	95	319	0.00002
Pseudomonas mandelii	75612	S	177	568	745	0.00005
Pseudomonas libanensis	75588	S	168	196	364	0.00002
Pseudomonas veronii	76761	S	151	479	630	0.00004
Pseudomonas ogarae	1114970	S	134	119	253	0.00002
Pseudomonas aeruginosa	287	S	5333	50527	55860	0.00377
Pseudomonas mendocina	300	S	2177	854	3031	0.00020
Pseudomonas alcaligenes	43263	S	1612	1094	2706	0.00018
Pseudomonas furukawaii	1149133	S	1107	339	1446	0.00010
Pseudomonas oleovorans	301	S	254	952	1206	0.00008
Pseudomonas resinovorans	53412	S	1164	268	1432	0.00010
Pseudomonas multiresinivorans	95301	S	624	231	855	0.00006
Pseudomonas nitroreducens	46680	S	200	473	673	0.00005
Pseudomonas citronellolis	53408	S	664	1137	1801	0.00012
Pseudomonas putida	303	S	7292	10888	18180	0.00123
Pseudomonas oryzihabitans	47885	S	2044	495	2539	0.00017
Pseudomonas fulva	47880	S	1260	3825	5085	0.00034
Pseudomonas plecoglossicida	70775	S	522	464	986	0.00007
Pseudomonas monteilii	76759	S	260	3467	3727	0.00025
Pseudomonas mosselii	78327	S	254	486	740	0.00005
Pseudomonas sp. SGAir0191	2217867	S	136	105	241	0.00002
Pseudomonas stutzeri	316	S	7430	5233	12663	0.00085
Pseudomonas chloritidismutans	203192	S	103	155	258	0.00002
Pseudomonas balearica	74829	S	1327	1674	3001	0.00020
Pseudomonas xanthomarina	271420	S	366	64	430	0.00003
Pseudomonas luteola	47886	S	131	72	203	0.00001
Pseudomonas syringae	317	S	1880	3773	5653	0.00038
Pseudomonas viridiflava	33069	S	1185	160	1345	0.00009
Pseudomonas cichorii	36746	S	656	66	722	0.00005
Pseudomonas asturiensis	1190415	S	436	55	491	0.00003
Pseudomonas amygdali	47877	S	185	1267	1452	0.00010
Pseudomonas syringae group genomosp. 7	251699	S	388	51	439	0.00003
Pseudomonas fuscovaginae	50340	S	209	149	358	0.00002
Pseudomonas avellanae	46257	S	117	277	394	0.00003
Pseudomonas chlororaphis	587753	S	3647	4425	8072	0.00054
Pseudomonas lundensis	86185	S	364	50	414	0.00003
Pseudomonas fragi	296	S	234	225	459	0.00003
Pseudomonas psychrotolerans	237610	S	1978	492	2470	0.00017
Pseudomonas knackmussii	65741	S	1925	1753	3678	0.00025
Pseudomonas otitidis	319939	S	1832	442	2274	0.00015
Pseudomonas oryzae	1392877	S	1537	524	2061	0.00014
Pseudomonas entomophila	312306	S	1515	768	2283	0.00015
Pseudomonas cavernae	2320867	S	1211	207	1418	0.00010
Pseudomonas guangdongensis	1245526	S	1040	361	1401	0.00009
Pseudomonas lalkuanensis	2604832	S	1008	205	1213	0.00008
Pseudomonas eucalypticola	2599595	S	981	139	1120	0.00008
Pseudomonas qingdaonensis	2056231	S	844	188	1032	0.00007
Pseudomonas umsongensis	198618	S	838	153	991	0.00007
Pseudomonas parafulva	157782	S	799	266	1065	0.00007
Pseudomonas vanderleydeniana	2745495	S	786	123	909	0.00006
Pseudomonas frederiksbergensis	104087	S	739	261	1000	0.00007
Pseudomonas alkylphenolica	237609	S	682	148	830	0.00006
Pseudomonas nanhaiensis	2830842	S	672	75	747	0.00005
Pseudomonas yamanorum	515393	S	665	175	840	0.00006
Pseudomonas rhizosphaerae	216142	S	657	89	746	0.00005
Pseudomonas brassicacearum	930166	S	635	1484	2119	0.00014
Pseudomonas campi	2731681	S	633	95	728	0.00005
Pseudomonas cremoricolorata	157783	S	585	98	683	0.00005
Pseudomonas muyukensis	2842357	S	582	196	778	0.00005
Pseudomonas vancouverensis	95300	S	520	94	614	0.00004
Pseudomonas argentinensis	289370	S	516	134	650	0.00004
Pseudomonas palleroniana	191390	S	488	91	579	0.00004
Pseudomonas pohangensis	364197	S	487	39	526	0.00004
Pseudomonas tohonis	2725477	S	470	435	905	0.00006
Pseudomonas koreensis	198620	S	469	217	686	0.00005
Pseudomonas arsenicoxydans	702115	S	461	118	579	0.00004
Pseudomonas alvandae	2842348	S	455	83	538	0.00004
Pseudomonas zhaodongensis	1176257	S	452	233	685	0.00005
Pseudomonas antarctica	219572	S	446	132	578	0.00004
Pseudomonas prosekii	1148509	S	443	84	527	0.00004
Pseudomonas saudiphocaensis	1499686	S	439	106	545	0.00004
Pseudomonas xantholysinigenes	2745490	S	437	136	573	0.00004
Pseudomonas phragmitis	1931241	S	422	36	458	0.00003
Pseudomonas fakonensis	2842355	S	397	144	541	0.00004
Pseudomonas hamedanensis	2745504	S	385	81	466	0.00003
Pseudomonas tructae	2518644	S	384	76	460	0.00003
Pseudomonas silesiensis	1853130	S	380	93	473	0.00003
Pseudomonas agarici	46677	S	367	20	387	0.00003
Pseudomonas thivervalensis	86265	S	354	90	444	0.00003
Pseudomonas marincola	437900	S	348	58	406	0.00003
Pseudomonas xanthosomae	2842356	S	340	125	465	0.00003
Pseudomonas extremaustralis	359110	S	339	86	425	0.00003
Pseudomonas promysalinigenes	485898	S	336	58	394	0.00003
Pseudomonas granadensis	1421430	S	331	188	519	0.00004
Pseudomonas graminis	158627	S	326	107	433	0.00003
Pseudomonas simiae	321846	S	323	94	417	0.00003
Pseudomonas lurida	244566	S	316	84	400	0.00003
Pseudomonas azerbaijanoriens	2842350	S	315	253	568	0.00004
Pseudomonas lini	163011	S	291	66	357	0.00002
Pseudomonas wenzhouensis	2906062	S	285	118	403	0.00003
Pseudomonas versuta	1788301	S	285	51	336	0.00002
Pseudomonas asgharzadehiana	2842349	S	282	76	358	0.00002
Pseudomonas viciae	2505979	S	281	80	361	0.00002
Pseudomonas taetrolens	47884	S	280	39	319	0.00002
Pseudomonas sediminis	1691904	S	265	87	352	0.00002
Pseudomonas reinekei	395598	S	260	87	347	0.00002
Pseudomonas maumuensis	2842354	S	257	145	402	0.00003
Pseudomonas psychrophila	122355	S	244	37	281	0.00002
Pseudomonas kribbensis	1628086	S	224	260	484	0.00003
Pseudomonas allokribbensis	2774460	S	214	99	313	0.00002
Pseudomonas alcaliphila	101564	S	189	232	421	0.00003
Pseudomonas gozinkensis	2774461	S	187	104	291	0.00002
Pseudomonas asplenii	53407	S	180	134	314	0.00002
Pseudomonas tritici	2745518	S	177	66	243	0.00002
Pseudomonas atacamensis	2565368	S	163	193	356	0.00002
Pseudomonas moraviensis	321662	S	161	321	482	0.00003
Pseudomonas khazarica	2502979	S	161	236	397	0.00003
Pseudomonas oryziphila	2894079	S	159	150	309	0.00002
Pseudomonas zeae	2745510	S	150	91	241	0.00002
Pseudomonas sihuiensis	1274359	S	149	227	376	0.00003
Pseudomonas chengduensis	489632	S	147	322	469	0.00003
Pseudomonas tensinigenes	2745511	S	139	88	227	0.00002
Pseudomonas germanica	2815720	S	138	91	229	0.00002
Pseudomonas toyotomiensis	554344	S	138	151	289	0.00002
Pseudomonas anuradhapurensis	485870	S	136	144	280	0.00002
Pseudomonas kunmingensis	1211807	S	125	210	335	0.00002
Pseudomonas iranensis	2745503	S	111	102	213	0.00001
Azotobacter chroococcum	353	S	1543	654	2197	0.00015
Azotobacter vinelandii	354	S	1068	3330	4398	0.00030
Azotobacter salinestris	69964	S	844	270	1114	0.00008
Halopseudomonas sabulinigri	472181	S	521	46	567	0.00004
Halopseudomonas xinjiangensis	487184	S	487	46	533	0.00004
Halopseudomonas sp. RR6	2918528	S	466	66	532	0.00004
Halopseudomonas aestusnigri	857252	S	452	299	751	0.00005
Halopseudomonas litoralis	797277	S	329	77	406	0.00003
Halopseudomonas salegens	1434072	S	256	20	276	0.00002
Permianibacter aggregans	1510150	S	476	16	492	0.00003
Marinobacter sp. CA1	2817656	S	559	44	603	0.00004
Marinobacter sp. NP-4(2019)	2488665	S	356	64	420	0.00003
Marinobacter sp. Arc7-DN-1	2304594	S	345	46	391	0.00003
Marinobacter sp. LPB0319	2769486	S	312	21	333	0.00002
Marinobacter sp. LV10R510-11A	1415568	S	180	8	188	0.00001
Marinobacter sp. LQ44	1749259	S	164	236	400	0.00003
Marinobacter sp. BSs20148	490759	S	128	64	192	0.00001
Marinobacter sp. es.042	1761794	S	127	107	234	0.00002
Marinobacter sp. CP1	1671721	S	123	208	331	0.00002
Marinobacter sp. JH2	2547598	S	117	34	151	0.00001
Marinobacter fonticola	2603215	S	420	22	442	0.00003
Marinobacter salarius	1420917	S	392	49	441	0.00003
Marinobacter nauticus	2743	S	365	114	479	0.00003
Marinobacter similis	1420916	S	262	22	284	0.00002
Marinobacter salsuginis	418719	S	261	33	294	0.00002
Marinobacter salinus	1874317	S	242	15	257	0.00002
Marinobacter adhaerens	1033846	S	114	250	364	0.00002
Lysobacter sp. KIS68-7	2904252	S	3046	607	3653	0.00025
Lysobacter sp. TY2-98	2290922	S	2370	397	2767	0.00019
Lysobacter sp. 5GHs7-4	2904253	S	1942	585	2527	0.00017
Lysobacter sp. S4-A87	2925843	S	1790	564	2354	0.00016
Lysobacter sp. K5869	2820808	S	1568	693	2261	0.00015
Lysobacter sp. CECT 30171	2822368	S	1509	372	1881	0.00013
Lysobacter sp. CW239	2762611	S	1179	637	1816	0.00012
Lysobacter sp. CJ11	2764185	S	391	30	421	0.00003
Lysobacter sp. H21R4	2781021	S	370	600	970	0.00007
Lysobacter sp. HDW10	2714936	S	297	87	384	0.00003
Lysobacter sp. H23M47	2781024	S	221	905	1126	0.00008
Lysobacter enzymogenes	69	S	6458	2272	8730	0.00059
Lysobacter capsici	435897	S	4204	3829	8033	0.00054
Lysobacter soli	453783	S	2604	557	3161	0.00021
Lysobacter antibioticus	84531	S	2422	502	2924	0.00020
Lysobacter arenosi	2795387	S	2191	689	2880	0.00019
Lysobacter solisilvae (ex Kim et al. 2021)	2763317	S	2180	462	2642	0.00018
Lysobacter solisilvae (ex Woo and Kim 2022)	2865112	S	1972	602	2574	0.00017
Lysobacter lycopersici	1324796	S	1844	415	2259	0.00015
Lysobacter maris	1605891	S	1840	464	2304	0.00016
Lysobacter alkalisoli	2591633	S	1421	267	1688	0.00011
Lysobacter oculi	2698682	S	1225	348	1573	0.00011
Lysobacter gummosus	262324	S	413	2873	3286	0.00022
Lysobacter ciconiae	2781022	S	395	619	1014	0.00007
Lysobacter avium	2781023	S	195	745	940	0.00006
Xanthomonas translucens	343	S	2986	3866	6852	0.00046
Xanthomonas campestris	339	S	2415	2440	4855	0.00033
Xanthomonas sp. GW	2724121	S	353	474	827	0.00006
Xanthomonas sp. SS	2724122	S	327	509	836	0.00006
Xanthomonas sp. SI	2724123	S	308	484	792	0.00005
Xanthomonas sacchari	56458	S	1482	533	2015	0.00014
Xanthomonas arboricola	56448	S	1450	1399	2849	0.00019
Xanthomonas oryzae	347	S	1098	582	1680	0.00011
Xanthomonas theicola	56464	S	1071	363	1434	0.00010
Xanthomonas citri	346	S	1001	7669	8670	0.00059
Xanthomonas hyacinthi	56455	S	905	558	1463	0.00010
Xanthomonas hortorum	56454	S	732	566	1298	0.00009
Xanthomonas albilineans	29447	S	725	104	829	0.00006
Xanthomonas fragariae	48664	S	683	134	817	0.00006
Xanthomonas vesicatoria	56460	S	674	396	1070	0.00007
Xanthomonas cucurbitae	56453	S	615	114	729	0.00005
Xanthomonas vasicola	56459	S	525	191	716	0.00005
Xanthomonas cassavae	56450	S	467	115	582	0.00004
Xanthomonas euroxanthea	2259622	S	407	429	836	0.00006
Xanthomonas hydrangeae	2775159	S	345	113	458	0.00003
Xanthomonas axonopodis	53413	S	319	146	465	0.00003
Xanthomonas phaseoli	1985254	S	259	691	950	0.00006
Xanthomonas euvesicatoria	456327	S	147	3228	3375	0.00023
Stenotrophomonas maltophilia	40324	S	7469	12414	19883	0.00134
Stenotrophomonas sp. ESTM1D_MKCIP4_1	2072414	S	566	277	843	0.00006
Stenotrophomonas sp. SAU14A_NAIMI4_5	2072413	S	534	402	936	0.00006
Stenotrophomonas sp. ZAC14D2_NAIMI4_7	2072405	S	278	377	655	0.00004
Stenotrophomonas sp. ZAC14A_NAIMI4_1	2072412	S	197	471	668	0.00005
Stenotrophomonas sp. YAU14D1_LEIMI4_1	2072407	S	180	396	576	0.00004
Stenotrophomonas sp. ZAC14D2_NAIMI4_6	2072406	S	166	417	583	0.00004
Stenotrophomonas sp. LM091	1904944	S	959	426	1385	0.00009
Stenotrophomonas sp. 169	2770322	S	801	148	949	0.00006
Stenotrophomonas sp. 364	2691571	S	670	317	987	0.00007
Stenotrophomonas sp. NA06056	2742129	S	367	233	600	0.00004
Stenotrophomonas sp. WZN-1	2005046	S	184	272	456	0.00003
Stenotrophomonas sp. DR822	2871174	S	132	379	511	0.00003
Stenotrophomonas rhizophila	216778	S	3111	1005	4116	0.00028
Stenotrophomonas acidaminiphila	128780	S	1539	4017	5556	0.00038
Stenotrophomonas indicatrix	2045451	S	128	613	741	0.00005
Luteimonas sp. S4-F44	2925842	S	1690	346	2036	0.00014
Luteimonas sp. MC1750	2799326	S	1592	611	2203	0.00015
Luteimonas sp. D4P002	2901869	S	1493	403	1896	0.00013
Luteimonas sp. JM171	1896164	S	1283	274	1557	0.00011
Luteimonas sp. MC1572	2799325	S	1279	612	1891	0.00013
Luteimonas sp. MC1825	2761107	S	1267	621	1888	0.00013
Luteimonas sp. YGD11-2	2508168	S	1252	545	1797	0.00012
Luteimonas granuli	1176533	S	1543	550	2093	0.00014
Luteimonas chenhongjianii	2006110	S	1366	307	1673	0.00011
Luteimonas yindakuii	2565782	S	1205	477	1682	0.00011
Pseudoxanthomonas suwonensis	314722	S	3262	1790	5052	0.00034
Pseudoxanthomonas sp. X-1	2571115	S	1803	1673	3476	0.00023
Pseudoxanthomonas mexicana	128785	S	1701	2795	4496	0.00030
Pseudoxanthomonas daejeonensis	266062	S	1411	384	1795	0.00012
Pseudoxanthomonas spadix	415229	S	1100	418	1518	0.00010
Thermomonas sp. XSG	2771436	S	1167	522	1689	0.00011
Thermomonas sp. HDW16	2714945	S	886	248	1134	0.00008
Thermomonas brevis	215691	S	1593	669	2262	0.00015
Thermomonas aquatica	2202149	S	1399	777	2176	0.00015
Thermomonas carbonis	1463158	S	1311	288	1599	0.00011
Arenimonas daejeonensis	370777	S	2329	513	2842	0.00019
Pseudolysobacter antarcticus	2511995	S	2022	61	2083	0.00014
Xylella fastidiosa	2371	S	253	57	310	0.00002
Xylella taiwanensis	1444770	S	154	9	163	0.00001
Luteibacter sp. 321	2911537	S	2063	603	2666	0.00018
Luteibacter sp. 335	2911538	S	1674	361	2035	0.00014
Luteibacter sp. EIF3	2780091	S	1573	247	1820	0.00012
Luteibacter sp. 353	2911539	S	1419	421	1840	0.00012
Luteibacter rhizovicinus	242606	S	2138	293	2431	0.00016
Luteibacter pinisoli	2589080	S	1988	484	2472	0.00017
Luteibacter anthropi	564369	S	1331	232	1563	0.00011
Dyella thiooxydans	445710	S	2220	748	2968	0.00020
Dyella japonica	231455	S	1655	535	2190	0.00015
Dyella telluris	2763498	S	1515	433	1948	0.00013
Dyella terrae	522259	S	1268	193	1461	0.00010
Dyella caseinilytica	1849581	S	1095	92	1187	0.00008
Dyella sp. M7H15-1	2501295	S	592	65	657	0.00004
Rhodanobacter denitrificans	666685	S	2712	1152	3864	0.00026
Rhodanobacter sp. FDAARGOS 1247	2778082	S	1821	684	2505	0.00017
Rhodanobacter thiooxydans	416169	S	1585	798	2383	0.00016
Rhodanobacter glycinis	582702	S	1489	296	1785	0.00012
Frateuria sp. 5GH9-34	2898793	S	1936	682	2618	0.00018
Frateuria sp. 5GH9-11	1542730	S	1682	752	2434	0.00016
Frateuria aurantia	81475	S	777	111	888	0.00006
Dokdonella koreensis	323415	S	4484	875	5359	0.00036
Aerosticca soli	2010829	S	1919	2617	4536	0.00031
Ahniella affigens	2021234	S	1152	34	1186	0.00008
Klebsiella pneumoniae	573	S	814	42540	43354	0.00293
Klebsiella quasipneumoniae	1463165	S	602	2388	2990	0.00020
Klebsiella oxytoca	571	S	438	337	775	0.00005
Klebsiella aerogenes	548	S	416	272	688	0.00005
Klebsiella michiganensis	1134687	S	268	1126	1394	0.00009
Klebsiella variicola	244366	S	234	1039	1273	0.00009
Klebsiella huaxiensis	2153354	S	104	113	217	0.00001
Klebsiella quasivariicola	2026240	S	100	119	219	0.00001
Raoultella sp. HC6	2923366	S	214	164	378	0.00003
Raoultella planticola	575	S	189	218	407	0.00003
Raoultella ornithinolytica	54291	S	145	1225	1370	0.00009
Raoultella terrigena	577	S	102	226	328	0.00002
Enterobacter cloacae	550	S	924	2113	3037	0.00021
Enterobacter hormaechei	158836	S	310	14228	14538	0.00098
Enterobacter cancerogenus	69218	S	268	105	373	0.00003
Enterobacter asburiae	61645	S	240	1134	1374	0.00009
Enterobacter roggenkampii	1812935	S	177	722	899	0.00006
Enterobacter chengduensis	2494701	S	105	78	183	0.00001
Enterobacter ludwigii	299767	S	103	227	330	0.00002
Enterobacter sp. JUb54	2724468	S	227	54	281	0.00002
Enterobacter sp. SA187	1914861	S	225	48	273	0.00002
Enterobacter sp. RHBSTW-00994	2742676	S	101	30	131	0.00001
Enterobacter sp. E76	2596949	S	100	316	416	0.00003
Enterobacter huaxiensis	2494702	S	140	47	187	0.00001
Enterobacter mori	539813	S	122	158	280	0.00002
Enterobacter bugandensis	881260	S	102	191	293	0.00002
Citrobacter freundii	546	S	297	1876	2173	0.00015
Citrobacter sp. R56	1573676	S	126	55	181	0.00001
Citrobacter sp. RHB25-C09	2742624	S	121	68	189	0.00001
Citrobacter rodentium	67825	S	202	0	202	0.00001
Citrobacter farmeri	67824	S	165	103	268	0.00002
Citrobacter amalonaticus	35703	S	142	1111	1253	0.00008
Cronobacter sakazakii	28141	S	366	440	806	0.00005
Cronobacter dublinensis	413497	S	309	176	485	0.00003
Cronobacter universalis	535744	S	209	243	452	0.00003
Cronobacter condimenti	1163710	S	202	85	287	0.00002
Kosakonia sp. SMBL-WEM22	2725560	S	127	70	197	0.00001
Kosakonia cowanii	208223	S	272	261	533	0.00004
Kosakonia sacchari	1158459	S	254	148	402	0.00003
Kosakonia oryzae	497725	S	117	96	213	0.00001
Kosakonia arachidis	551989	S	111	35	146	0.00001
Kosakonia radicincitans	283686	S	103	115	218	0.00001
Kosakonia pseudosacchari	1646340	S	100	61	161	0.00001
Leclercia adecarboxylata	83655	S	515	1169	1684	0.00011
Leclercia sp. 29361	2714951	S	168	177	345	0.00002
Leclercia pneumoniae	2815358	S	130	72	202	0.00001
Salmonella enterica	28901	S	1014	51263	52277	0.00353
Pluralibacter gergoviae	61647	S	793	226	1019	0.00007
[Enterobacter] lignolyticus	1334193	S	394	119	513	0.00003
Escherichia coli	562	S	714	25260	25974	0.00175
Cedecea neteri	158822	S	607	142	749	0.00005
Cedecea lapagei	158823	S	172	50	222	0.00002
Cedecea sp. FDAARGOS_727	2545798	S	156	36	192	0.00001
Lelliottia amnigena	61646	S	426	136	562	0.00004
Kluyvera ascorbata	51288	S	172	236	408	0.00003
Kluyvera intermedia	61648	S	139	120	259	0.00002
Candidatus Symbiopectobacterium sp. SyEd1	2871826	S	168	25	193	0.00001
Jejubacter calystegiae	2579935	S	271	34	305	0.00002
Plesiomonas shigelloides	703	S	262	97	359	0.00002
Pseudescherichia vulneris	566	S	243	16	259	0.00002
Buttiauxella agrestis	82977	S	100	104	204	0.00001
Atlantibacter hermannii	565	S	215	53	268	0.00002
Shimwellia blattae	563	S	193	45	238	0.00002
Scandinavium goeteborgense	1851514	S	181	39	220	0.00001
Yokenella regensburgei	158877	S	179	89	268	0.00002
Pseudocitrobacter sp. G163CM	2891570	S	153	44	197	0.00001
Phytobacter ursingii	1972431	S	115	170	285	0.00002
Serratia marcescens	615	S	1551	4663	6214	0.00042
Serratia plymuthica	82996	S	610	440	1050	0.00007
Serratia sp. ATCC 39006	104623	S	129	16	145	0.00001
Serratia sp. FDAARGOS_506	2420306	S	104	180	284	0.00002
Serratia rubidaea	61652	S	384	647	1031	0.00007
Serratia entomophila	42906	S	353	114	467	0.00003
Serratia proteamaculans	28151	S	313	103	416	0.00003
Serratia odorifera	618	S	301	61	362	0.00002
Serratia fonticola	47917	S	225	298	523	0.00004
Serratia surfactantfaciens	2741499	S	209	177	386	0.00003
Serratia liquefaciens	614	S	165	316	481	0.00003
Serratia quinivorans	137545	S	133	71	204	0.00001
Serratia grimesii	82995	S	113	17	130	0.00001
Serratia symbiotica	138074	S	105	19	124	0.00001
Rahnella aquatilis	34038	S	289	420	709	0.00005
Rahnella victoriana	1510570	S	194	34	228	0.00002
Rahnella inusitata	58169	S	193	61	254	0.00002
Rahnella sp. ERMR1:05	1805933	S	188	32	220	0.00001
Yersinia enterocolitica	630	S	104	348	452	0.00003
Nissabacter sp. SGAir0207	2126321	S	608	104	712	0.00005
Gibbsiella quercinecans	929813	S	428	69	497	0.00003
Rouxiella badensis	1646377	S	246	26	272	0.00002
Ewingella americana	41202	S	237	40	277	0.00002
Pantoea sp. Z09	2886821	S	508	185	693	0.00005
Pantoea sp. SO10	2575375	S	273	59	332	0.00002
Pantoea sp. MSR2	2052056	S	222	29	251	0.00002
Pantoea sp. At-9b	592316	S	184	42	226	0.00002
Pantoea sp. CCBC3-3-1	2490851	S	156	34	190	0.00001
Pantoea agglomerans	549	S	1158	419	1577	0.00011
Pantoea dispersa	59814	S	1023	305	1328	0.00009
Pantoea vagans	470934	S	370	663	1033	0.00007
Pantoea ananatis	553	S	350	127	477	0.00003
Pantoea deleyi	470932	S	303	83	386	0.00003
Pantoea cypripedii	55209	S	222	15	237	0.00002
Pantoea alhagi	1891675	S	199	70	269	0.00002
Pantoea stewartii	66269	S	193	55	248	0.00002
Pantoea rwandensis	1076550	S	135	34	169	0.00001
Erwinia sp. E602	2675378	S	508	103	611	0.00004
Erwinia sp. J780	2681984	S	139	30	169	0.00001
Erwinia gerundensis	1619313	S	276	59	335	0.00002
Erwinia persicina	55211	S	234	55	289	0.00002
Erwinia rhapontici	55212	S	191	41	232	0.00002
Erwinia billingiae	182337	S	185	441	626	0.00004
Erwinia amylovora	552	S	142	100	242	0.00002
Erwinia tasmaniensis	338565	S	125	29	154	0.00001
Mixta gaviniae	665914	S	356	141	497	0.00003
Mixta calida	665913	S	283	166	449	0.00003
Mixta theicola	1458355	S	276	90	366	0.00002
Mixta sp. X22927	2872648	S	156	93	249	0.00002
Mixta intestinalis	1615494	S	145	42	187	0.00001
Buchnera aphidicola	9	S	108	16	124	0.00001
Dickeya dadantii	204038	S	426	281	707	0.00005
Dickeya zeae	204042	S	342	359	701	0.00005
Dickeya chrysanthemi	556	S	271	33	304	0.00002
Dickeya dianthicola	204039	S	223	125	348	0.00002
Dickeya fangzhongdai	1778540	S	126	538	664	0.00004
Dickeya solani	1089444	S	110	424	534	0.00004
Dickeya poaceiphila	568768	S	100	18	118	0.00001
Pectobacterium carotovorum	554	S	208	643	851	0.00006
Pectobacterium brasiliense	180957	S	165	270	435	0.00003
Brenneria goodwinii	1109412	S	267	259	526	0.00004
Brenneria izadpanahii	2722756	S	257	258	515	0.00003
Brenneria rubrifaciens	55213	S	178	68	246	0.00002
Lonsdalea populi	1172565	S	257	81	338	0.00002
Lonsdalea britannica	1082704	S	214	62	276	0.00002
Musicola paradisiaca	69223	S	276	0	276	0.00002
Edwardsiella tarda	636	S	344	725	1069	0.00007
Edwardsiella hoshinae	93378	S	246	115	361	0.00002
Edwardsiella ictaluri	67780	S	171	196	367	0.00002
Hafnia alvei	569	S	103	171	274	0.00002
Morganella morganii	582	S	422	401	823	0.00006
Sodalis sp. dw_23	2697027	S	512	39	551	0.00004
Sodalis praecaptivus	1239307	S	268	222	490	0.00003
Sodalis glossinidius	63612	S	202	33	235	0.00002
Leminorella richardii	158841	S	134	26	160	0.00001
Thioalkalivibrio sulfidiphilus	1033854	S	1243	747	1990	0.00013
Thioalkalivibrio paradoxus	108010	S	1217	336	1553	0.00010
Thioalkalivibrio nitratireducens	186931	S	1116	278	1394	0.00009
Thioalkalivibrio versutus	106634	S	937	121	1058	0.00007
Thioalkalivibrio sp. K90mix	396595	S	865	107	972	0.00007
Spiribacter sp. E85	2182432	S	2402	235	2637	0.00018
Spiribacter sp. 2438	2666185	S	496	48	544	0.00004
Spiribacter curvatus	1335757	S	656	38	694	0.00005
Spiribacter salinus	1335746	S	449	34	483	0.00003
Acidihalobacter aeolianus	2792603	S	1101	151	1252	0.00008
Acidihalobacter ferrooxydans	1765967	S	1030	107	1137	0.00008
Acidihalobacter yilgarnensis	2819280	S	713	47	760	0.00005
Halorhodospira halophila	1053	S	1101	130	1231	0.00008
Halorhodospira halochloris	1052	S	218	10	228	0.00002
Aquisalimonas sp. 2447	2740807	S	1210	87	1297	0.00009
Ectothiorhodospira sp. BSL-9	1442136	S	483	156	639	0.00004
Ectothiorhodospira haloalkaliphila	421628	S	438	150	588	0.00004
Alkalilimnicola ehrlichii	351052	S	1091	146	1237	0.00008
Ectothiorhodosinus mongolicus	233100	S	215	15	230	0.00002
Candidatus Thiodictyon syntrophicum	1166950	S	2460	133	2593	0.00018
Allochromatium vinosum	1049	S	1000	382	1382	0.00009
Allochromatium tepidum	553982	S	876	416	1292	0.00009
Thioflavicoccus mobilis	80679	S	1979	188	2167	0.00015
Marichromatium purpuratum	37487	S	1864	367	2231	0.00015
Thiocapsa bogorovii	521689	S	1629	88	1717	0.00012
Thiocystis violascens	73141	S	1274	111	1385	0.00009
Thermochromatium tepidum	1050	S	680	154	834	0.00006
Caldichromatium japonicum	2699430	S	567	67	634	0.00004
Nitrosococcus halophilus	133539	S	149	18	167	0.00001
Nitrosococcus oceani	1229	S	125	26	151	0.00001
Nitrosococcus wardiae	1814290	S	121	14	135	0.00001
Nitrosococcus watsonii	473531	S	102	23	125	0.00001
Rheinheimera sp. F8	1763998	S	122	6	128	0.00001
Wenzhouxiangella marina	1579979	S	1327	90	1417	0.00010
Wenzhouxiangella sp. AB-CW3	2771012	S	863	41	904	0.00006
Thiohalobacter sp. COW1	2795687	S	315	648	963	0.00006
Thiohalobacter thiocyanaticus	585455	S	221	562	783	0.00005
Guyparkeria halophila	47960	S	1222	320	1542	0.00010
Sulfurivermis fontis	1972068	S	1097	423	1520	0.00010
Halothiobacillus sp. LS2	1860122	S	561	57	618	0.00004
Halothiobacillus neapolitanus	927	S	266	32	298	0.00002
Woeseia oceani	1548547	S	782	14	796	0.00005
Granulosicoccus antarcticus	437505	S	372	7	379	0.00003
Sulfuriflexus mobilis	1811807	S	282	8	290	0.00002
Halomonas sp. THAF5a	2587844	S	1130	508	1638	0.00011
Halomonas sp. 1513	1883416	S	955	239	1194	0.00008
Halomonas sp. HG01	1609967	S	873	458	1331	0.00009
Halomonas sp. THAF12	2587849	S	842	615	1457	0.00010
Halomonas sp. JS92-SW72	2306583	S	818	1156	1974	0.00013
Halomonas sp. YLGW01	2773308	S	765	148	913	0.00006
Halomonas sp. MCCC 1A13316	2733487	S	741	112	853	0.00006
Halomonas sp. PGE1	2730360	S	502	873	1375	0.00009
Halomonas sp. Y2R2	2562282	S	302	19	321	0.00002
Halomonas sp. A40-4	2785909	S	258	85	343	0.00002
Halomonas sp. SH5A2	2749040	S	210	48	258	0.00002
Halomonas sp. KO116	1504981	S	180	89	269	0.00002
Halomonas sp. R57-5	1610576	S	157	79	236	0.00002
Halomonas sp. FeN2	2832500	S	145	74	219	0.00001
Halomonas sp. SS10-MC5	2854257	S	116	1131	1247	0.00008
Halomonas sp. 18071143	2855441	S	113	297	410	0.00003
Halomonas sp. SF2003	2136172	S	106	522	628	0.00004
Halomonas sp. GFAJ-1	1118153	S	101	24	125	0.00001
Halomonas beimenensis	475662	S	1200	263	1463	0.00010
Halomonas aestuarii	1897729	S	1021	238	1259	0.00008
Halomonas socia	1081866	S	929	198	1127	0.00008
Halomonas elongata	2746	S	801	94	895	0.00006
Halomonas tianxiuensis	2497861	S	786	192	978	0.00007
Halomonas sulfidivorans	2733488	S	779	177	956	0.00006
Halomonas chromatireducens	507626	S	636	55	691	0.00005
Halomonas meridiana	29570	S	408	371	779	0.00005
Halomonas subglaciescola	29571	S	406	54	460	0.00003
Halomonas huangheensis	1178482	S	380	25	405	0.00003
Halomonas piezotolerans	2609667	S	307	197	504	0.00003
Halomonas profundi	2852117	S	157	28	185	0.00001
Halomonas titanicae	664683	S	125	695	820	0.00006
Halomonas sulfidoxydans	2733484	S	117	1122	1239	0.00008
Cobetia sp. L2A1	2686360	S	250	47	297	0.00002
Cobetia sp. cqz5-12	2609415	S	200	508	708	0.00005
Cobetia sp. 4B	2758724	S	104	809	913	0.00006
Halotalea alkalilenta	376489	S	1356	285	1641	0.00011
Salinicola tamaricis	1771309	S	1248	163	1411	0.00010
Kushneria phosphatilytica	657387	S	364	17	381	0.00003
Kushneria konosiri	698828	S	320	75	395	0.00003
Kushneria marisflavi	157779	S	294	67	361	0.00002
Chromohalobacter salexigens	158080	S	899	113	1012	0.00007
Pistricoccus aurantiacus	1883414	S	592	47	639	0.00004
Zymobacter palmae	33074	S	205	31	236	0.00002
Alcanivorax sp. N3-2A	2014542	S	985	1202	2187	0.00015
Alcanivorax pacificus	1306787	S	719	273	992	0.00007
Alcanivorax dieselolei	285091	S	505	251	756	0.00005
Alcanivorax xenomutans	1094342	S	437	321	758	0.00005
Ketobacter alkanivorans	1917421	S	174	14	188	0.00001
Marinobacterium aestuarii	1821621	S	581	48	629	0.00004
Marinobacterium sediminicola	518898	S	249	34	283	0.00002
Marinobacterium georgiense	48076	S	202	66	268	0.00002
Thalassolituus sp. C2-1	2597518	S	172	14	186	0.00001
Bacterioplanes sanyensis	1249553	S	170	10	180	0.00001
Venatorbacter cucullus	2661630	S	169	44	213	0.00001
Nitrincola iocasae	2614693	S	106	18	124	0.00001
Saccharospirillum mangrovi	2161747	S	444	28	472	0.00003
Reinekea forsetii	1336806	S	176	10	186	0.00001
Gynuella sunshinyii	1445505	S	162	5	167	0.00001
Hahella chejuensis	158327	S	370	48	418	0.00003
Hahella sp. KA22	1628392	S	263	39	302	0.00002
Litoricola lipolytica	418701	S	260	14	274	0.00002
Oleiphilus messinensis	141451	S	129	10	139	0.00001
Aeromonas hydrophila	644	S	1324	5161	6485	0.00044
Aeromonas sp. FDAARGOS 1415	2778064	S	260	179	439	0.00003
Aeromonas sp. CA23	2033032	S	236	115	351	0.00002
Aeromonas sp. FDAARGOS 1409	2778058	S	130	220	350	0.00002
Aeromonas sp. CU5	2033033	S	113	55	168	0.00001
Aeromonas veronii	654	S	871	2081	2952	0.00020
Aeromonas media	651	S	612	1303	1915	0.00013
Aeromonas encheleia	73010	S	591	223	814	0.00005
Aeromonas schubertii	652	S	552	173	725	0.00005
Aeromonas salmonicida	645	S	523	731	1254	0.00008
Aeromonas simiae	218936	S	469	523	992	0.00007
Aeromonas caviae	648	S	419	3627	4046	0.00027
Aeromonas enteropelogenes	29489	S	329	291	620	0.00004
Aeromonas rivuli	648794	S	273	83	356	0.00002
Aeromonas dhakensis	196024	S	267	576	843	0.00006
Aeromonas jandaei	650	S	205	224	429	0.00003
Zobellella denitrificans	347534	S	918	219	1137	0.00008
Oceanimonas sp. GK1	511062	S	457	100	557	0.00004
Dongshaea marina	2047966	S	119	12	131	0.00001
Tolumonas auensis	43948	S	105	47	152	0.00001
Methylococcus sp. EFPC2	2812648	S	1264	93	1357	0.00009
Methylococcus sp. Mc7	2860258	S	1065	330	1395	0.00009
Methylococcus capsulatus	414	S	998	244	1242	0.00008
Methylococcus geothermalis	2681310	S	849	231	1080	0.00007
Methylomonas sp. LL1	2785785	S	458	22	480	0.00003
Methylomonas sp. LW13	107637	S	189	116	305	0.00002
Methylomonas sp. DH-1	1727196	S	174	311	485	0.00003
Methylomonas sp. EFPC1	2812647	S	165	108	273	0.00002
Methylomonas koyamae	702114	S	474	457	931	0.00006
Methylomonas rhizoryzae	2608981	S	380	16	396	0.00003
Methylomonas denitrificans	1538553	S	361	24	385	0.00003
Methylomonas methanica	421	S	318	16	334	0.00002
Methylomonas paludis	1173101	S	111	5	116	0.00001
Methylomagnum ishizawai	1760988	S	1493	70	1563	0.00011
Methylomicrobium album	39775	S	1073	45	1118	0.00008
Methylomicrobium sp. wino1	2049332	S	248	171	419	0.00003
Methylogaea oryzae	1295382	S	1164	94	1258	0.00008
Methylocaldum marinum	1432792	S	1152	70	1222	0.00008
Candidatus Methylospira mobilis	1808979	S	513	23	536	0.00004
Methylotuvimicrobium buryatense	95641	S	157	141	298	0.00002
Methylotuvimicrobium alcaliphilum	271065	S	136	143	279	0.00002
Methylovulum psychrotolerans	1704499	S	234	6	240	0.00002
Shewanella algae	38313	S	215	687	902	0.00006
Shewanella khirikhana	1965282	S	179	77	256	0.00002
Shewanella cyperi	2814292	S	173	409	582	0.00004
Shewanella litorisediminis	1173586	S	119	97	216	0.00001
Shewanella marisflavi	260364	S	118	57	175	0.00001
Shewanella yunxiaonensis	2829809	S	101	29	130	0.00001
Alteromonas sp. RKMC-009	2267264	S	113	88	201	0.00001
Alteromonas macleodii	28108	S	145	172	317	0.00002
Hydrocarboniclastica marina	2259620	S	342	51	393	0.00003
Lacimicrobium alkaliphilum	1526571	S	164	18	182	0.00001
Saliniradius amylolyticus	2183582	S	103	15	118	0.00001
Pseudoalteromonas rubra	43658	S	158	175	333	0.00002
Pseudoalteromonas viridis	339617	S	100	198	298	0.00002
Ferrimonas balearica	44012	S	436	78	514	0.00003
Microbulbifer sp. YPW16	2904242	S	507	46	553	0.00004
Microbulbifer sp. SH-1	2681547	S	420	62	482	0.00003
Microbulbifer sp. YPW1	2745199	S	334	57	391	0.00003
Microbulbifer sp. ALW1	1516059	S	310	50	360	0.00002
Microbulbifer sp. THAF38	2587856	S	119	38	157	0.00001
Microbulbifer sp. A4B17	359370	S	116	24	140	0.00001
Microbulbifer sp. GL-2	2591606	S	116	18	134	0.00001
Microbulbifer aggregans	1769779	S	369	45	414	0.00003
Microbulbifer thermotolerans	252514	S	358	23	381	0.00003
Microbulbifer hydrolyticus	48074	S	335	62	397	0.00003
Microbulbifer celer	435905	S	305	38	343	0.00002
Microbulbifer elongatus	86173	S	297	49	346	0.00002
Microbulbifer agarilyticus	260552	S	195	22	217	0.00001
Kineobactrum salinum	2708301	S	735	28	763	0.00005
Halioglobus japonicus	930805	S	365	18	383	0.00003
Halioglobus maricola	2601894	S	359	15	374	0.00003
Congregibacter litoralis	393662	S	351	135	486	0.00003
Aequoribacter fuscus	2518989	S	104	12	116	0.00001
Cellvibrio sp. PSBB006	1987723	S	266	9	275	0.00002
Cellvibrio sp. KY-GH-1	2303332	S	191	14	205	0.00001
Cellvibrio sp. KY-YJ-3	454662	S	158	22	180	0.00001
Cellvibrio sp. PSBB023	1945512	S	137	14	151	0.00001
Cellvibrio japonicus	155077	S	198	13	211	0.00001
Teredinibacter turnerae	2426	S	179	8	187	0.00001
Simiduia agarivorans	447471	S	288	16	304	0.00002
Spongiibacter taiwanensis	1748242	S	295	13	308	0.00002
Spongiibacter nanhainus	2794344	S	289	28	317	0.00002
Spongiibacter sp. IMCC21906	1620392	S	114	28	142	0.00001
Zhongshania aliphaticivorans	1470434	S	152	10	162	0.00001
Solimonas sp. K1W22B-7	2303331	S	3518	381	3899	0.00026
Flagellatimonas centrodinii	2806210	S	1105	78	1183	0.00008
Sinimarinibacterium sp. NLF-5-8	2698684	S	629	358	987	0.00007
Steroidobacter denitrificans	465721	S	2515	702	3217	0.00022
Sulfurifustis variabilis	1675686	S	3431	233	3664	0.00025
Sulfuricaulis limicola	1620215	S	1673	135	1808	0.00012
Acidiferrobacter sp. SPIII_3	1281578	S	707	152	859	0.00006
Acidiferrobacter thiooxydans	163359	S	526	113	639	0.00004
Vibrio parahaemolyticus	670	S	150	172	322	0.00002
Vibrio sp. OG9-811	2841925	S	119	43	162	0.00001
Vibrio fluvialis	676	S	265	131	396	0.00003
Vibrio furnissii	29494	S	236	166	402	0.00003
Vibrio vulnificus	672	S	211	98	309	0.00002
Vibrio navarrensis	29495	S	109	133	242	0.00002
Vibrio cholerae	666	S	101	411	512	0.00003
Vibrio mimicus	674	S	100	92	192	0.00001
Photobacterium sp. GJ3	2829502	S	132	22	154	0.00001
Photobacterium sp. TLY01	2907534	S	118	28	146	0.00001
Photobacterium gaetbulicola	1295392	S	213	29	242	0.00002
Photobacterium ganghwense	320778	S	132	48	180	0.00001
Grimontia hollisae	673	S	101	17	118	0.00001
Acinetobacter sp. WCHAc010034	1879049	S	196	137	333	0.00002
Acinetobacter indicus	756892	S	123	157	280	0.00002
Acinetobacter lwoffii	28090	S	117	553	670	0.00005
Moraxella osloensis	34062	S	109	78	187	0.00001
Candidatus Endoriftia persephone	393765	S	624	33	657	0.00004
Sedimenticola thiotaurini	1543721	S	436	20	456	0.00003
Candidatus Reidiella endopervernicosa	2738883	S	323	7	330	0.00002
Thiolapillus brandeum	1076588	S	288	8	296	0.00002
Pseudohongiella spirulinae	1249552	S	226	6	232	0.00002
Gallaecimonas mangrovi	2291597	S	146	13	159	0.00001
Thiomicrorhabdus xiamenensis	2739063	S	105	113	218	0.00001
Thiothrix litoralis	2891210	S	223	19	242	0.00002
Thiothrix subterranea	2735563	S	144	46	190	0.00001
Thiothrix sp. CT3	96472	S	122	47	169	0.00001
Thiothrix unzii	111769	S	102	63	165	0.00001
Immundisolibacter cernigliae	1810504	S	2080	400	2480	0.00017
Legionella pneumophila	446	S	152	109	261	0.00002
Legionella spiritensis	452	S	107	24	131	0.00001
Legionella geestiana	45065	S	107	14	121	0.00001
Aquicella siphonis	254247	S	148	14	162	0.00001
Aquicella lusitana	254246	S	124	13	137	0.00001
Coxiella burnetii	777	S	134	51	185	0.00001
Salinisphaera sp. LB1	2183911	S	1483	67	1550	0.00010
endosymbiont of unidentified scaly snail isolate Monju	1248727	S	949	85	1034	0.00007
Cardiobacterium hominis	2718	S	453	90	543	0.00004
Cardiobacterium sp. Marseille-Q4385	2866573	S	303	54	357	0.00002
Myxococcus xanthus	34	S	4937	36467	41404	0.00279
Myxococcus hansupus	1297742	S	2698	167	2865	0.00019
Myxococcus stipitatus	83455	S	2294	157	2451	0.00017
Myxococcus sp. SCHIC003	2813577	S	2163	153	2316	0.00016
Corallococcus coralloides	184914	S	4794	1681	6475	0.00044
Corallococcus sp. EGB	1521117	S	2825	926	3751	0.00025
Corallococcus macrosporus	35	S	2822	348	3170	0.00021
Pyxidicoccus sp. SCPEA002	2813578	S	6672	253	6925	0.00047
Anaeromyxobacter sp. Red232	2918170	S	8311	899	9210	0.00062
Anaeromyxobacter sp. Fw109-5	404589	S	6358	842	7200	0.00049
Anaeromyxobacter sp. Red630	2918171	S	6304	860	7164	0.00048
Anaeromyxobacter sp. K	447217	S	1540	2983	4523	0.00031
Anaeromyxobacter dehalogenans	161493	S	5005	3575	8580	0.00058
Archangium violaceum	83451	S	9772	1786	11558	0.00078
Archangium gephyra	48	S	4914	1069	5983	0.00040
Cystobacter fuscus	43	S	5870	1406	7276	0.00049
Stigmatella aurantiaca	41	S	4599	296	4895	0.00033
Melittangium boletus	83453	S	3646	796	4442	0.00030
Vulgatibacter incomptus	1391653	S	3627	293	3920	0.00026
Sorangium cellulosum	56	S	51777	6530	58307	0.00394
Polyangium aurulentum	2567896	S	13618	1405	15023	0.00101
Chondromyces crocatus	52	S	6921	355	7276	0.00049
Pajaroellobacter abortibovis	1882918	S	127	4	131	0.00001
Sandaracinus amylolyticus	927083	S	20260	1257	21517	0.00145
Labilithrix luteola	1391654	S	12303	593	12896	0.00087
Haliangium ochraceum	80816	S	9968	518	10486	0.00071
Geomonas sp. RF6	2897342	S	1556	184	1740	0.00012
Geomonas paludis	2740185	S	1282	552	1834	0.00012
Geomonas nitrogeniifigens	2847991	S	1194	531	1725	0.00012
Geomonas subterranea	2847989	S	1028	412	1440	0.00010
Geomonas oryzisoli	2847992	S	1018	477	1495	0.00010
Geobacter sp. FeAm09	2597769	S	1164	133	1297	0.00009
Geobacter sp. SVR	2495594	S	1077	138	1215	0.00008
Geobacter sp. DSM 9736	1277350	S	443	30	473	0.00003
Geobacter sulfurreducens	35554	S	1251	251	1502	0.00010
Geobacter pickeringii	345632	S	1202	263	1465	0.00010
Geobacter metallireducens	28232	S	706	137	843	0.00006
Geobacter benzoatilyticus	2815309	S	551	102	653	0.00004
Citrifermentans bemidjiense	225194	S	999	326	1325	0.00009
Citrifermentans bremense	60035	S	979	348	1327	0.00009
Geotalea uraniireducens	351604	S	732	52	784	0.00005
Geotalea daltonii	1203471	S	392	30	422	0.00003
Geoalkalibacter subterraneus	483547	S	571	392	963	0.00007
Trichlorobacter lovleyi	313985	S	388	46	434	0.00003
Desulfuromonas versatilis	2802975	S	1871	320	2191	0.00015
Desulfuromonas sp. DDH964	1823759	S	1329	223	1552	0.00010
Desulfuromonas sp. AOP6	1566351	S	489	53	542	0.00004
Desulfuromonas soudanensis	1603606	S	1217	133	1350	0.00009
Pelobacter propionicus	29543	S	830	276	1106	0.00007
Syntrophotalea acetylenica	29542	S	486	87	573	0.00004
Syntrophotalea carbinolica	19	S	363	27	390	0.00003
Syntrophotalea acetylenivorans	1842532	S	273	36	309	0.00002
Desulfovibrio sp. IOR2	2583823	S	653	115	768	0.00005
Desulfovibrio sp. 86	2666132	S	288	63	351	0.00002
Desulfovibrio sp. G11	631220	S	207	132	339	0.00002
Desulfovibrio vulgaris	881	S	813	60	873	0.00006
Desulfovibrio sulfodismutans	63561	S	743	166	909	0.00006
Desulfovibrio desulfuricans	876	S	714	162	876	0.00006
Desulfovibrio fairfieldensis	44742	S	546	45	591	0.00004
Desulfovibrio piger	901	S	497	94	591	0.00004
Desulfovibrio ferrophilus	241368	S	300	23	323	0.00002
Candidatus Desulfovibrio trichonymphae	1725232	S	110	9	119	0.00001
Pseudodesulfovibrio mercurii	641491	S	894	202	1096	0.00007
Pseudodesulfovibrio indicus	1716143	S	889	178	1067	0.00007
Pseudodesulfovibrio aespoeensis	182210	S	658	387	1045	0.00007
Pseudodesulfovibrio sp. SF6	2810563	S	306	30	336	0.00002
Pseudodesulfovibrio sp. zrk46	2725288	S	287	48	335	0.00002
Pseudodesulfovibrio cashew	2678688	S	574	109	683	0.00005
Pseudodesulfovibrio tunisiensis	463192	S	498	49	547	0.00004
Pseudodesulfovibrio profundus	57320	S	200	165	365	0.00002
Pseudodesulfovibrio piezophilus	879567	S	113	15	128	0.00001
Solidesulfovibrio carbinoliphilus	345370	S	1335	154	1489	0.00010
Solidesulfovibrio magneticus	184917	S	688	345	1033	0.00007
Solidesulfovibrio carbinolicus	296842	S	635	434	1069	0.00007
Oceanidesulfovibrio marinus	370038	S	1261	73	1334	0.00009
Desulfocurvibacter africanus	873	S	921	67	988	0.00007
Desulfolutivibrio sulfoxidireducens	2773299	S	909	218	1127	0.00008
Megalodesulfovibrio gigas	879	S	749	34	783	0.00005
Oleidesulfovibrio alaskensis	58180	S	239	262	501	0.00003
Paradesulfovibrio bizertensis	376490	S	137	12	149	0.00001
Desulfomicrobium baculatum	899	S	678	45	723	0.00005
Desulfomicrobium orale	132132	S	343	69	412	0.00003
Desulfohalobium retbaense	45663	S	268	12	280	0.00002
Desulfosarcina ovata	83564	S	934	36	970	0.00007
Desulfosarcina alkanivorans	571177	S	784	260	1044	0.00007
Desulfosarcina widdelii	947919	S	751	66	817	0.00006
Desulfococcus multivorans	897	S	578	89	667	0.00005
Desulfatibacillum aliphaticivorans	218208	S	512	14	526	0.00004
Desulfoluna sp. ASN36	2810562	S	397	18	415	0.00003
Desulfobacter postgatei	2293	S	134	18	152	0.00001
Desulfobacter hydrogenophilus	2291	S	107	15	122	0.00001
Desulfonema magnum	45655	S	160	2	162	0.00001
Desulforapulum autotrophicum	2296	S	186	16	202	0.00001
Desulfobulbus propionicus	894	S	744	42	786	0.00005
Desulfobulbus oralis	1986146	S	455	79	534	0.00004
Desulfobulbus oligotrophicus	1909699	S	146	98	244	0.00002
Desulfurivibrio alkaliphilus	427923	S	507	27	534	0.00004
Desulfosudis oleivorans	181663	S	547	32	579	0.00004
Desulfosediminicola ganghwensis	2569540	S	175	26	201	0.00001
Persicimonas caeni	2292766	S	3409	106	3515	0.00024
Bradymonas sediminis	1548548	S	1315	92	1407	0.00010
Bradymonadales bacterium V1718	2600177	S	451	20	471	0.00003
Syntrophobacter fumaroxidans	119484	S	969	308	1277	0.00009
Desulfoglaeba alkanexedens	361111	S	637	31	668	0.00005
Desulfarculus baarsii	453230	S	1403	636	2039	0.00014
Desulfobacca acetoxidans	60893	S	339	8	347	0.00002
Desulfomonile tiedjei	2358	S	314	3	317	0.00002
Syntrophus aciditrophicus	316277	S	261	17	278	0.00002
Dissulfurimicrobium hydrothermale	1750598	S	142	9	151	0.00001
Sulfurimonas sp. HSL-3221	2894755	S	366	64	430	0.00003
Helicobacter pylori	210	S	114	76	190	0.00001
Nitratifractor salsuginis	269261	S	241	21	262	0.00002
Hydrogenimonas urashimensis	2740515	S	238	31	269	0.00002
Acidithiobacillus caldus	33059	S	467	109	576	0.00004
Acidithiobacillus ferrivorans	160808	S	327	105	432	0.00003
Acidithiobacillus ferrooxidans	920	S	277	388	665	0.00004
Acidithiobacillus thiooxidans	930	S	177	15	192	0.00001
Acidithiobacillus ferriphilus	1689834	S	142	48	190	0.00001
Bdellovibrio bacteriovorus	959	S	486	64	550	0.00004
Bdellovibrio sp. NC01	2220073	S	109	52	161	0.00001
Bdellovibrio sp. LBG001	2835041	S	104	34	138	0.00001
Hydrogenophilus thermoluteolus	297	S	501	111	612	0.00004
Mariprofundus ferrinatatus	1921087	S	167	19	186	0.00001
Mariprofundus aestuarium	1921086	S	131	17	148	0.00001
Streptomyces sp. SN-593	659352	S	16280	4517	20797	0.00140
Streptomyces sp. So13.3	2136173	S	12718	2795	15513	0.00105
Streptomyces sp. BH-MK-02	2880933	S	7431	1871	9302	0.00063
Streptomyces sp. ZYC-3	2797636	S	7381	1703	9084	0.00061
Streptomyces sp. CB01881	2078691	S	6876	1536	8412	0.00057
Streptomyces sp. RTd22	1841249	S	6061	2886	8947	0.00060
Streptomyces sp. SCSIO 64649	2878388	S	6048	1271	7319	0.00049
Streptomyces sp. GQFP	2907545	S	6027	1204	7231	0.00049
Streptomyces sp. Rer75	2750011	S	5990	3136	9126	0.00062
Streptomyces sp. CdTB01	1725411	S	5798	1926	7724	0.00052
Streptomyces sp. MBT27	1488356	S	4948	1686	6634	0.00045
Streptomyces sp. RPA4-2	2721244	S	4870	1640	6510	0.00044
Streptomyces sp. NHF165	2175864	S	4839	979	5818	0.00039
Streptomyces sp. GMY02	1333528	S	4772	987	5759	0.00039
Streptomyces sp. MA3_2.13	2867410	S	4761	715	5476	0.00037
Streptomyces sp. ST1015	1848900	S	4732	1155	5887	0.00040
Streptomyces sp. LRE541	2931983	S	4457	1184	5641	0.00038
Streptomyces sp. SCUT-3	2684469	S	4415	2024	6439	0.00043
Streptomyces sp. NA02950	2742137	S	4360	1009	5369	0.00036
Streptomyces sp. A2-16	2781734	S	4281	1534	5815	0.00039
Streptomyces sp. S1D4-11	2721246	S	4063	3232	7295	0.00049
Streptomyces sp. P3	2135430	S	4063	1187	5250	0.00035
Streptomyces sp. 3025	2923272	S	4037	835	4872	0.00033
Streptomyces sp. 3214.6	1882757	S	3876	1316	5192	0.00035
Streptomyces sp. 891-h	2720714	S	3729	795	4524	0.00031
Streptomyces sp. YIM 121038	2136401	S	3643	1230	4873	0.00033
Streptomyces sp. NA04227	2742136	S	3540	952	4492	0.00030
Streptomyces sp. SAT1	1849967	S	3530	1519	5049	0.00034
Streptomyces sp. Z423-1	2730915	S	3459	1164	4623	0.00031
Streptomyces sp. MST-110588	2833628	S	3438	976	4414	0.00030
Streptomyces sp. GS7	2692234	S	3300	1026	4326	0.00029
Streptomyces sp. W1SF4	2305220	S	3294	1345	4639	0.00031
Streptomyces sp. NEAU-sy36	2751189	S	3292	1414	4706	0.00032
Streptomyces sp. WAC 01438	2203204	S	3221	1261	4482	0.00030
Streptomyces sp. C8S0	2585716	S	3128	1037	4165	0.00028
Streptomyces sp. DSM 40868	2721173	S	3121	1310	4431	0.00030
Streptomyces sp. SirexAA-E	862751	S	3111	1068	4179	0.00028
Streptomyces sp. AMCC400023	2056258	S	3073	1420	4493	0.00030
Streptomyces sp. QHH-9511	2684468	S	3058	972	4030	0.00027
Streptomyces sp. HM190	2695266	S	3053	1124	4177	0.00028
Streptomyces sp. S4.7	2705439	S	3036	1138	4174	0.00028
Streptomyces sp. SM18	1736046	S	3019	964	3983	0.00027
Streptomyces sp. BHT-5-2	2866715	S	2974	1065	4039	0.00027
Streptomyces sp. JB150	2714844	S	2935	1130	4065	0.00027
Streptomyces sp. Go 40/10	2825844	S	2868	1446	4314	0.00029
Streptomyces sp. CMB-StM0423	2059884	S	2790	1501	4291	0.00029
Streptomyces sp. MG28	2865673	S	2782	1135	3917	0.00026
Streptomyces sp. 135	2838850	S	2699	1001	3700	0.00025
Streptomyces sp. Go-475	2072505	S	2659	1395	4054	0.00027
Streptomyces sp. BJ20	2930049	S	2620	1226	3846	0.00026
Streptomyces sp. MG62	2838015	S	2522	1080	3602	0.00024
Streptomyces sp. Tu 2975	2676871	S	2480	897	3377	0.00023
Streptomyces sp. fd1-xmd	1812480	S	2470	1222	3692	0.00025
Streptomyces sp. HSG2	2797167	S	2439	622	3061	0.00021
Streptomyces sp. INR7	2607753	S	2415	1379	3794	0.00026
Streptomyces sp. WAC 01529	2203205	S	2351	944	3295	0.00022
Streptomyces sp. SYP-A7193	2662065	S	2159	1437	3596	0.00024
Streptomyces sp. TN58	234612	S	2149	1111	3260	0.00022
Streptomyces sp. HP-A2021	2927875	S	2078	1291	3369	0.00023
Streptomyces sp. jing01	2726118	S	1993	1244	3237	0.00022
Streptomyces sp. SUK 48	2582831	S	1930	1328	3258	0.00022
Streptomyces sp. WY228	2855836	S	1789	1047	2836	0.00019
Streptomyces sp. CB09001	2083284	S	1737	1259	2996	0.00020
Streptomyces sp. WAC 06738	2203210	S	1725	1906	3631	0.00025
Streptomyces sp. Mg1	465541	S	1676	1755	3431	0.00023
Streptomyces sp. YPW6	2840373	S	1627	924	2551	0.00017
Streptomyces sp. CNQ-509	444103	S	1626	1761	3387	0.00023
Streptomyces sp. ADI95-16	1522758	S	1605	1578	3183	0.00021
Streptomyces sp. 769	1262452	S	1555	1262	2817	0.00019
Streptomyces sp. HF10	2692233	S	1528	1179	2707	0.00018
Streptomyces sp. RLB1-33	2721243	S	1435	4524	5959	0.00040
Streptomyces sp. AgN23	1188315	S	1399	1322	2721	0.00018
Streptomyces sp. CCM_MD2014	1561022	S	1399	1388	2787	0.00019
Streptomyces sp. 2323.1	1938841	S	1383	909	2292	0.00015
Streptomyces sp. RPA4-5	2721245	S	1312	909	2221	0.00015
Streptomyces sp. S063	2005885	S	1127	846	1973	0.00013
Streptomyces sp. S8	1837283	S	1109	1040	2149	0.00015
Streptomyces sp. 3211	1964449	S	1044	1520	2564	0.00017
Streptomyces sp. NEAU-S7GS2	2202000	S	1039	924	1963	0.00013
Streptomyces sp. XC 2026	2782004	S	943	871	1814	0.00012
Streptomyces sp. ID38640	1265399	S	936	720	1656	0.00011
Streptomyces sp. 11-1-2	1851167	S	913	1812	2725	0.00018
Streptomyces sp. MOE7	1961713	S	907	1159	2066	0.00014
Streptomyces sp. EAS-AB2608	2779671	S	895	1629	2524	0.00017
Streptomyces sp. Sge12	1972846	S	894	1602	2496	0.00017
Streptomyces sp. WA6-1-16	2879427	S	892	978	1870	0.00013
Streptomyces sp. PBH53	1577075	S	851	1449	2300	0.00016
Streptomyces sp. Tue 6075	1661694	S	783	966	1749	0.00012
Streptomyces sp. HNA39	2850561	S	758	940	1698	0.00011
Streptomyces sp. CB00271	2750025	S	677	981	1658	0.00011
Streptomyces sp. CFMR 7	1649184	S	668	1238	1906	0.00013
Streptomyces sp. CLI2509	1984801	S	600	2488	3088	0.00021
Streptomyces sp. WAC00303	2933779	S	586	899	1485	0.00010
Streptomyces sp. M56	1495638	S	563	1589	2152	0.00015
Streptomyces sp. S1A1-7	2594459	S	525	6058	6583	0.00044
Streptomyces sp. PAMC 26508	1265601	S	508	2195	2703	0.00018
Streptomyces sp. Tu6071	355249	S	481	1780	2261	0.00015
Streptomyces sp. M2	646637	S	469	3048	3517	0.00024
Streptomyces sp. NA02536	2742133	S	458	1290	1748	0.00012
Streptomyces sp. CB04723	2748873	S	454	862	1316	0.00009
Streptomyces sp. CRSS-Y-16	2906474	S	412	2833	3245	0.00022
Streptomyces sp. endophyte_N2	2153485	S	404	1253	1657	0.00011
Streptomyces sp. S501	2420135	S	397	1854	2251	0.00015
Streptomyces sp. HU2014	2939414	S	372	1361	1733	0.00012
Streptomyces sp. CB09030	2913412	S	343	1227	1570	0.00011
Streptomyces sp. SS52	2563602	S	327	1853	2180	0.00015
Streptomyces sp. VN1	1821625	S	319	1444	1763	0.00012
Streptomyces sp. SGAir0924	2109593	S	319	1873	2192	0.00015
Streptomyces sp. V17-9	2831149	S	313	1747	2060	0.00014
Streptomyces sp. A144	2871487	S	297	1604	1901	0.00013
Streptomyces sp. WAC00288	2094021	S	283	1256	1539	0.00010
Streptomyces sp. NA03103	2742134	S	280	2143	2423	0.00016
Streptomyces sp. WA1-19	2884220	S	278	1589	1867	0.00013
Streptomyces sp. BSE6.1	2605730	S	265	1420	1685	0.00011
Streptomyces sp. A1-5	2738410	S	247	1235	1482	0.00010
Streptomyces sp. RLB3-17	2594455	S	230	4427	4657	0.00031
Streptomyces sp. R527F	1664033	S	205	1248	1453	0.00010
Streptomyces sp. LBUM 1480	2609808	S	200	2178	2378	0.00016
Streptomyces sp. GF20	2692235	S	199	1209	1408	0.00010
Streptomyces sp. 2114.2	1881022	S	194	1289	1483	0.00010
Streptomyces sp. CA-256286	2801033	S	185	1229	1414	0.00010
Streptomyces sp. KPB2	2305221	S	174	1685	1859	0.00013
Streptomyces sp. RLB3-6	2594457	S	171	6624	6795	0.00046
Streptomyces sp. FR-008	206662	S	156	1380	1536	0.00010
Streptomyces sp. NBU3104	2911367	S	144	1024	1168	0.00008
Streptomyces sp. CC0208	2306165	S	126	3642	3768	0.00025
Streptomyces sp. OUCMDZ-3434	1535304	S	118	1435	1553	0.00010
Streptomyces sp. 604F	1476754	S	114	1196	1310	0.00009
Streptomyces sp. PVA_94-07	1225337	S	106	1819	1925	0.00013
Streptomyces sp. S1D4-23	2594463	S	101	6671	6772	0.00046
Streptomyces venezuelae	54571	S	19352	7797	27149	0.00183
Streptomyces hygroscopicus	1912	S	6182	9578	15760	0.00106
Streptomyces rapamycinicus	1226757	S	3695	902	4597	0.00031
Streptomyces violaceusniger	68280	S	1749	1193	2942	0.00020
Streptomyces yatensis	155177	S	1658	1248	2906	0.00020
Streptomyces malaysiensis	92644	S	421	1308	1729	0.00012
Streptomyces cadmiisoli	2184053	S	3966	1054	5020	0.00034
Streptomyces aurantiacus	47760	S	3843	981	4824	0.00033
Streptomyces qaidamensis	1783515	S	2278	1002	3280	0.00022
Streptomyces alboniger	132473	S	2153	843	2996	0.00020
Streptomyces koyangensis	188770	S	1469	1544	3013	0.00020
Streptomyces niveus	193462	S	10317	5216	15533	0.00105
Streptomyces griseus	1911	S	3140	2854	5994	0.00040
Streptomyces sp. M54	2759525	S	353	938	1291	0.00009
Streptomyces anulatus	1892	S	2613	2806	5419	0.00037
Streptomyces microflavus	1919	S	1216	5568	6784	0.00046
Streptomyces globisporus	1908	S	958	7219	8177	0.00055
Streptomyces albus	1888	S	7231	3803	11034	0.00074
Streptomyces lydicus	47763	S	6868	4835	11703	0.00079
Streptomyces chartreusis	1969	S	6793	3090	9883	0.00067
Streptomyces formicae	1616117	S	6420	2150	8570	0.00058
Streptomyces bingchenggensis	379067	S	5930	1202	7132	0.00048
Streptomyces griseorubiginosus	67304	S	5790	2009	7799	0.00053
Streptomyces tsukubensis	83656	S	5713	1648	7361	0.00050
Streptomyces buecherae	2763006	S	5682	1533	7215	0.00049
Streptomyces durmitorensis	319947	S	5508	1262	6770	0.00046
Streptomyces cattleya	29303	S	5502	1698	7200	0.00049
Streptomyces spectabilis	68270	S	5091	1749	6840	0.00046
Streptomyces liangshanensis	2717324	S	5048	1357	6405	0.00043
Streptomyces seoulensis	73044	S	4987	2019	7006	0.00047
Streptomyces armeniacus	83291	S	4930	750	5680	0.00038
Streptomyces bathyalis	2710756	S	4723	836	5559	0.00038
Streptomyces aquilus	2548456	S	4327	1352	5679	0.00038
Streptomyces xanthii	2768069	S	4320	1384	5704	0.00039
Streptomyces roseirectus	2768066	S	4249	1097	5346	0.00036
Streptomyces rimosus	1927	S	4119	13500	17619	0.00119
Streptomyces asoensis	249586	S	4113	1292	5405	0.00036
Streptomyces griseoviridis	45398	S	4102	1406	5508	0.00037
Streptomyces atratus	1893	S	4095	880	4975	0.00034
Streptomyces lincolnensis	1915	S	4068	1242	5310	0.00036
Streptomyces dengpaensis	2049881	S	4046	1191	5237	0.00035
Streptomyces lunaelactis	1535768	S	4028	890	4918	0.00033
Streptomyces paludis	2282738	S	3928	911	4839	0.00033
Streptomyces albulus	68570	S	3908	1249	5157	0.00035
Streptomyces hundungensis	1077946	S	3880	1289	5169	0.00035
Streptomyces vietnamensis	362257	S	3836	1351	5187	0.00035
Streptomyces avermitilis	33903	S	3833	1164	4997	0.00034
Streptomyces genisteinicus	2768068	S	3808	1270	5078	0.00034
Streptomyces griseochromogenes	68214	S	3787	1109	4896	0.00033
Streptomyces cyaneochromogenes	2496836	S	3787	1170	4957	0.00033
Streptomyces fagopyri	2662397	S	3730	1341	5071	0.00034
Streptomyces davaonensis	348043	S	3681	1090	4771	0.00032
Streptomyces olivoreticuli	68246	S	3660	1097	4757	0.00032
Streptomyces xinghaiensis	1038928	S	3523	1135	4658	0.00031
Streptomyces capitiformicae	2014920	S	3521	577	4098	0.00028
Streptomyces aureoverticillatus	66871	S	3506	1000	4506	0.00030
Streptomyces alboflavus	67267	S	3494	1025	4519	0.00031
Streptomyces broussonetiae	2686304	S	3494	1112	4606	0.00031
Streptomyces clavuligerus	1901	S	3461	893	4354	0.00029
Streptomyces ferrugineus	1413221	S	3415	1152	4567	0.00031
Streptomyces antibioticus	1890	S	3410	1284	4694	0.00032
Streptomyces rectiverticillatus	173860	S	3408	1160	4568	0.00031
Streptomyces luteoverticillatus	66425	S	3399	1196	4595	0.00031
Streptomyces griseocarneus	51201	S	3372	1252	4624	0.00031
Streptomyces actuosus	1885	S	3364	1504	4868	0.00033
Streptomyces globosus	68209	S	3313	1284	4597	0.00031
Streptomyces nodosus	40318	S	3223	874	4097	0.00028
Streptomyces phaeolivaceus	2653200	S	3201	930	4131	0.00028
Streptomyces ficellus	1977088	S	3179	1205	4384	0.00030
Streptomyces subrutilus	36818	S	3142	1231	4373	0.00030
Streptomyces collinus	42684	S	3071	2387	5458	0.00037
Streptomyces katrae	68223	S	3067	1213	4280	0.00029
Streptomyces lavendulae	1914	S	3050	1117	4167	0.00028
Streptomyces exfoliatus	1905	S	3046	1100	4146	0.00028
Streptomyces roseochromogenus	285450	S	3041	1005	4046	0.00027
Streptomyces pratensis	1169025	S	3035	781	3816	0.00026
Streptomyces nigra	1827580	S	3011	1246	4257	0.00029
Streptomyces harbinensis	1176198	S	3006	865	3871	0.00026
Streptomyces vinaceus	1960	S	2990	1129	4119	0.00028
Streptomyces fodineus	1904616	S	2958	1099	4057	0.00027
Streptomyces gilvosporeus	553510	S	2929	989	3918	0.00026
Streptomyces incarnatus	665007	S	2879	872	3751	0.00025
Streptomyces galilaeus	33899	S	2865	1020	3885	0.00026
Streptomyces parvulus	146923	S	2806	1306	4112	0.00028
Streptomyces peucetius	1950	S	2804	811	3615	0.00024
Streptomyces kanamyceticus	1967	S	2772	982	3754	0.00025
Streptomyces inhibens	2293571	S	2771	879	3650	0.00025
Streptomyces glaucescens	1907	S	2728	1241	3969	0.00027
Streptomyces prasinus	67345	S	2700	926	3626	0.00024
Streptomyces ambofaciens	1889	S	2682	1647	4329	0.00029
Streptomyces pristinaespiralis	38300	S	2640	1259	3899	0.00026
Streptomyces nitrosporeus	28894	S	2628	785	3413	0.00023
Streptomyces finlayi	67296	S	2623	633	3256	0.00022
Streptomyces dangxiongensis	1442032	S	2557	932	3489	0.00024
Streptomyces calvus	67282	S	2551	1037	3588	0.00024
Streptomyces chromofuscus	42881	S	2533	1027	3560	0.00024
Streptomyces gardneri	66892	S	2530	1069	3599	0.00024
Streptomyces nojiriensis	66374	S	2525	1131	3656	0.00025
Streptomyces tendae	1932	S	2506	1090	3596	0.00024
Streptomyces angustmyceticus	285578	S	2502	1064	3566	0.00024
Streptomyces mobaraensis	35621	S	2460	99174	101634	0.00686
Streptomyces deccanensis	424188	S	2458	1066	3524	0.00024
Streptomyces tirandamycinicus	2174846	S	2412	843	3255	0.00022
Streptomyces pluripotens	1355015	S	2386	582	2968	0.00020
Streptomyces viridosporus	67581	S	2367	1000	3367	0.00023
Streptomyces qinzhouensis	2599401	S	2355	596	2951	0.00020
Streptomyces spongiicola	1690221	S	2277	1006	3283	0.00022
Streptomyces cyanogenus	80860	S	2241	1039	3280	0.00022
Streptomyces rutgersensis	53451	S	2230	1148	3378	0.00023
Streptomyces pactum	68249	S	2181	925	3106	0.00021
Streptomyces huasconensis	1854574	S	2162	887	3049	0.00021
Streptomyces gobiensis	2875706	S	2077	417	2494	0.00017
Streptomyces coeruleorubidus	116188	S	1991	993	2984	0.00020
Streptomyces hawaiiensis	67305	S	1933	882	2815	0.00019
Streptomyces tuirus	68278	S	1901	1007	2908	0.00020
Streptomyces leeuwenhoekii	1437453	S	1433	1036	2469	0.00017
Streptomyces cyaneogriseus	68192	S	1372	1104	2476	0.00017
Streptomyces decoyicus	249567	S	1356	782	2138	0.00014
Streptomyces antimycoticus	68175	S	1261	1336	2597	0.00018
Streptomyces auratus	114687	S	1254	862	2116	0.00014
Streptomyces lydicamycinicus	1546107	S	1142	708	1850	0.00012
Streptomyces platensis	58346	S	930	718	1648	0.00011
Streptomyces xiamenensis	408015	S	912	805	1717	0.00012
Streptomyces albidoflavus	1886	S	332	5219	5551	0.00037
Streptomyces coelicolor	1902	S	278	2467	2745	0.00019
Streptomyces sampsonii	42239	S	133	1118	1251	0.00008
Streptomyces filamentosus	67294	S	635	828	1463	0.00010
Streptomyces californicus	67351	S	607	2060	2667	0.00018
Streptomyces alfalfae	1642299	S	599	3536	4135	0.00028
Streptomyces cavourensis	67258	S	581	1109	1690	0.00011
Streptomyces olivaceus	47716	S	569	2175	2744	0.00019
Streptomyces mirabilis	68239	S	501	3124	3625	0.00024
Streptomyces autolyticus	75293	S	434	1518	1952	0.00013
Streptomyces fungicidicus	68203	S	426	1293	1719	0.00012
Streptomyces fradiae	1906	S	398	6349	6747	0.00046
Streptomyces murinus	33900	S	388	1152	1540	0.00010
Streptomyces griseofuscus	146922	S	372	1741	2113	0.00014
Streptomyces noursei	1971	S	318	1300	1618	0.00011
Streptomyces albireticuli	1940	S	298	1313	1611	0.00011
Streptomyces lividans	1916	S	203	2383	2586	0.00017
Streptomyces cinereoruber	67260	S	193	1052	1245	0.00008
Streptomyces scabiei	1930	S	185	1701	1886	0.00013
Streptomyces violaceoruber	1935	S	179	822	1001	0.00007
Streptomyces rubrolavendulae	285473	S	130	987	1117	0.00008
Streptomyces rochei	1928	S	122	957	1079	0.00007
Kitasatospora sp. MMS16-BH015	2018025	S	5334	1919	7253	0.00049
Kitasatospora sp. NA04385	2742135	S	4170	2388	6558	0.00044
Kitasatospora setae	2066	S	4051	2239	6290	0.00042
Kitasatospora aureofaciens	1894	S	3713	1664	5377	0.00036
Kitasatospora albolonga	68173	S	1291	1095	2386	0.00016
Streptacidiphilus sp. P02-A3a	2704468	S	6000	2029	8029	0.00054
Streptacidiphilus sp. PB12-B1b	2705012	S	4994	2164	7158	0.00048
Streptacidiphilus bronchialis	2126346	S	3682	1300	4982	0.00034
Yinghuangia sp. ASG 101	2896848	S	5806	1056	6862	0.00046
Mycobacterium sp. JS623	212767	S	26834	2197	29031	0.00196
Mycobacterium sp. DL440	2675523	S	5943	1253	7196	0.00049
Mycobacterium sp. IDR2000157661	2867005	S	5680	1005	6685	0.00045
Mycobacterium sp. EPa45	1545728	S	4500	739	5239	0.00035
Mycobacterium sp. TY59	2775496	S	3822	650	4472	0.00030
Mycobacterium sp. DL592	2675524	S	3743	594	4337	0.00029
Mycobacterium sp. YC-RL4	1682113	S	3560	1188	4748	0.00032
Mycobacterium sp. MS1601	1936029	S	3341	459	3800	0.00026
Mycobacterium sp. WY10	1920667	S	468	1410	1878	0.00013
Mycobacterium sp. 20KCMC460	2903536	S	209	4837	5046	0.00034
Mycobacterium sp. PYR15	2051552	S	172	1509	1681	0.00011
Mycobacterium parmense	185642	S	5305	1007	6312	0.00043
Mycobacterium florentinum	292462	S	5025	1191	6216	0.00042
Mycobacterium saskatchewanense	220927	S	4600	945	5545	0.00037
Mycobacterium kubicae	120959	S	4504	740	5244	0.00035
Mycobacterium shigaense	722731	S	4390	649	5039	0.00034
Mycobacterium heidelbergense	53376	S	4385	1057	5442	0.00037
Mycobacterium lentiflavum	141349	S	4373	1091	5464	0.00037
Mycobacterium stomatepiae	470076	S	4094	875	4969	0.00034
Mycobacterium simiae	1784	S	3732	331	4063	0.00027
Mycobacterium avium	1764	S	6571	5479	12050	0.00081
Mycobacterium mantenii	560555	S	3999	489	4488	0.00030
Mycobacterium intracellulare	1767	S	3579	25249	28828	0.00195
Mycobacterium colombiense	339268	S	3446	585	4031	0.00027
Mycobacterium marseillense	701042	S	2991	682	3673	0.00025
Mycobacterium paraintracellulare	1138383	S	979	6493	7472	0.00050
Mycobacterium cookii	1775	S	11508	1136	12644	0.00085
Mycobacterium conspicuum	44010	S	8174	991	9165	0.00062
Mycobacterium paraterrae	577492	S	8128	878	9006	0.00061
Mycobacterium holsaticum	152142	S	5996	917	6913	0.00047
Mycobacterium grossiae	1552759	S	5607	1611	7218	0.00049
Mycobacterium branderi	43348	S	5583	663	6246	0.00042
Mycobacterium dioxanotrophicus	482462	S	5271	1207	6478	0.00044
Mycobacterium rufum	318424	S	5072	1435	6507	0.00044
Mycobacterium paragordonae	1389713	S	4679	552	5231	0.00035
Mycobacterium canettii	78331	S	1634	1149	2783	0.00019
Mycobacterium tuberculosis	1773	S	670	24311	24981	0.00169
Mycobacterium frederiksbergense	117567	S	4404	1282	5686	0.00038
Mycobacterium malmoense	1780	S	4289	672	4961	0.00033
Mycobacterium diernhoferi	1801	S	3914	748	4662	0.00031
Mycobacterium riyadhense	486698	S	3894	163	4057	0.00027
Mycobacterium goodii	134601	S	3773	1284	5057	0.00034
Mycobacterium noviomagense	459858	S	3646	289	3935	0.00027
Mycobacterium lacus	169765	S	3627	266	3893	0.00026
Mycobacterium gordonae	1778	S	3393	276	3669	0.00025
Mycobacterium heckeshornense	110505	S	3197	252	3449	0.00023
Mycobacterium vicinigordonae	1719132	S	2988	158	3146	0.00021
Mycobacterium shinjukuense	398694	S	2856	277	3133	0.00021
Mycobacterium kansasii	1768	S	2854	6754	9608	0.00065
Mycobacterium xenopi	1789	S	2802	323	3125	0.00021
Mycobacterium paraseoulense	590652	S	2798	568	3366	0.00023
Mycobacterium seoulense	386911	S	2790	658	3448	0.00023
Mycobacterium ostraviense	2738409	S	2616	263	2879	0.00019
Mycobacterium koreense	1069220	S	2278	622	2900	0.00020
Mycobacterium spongiae	886343	S	2247	63	2310	0.00016
Mycobacterium basiliense	2094119	S	2218	80	2298	0.00016
Mycobacterium haemophilum	29311	S	2072	103	2175	0.00015
Mycobacterium virginiense	1795032	S	2065	526	2591	0.00017
Mycobacterium crocinum	388459	S	1779	993	2772	0.00019
Mycobacterium marinum	1781	S	698	2925	3623	0.00024
Mycobacterium senegalense	1796	S	481	2468	2949	0.00020
Mycobacterium leprae	1769	S	381	10	391	0.00003
Mycobacterium lepromatosis	480418	S	348	9	357	0.00002
Mycobacterium novum	2492438	S	246	3161	3407	0.00023
Mycobacterium ulcerans	1809	S	213	1223	1436	0.00010
Mycobacterium pallens	370524	S	161	1560	1721	0.00012
Mycobacterium shottsii	133549	S	108	199	307	0.00002
Mycolicibacterium rhodesiae	36814	S	14455	2357	16812	0.00113
Mycolicibacterium gadium	1794	S	11993	1626	13619	0.00092
Mycolicibacterium moriokaense	39691	S	11829	1439	13268	0.00090
Mycolicibacterium sp. YH-1	2908837	S	8584	2942	11526	0.00078
Mycolicibacterium litorale	758802	S	9888	2701	12589	0.00085
Mycolicibacterium madagascariense	212765	S	8325	1247	9572	0.00065
Mycolicibacterium rutilum	370526	S	7732	2261	9993	0.00067
Mycolicibacterium arabiense	1286181	S	6888	1050	7938	0.00054
Mycolicibacterium celeriflavum	1249101	S	6875	1308	8183	0.00055
Mycolicibacterium smegmatis	1772	S	6690	2938	9628	0.00065
Mycolicibacterium sediminis	1286180	S	6614	1188	7802	0.00053
Mycolicibacterium pulveris	36813	S	6333	1056	7389	0.00050
Mycolicibacterium chubuense	1800	S	6236	1376	7612	0.00051
Mycolicibacterium mageritense	53462	S	5950	989	6939	0.00047
Mycolicibacterium phlei	1771	S	5852	1973	7825	0.00053
Mycolicibacterium vaccae	1810	S	5851	1151	7002	0.00047
Mycolicibacterium aurum	1791	S	5844	762	6606	0.00045
Mycolicibacterium neoaurum	1795	S	5629	1048	6677	0.00045
Mycolicibacterium psychrotolerans	216929	S	5499	1221	6720	0.00045
Mycolicibacterium fluoranthenivorans	258505	S	5359	685	6044	0.00041
Mycolicibacterium parafortuitum	39692	S	5262	1043	6305	0.00043
Mycolicibacterium hassiacum	46351	S	5173	1420	6593	0.00045
Mycolicibacterium fortuitum	1766	S	5133	1763	6896	0.00047
Mycolicibacterium monacense	85693	S	4811	2230	7041	0.00048
Mycolicibacterium poriferae	39694	S	4705	988	5693	0.00038
Mycolicibacterium baixiangningiae	2761578	S	4663	760	5423	0.00037
Mycolicibacterium duvalii	39688	S	4531	879	5410	0.00037
Mycolicibacterium helvum	1534349	S	4525	541	5066	0.00034
Mycolicibacterium gilvum	1804	S	4502	1634	6136	0.00041
Mycolicibacterium chitae	1792	S	4233	1003	5236	0.00035
Mycolicibacterium boenickei	146017	S	4129	6069	10198	0.00069
Mycolicibacterium phocaicum	319706	S	4123	2244	6367	0.00043
Mycolicibacterium confluentis	28047	S	4088	614	4702	0.00032
Mycolicibacterium aichiense	1799	S	4081	688	4769	0.00032
Mycolicibacterium thermoresistibile	1797	S	4081	895	4976	0.00034
Mycolicibacterium tokaiense	39695	S	3878	600	4478	0.00030
Mycolicibacterium mengxianglii	2736649	S	3844	409	4253	0.00029
Mycolicibacterium anyangense	1431246	S	3732	597	4329	0.00029
Mycolicibacterium alvei	67081	S	3315	896	4211	0.00028
Mycolicibacterium austroafricanum	39687	S	3221	14053	17274	0.00117
Mycobacterium doricum	126673	S	3063	717	3780	0.00026
Mycolicibacterium sarraceniae	1534348	S	3016	390	3406	0.00023
Mycolicibacterium fallax	1793	S	2984	1154	4138	0.00028
Mycolicibacterium insubricum	444597	S	2935	801	3736	0.00025
Mycolicibacterium mucogenicum	56689	S	2485	1069	3554	0.00024
Mycolicibacterium septicum	98668	S	2163	1578	3741	0.00025
Mycolicibacterium farcinogenes	1802	S	1259	3992	5251	0.00035
Mycolicibacterium vanbaalenii	110539	S	679	11839	12518	0.00084
Mycolicibacterium nivoides	2487344	S	467	2460	2927	0.00020
Mycolicibacter sp. MYC340	2855503	S	1812	441	2253	0.00015
Mycolicibacter sp. MYC098	2872309	S	1691	414	2105	0.00014
Mycolicibacter sp. MYC017	2875777	S	1038	771	1809	0.00012
Mycolicibacter sp. MYC101	2872311	S	347	1292	1639	0.00011
Mycolicibacter sp. MYC123	2855502	S	301	1153	1454	0.00010
Mycolicibacter terrae	1788	S	2009	626	2635	0.00018
Mycolicibacter hiberniae	29314	S	1817	387	2204	0.00015
Mycolicibacter minnesotensis	1118379	S	1374	240	1614	0.00011
Mycolicibacter sinensis	875328	S	264	2770	3034	0.00020
Mycobacteroides abscessus	36809	S	2894	2922	5816	0.00039
Mycobacteroides chelonae	1774	S	1853	1090	2943	0.00020
Mycobacteroides saopaulense	1578165	S	1177	155	1332	0.00009
Mycobacteroides immunogenum	83262	S	1165	235	1400	0.00009
Mycobacteroides salmoniphilum	404941	S	1073	111	1184	0.00008
[Mycobacterium] stephanolepidis	1520670	S	613	172	785	0.00005
Mycolicibacillus parakoreensis	1069221	S	2182	614	2796	0.00019
Hoyosella subflava	639313	S	1090	65	1155	0.00008
Rhodococcus sp. MTM3W5.2	1805827	S	5488	1352	6840	0.00046
Rhodococcus sp. X156	2499145	S	3385	1237	4622	0.00031
Rhodococcus sp. R79	2811421	S	3228	1891	5119	0.00035
Rhodococcus sp. W8901	2742603	S	2870	782	3652	0.00025
Rhodococcus sp. SGAir0479	2567884	S	2862	861	3723	0.00025
Rhodococcus sp. USK10	2789739	S	2462	1511	3973	0.00027
Rhodococcus sp. PBTS 1	1653478	S	2349	628	2977	0.00020
Rhodococcus sp. ABRD24	2507582	S	1714	315	2029	0.00014
Rhodococcus sp. B7740	1564114	S	1346	191	1537	0.00010
Rhodococcus sp. P1Y	1302308	S	1337	128	1465	0.00010
Rhodococcus sp. WMMA185	679318	S	1246	168	1414	0.00010
Rhodococcus sp. WAY2	2663121	S	989	795	1784	0.00012
Rhodococcus sp. USK13	2806442	S	913	597	1510	0.00010
Rhodococcus sp. WB9	2594007	S	700	836	1536	0.00010
Rhodococcus sp. RDE2	2885078	S	617	546	1163	0.00008
Rhodococcus sp. ZPP	2749906	S	552	1406	1958	0.00013
Rhodococcus sp. S2-17	1990687	S	463	1225	1688	0.00011
Rhodococcus sp. DMU1	2722825	S	385	1285	1670	0.00011
Rhodococcus sp. M8	1925550	S	353	978	1331	0.00009
Rhodococcus sp. P-2	2795031	S	291	312	603	0.00004
Rhodococcus sp. 21391	2683591	S	233	940	1173	0.00008
Rhodococcus sp. 2G	1570939	S	140	506	646	0.00004
Rhodococcus sp. AQ5-07	2054902	S	127	400	527	0.00004
Rhodococcus sp. WB1	1033922	S	118	899	1017	0.00007
Rhodococcus sp. YL-1	1045808	S	106	422	528	0.00004
Rhodococcus opacus	37919	S	14430	13391	27821	0.00188
Rhodococcus equi	43767	S	4320	1651	5971	0.00040
Rhodococcus fascians	1828	S	3664	815	4479	0.00030
Rhodococcus koreensis	99653	S	3239	896	4135	0.00028
Rhodococcus globerulus	33008	S	2690	323	3013	0.00020
Rhodococcus rhodochrous	1829	S	2434	1308	3742	0.00025
Rhodococcus erythropolis	1833	S	1153	4673	5826	0.00039
Rhodococcus qingshengii	334542	S	823	4065	4888	0.00033
Rhodococcus coprophilus	38310	S	2029	369	2398	0.00016
Rhodococcus jostii	132919	S	1971	747	2718	0.00018
Rhodococcus triatomae	300028	S	1941	563	2504	0.00017
Rhodococcus pyridinivorans	103816	S	1332	4593	5925	0.00040
Rhodococcus ruber	1830	S	1198	3456	4654	0.00031
Rhodococcus aetherivorans	191292	S	336	2752	3088	0.00021
Nocardia asteroides	1824	S	13716	4880	18596	0.00126
Nocardia brasiliensis	37326	S	8261	2360	10621	0.00072
Nocardia terpenica	455432	S	5802	1080	6882	0.00046
Nocardia cyriacigeorgica	135487	S	5388	2383	7771	0.00052
Nocardia farcinica	37329	S	4294	2714	7008	0.00047
Nocardia arthritidis	228602	S	3553	462	4015	0.00027
Nocardia wallacei	480035	S	3342	1002	4344	0.00029
Nocardia nova	37330	S	3100	449	3549	0.00024
Nocardia tengchongensis	2055889	S	3065	805	3870	0.00026
Nocardia sp. CS682	1047172	S	3046	768	3814	0.00026
Nocardia yamanashiensis	209247	S	3024	633	3657	0.00025
Nocardia huaxiensis	2755382	S	2851	587	3438	0.00023
Nocardia yunnanensis	2382165	S	2816	725	3541	0.00024
Nocardia gipuzkoensis	2749991	S	2812	1089	3901	0.00026
Nocardia seriolae	37332	S	2788	792	3580	0.00024
Nocardia iowensis	204891	S	2775	634	3409	0.00023
Nocardia otitidiscaviarum	1823	S	2729	562	3291	0.00022
Nocardia mangyaensis	2213200	S	2674	745	3419	0.00023
Corynebacterium cyclohexanicum	322009	S	2234	916	3150	0.00021
Corynebacterium xerosis	1725	S	1636	941	2577	0.00017
Corynebacterium frankenforstense	1230998	S	1522	464	1986	0.00013
Corynebacterium sphenisci	191493	S	1500	460	1960	0.00013
Corynebacterium bovis	36808	S	1341	313	1654	0.00011
Corynebacterium halotolerans	225326	S	1172	275	1447	0.00010
Corynebacterium freneyi	134034	S	1111	447	1558	0.00011
Corynebacterium nuruki	1032851	S	1044	250	1294	0.00009
Corynebacterium sp. CNCTC7651	2815361	S	474	95	569	0.00004
Corynebacterium sp. NML98-0116	702967	S	354	132	486	0.00003
Corynebacterium vitaeruminis	38305	S	955	293	1248	0.00008
Corynebacterium maris	575200	S	907	149	1056	0.00007
Corynebacterium humireducens	1223514	S	872	260	1132	0.00008
Corynebacterium variabile	1727	S	860	508	1368	0.00009
Corynebacterium doosanense	1121358	S	765	365	1130	0.00008
Corynebacterium marinum	349751	S	748	290	1038	0.00007
Corynebacterium timonense	441500	S	745	185	930	0.00006
Corynebacterium yudongzhengii	2080740	S	733	141	874	0.00006
Corynebacterium liangguodongii	2079535	S	661	154	815	0.00006
Corynebacterium comes	2675218	S	642	166	808	0.00005
Corynebacterium terpenotabidum	89154	S	613	182	795	0.00005
Corynebacterium mycetoides	38302	S	606	301	907	0.00006
Corynebacterium provencense	1737425	S	605	145	750	0.00005
Corynebacterium uterequi	1072256	S	598	106	704	0.00005
Corynebacterium glyciniphilum	1404244	S	594	76	670	0.00005
Corynebacterium jeikeium	38289	S	561	1537	2098	0.00014
Corynebacterium atypicum	191610	S	559	166	725	0.00005
Corynebacterium lujinxingii	2763010	S	543	190	733	0.00005
Corynebacterium sanguinis	2594913	S	540	373	913	0.00006
Corynebacterium imitans	156978	S	527	355	882	0.00006
Corynebacterium urealyticum	43771	S	510	534	1044	0.00007
Corynebacterium ureicelerivorans	401472	S	494	169	663	0.00004
Corynebacterium falsenii	108486	S	481	206	687	0.00005
Corynebacterium glaucum	187491	S	472	106	578	0.00004
Corynebacterium uberis	2883169	S	452	57	509	0.00003
Corynebacterium testudinoris	136857	S	446	96	542	0.00004
Corynebacterium efficiens	152794	S	433	83	516	0.00003
Corynebacterium qintianiae	2709392	S	414	122	536	0.00004
Corynebacterium coyleae	53374	S	393	106	499	0.00003
Corynebacterium tuberculostearicum	38304	S	391	251	642	0.00004
Corynebacterium genitalium	38288	S	380	86	466	0.00003
Corynebacterium glucuronolyticum	39791	S	378	93	471	0.00003
Corynebacterium kroppenstedtii	161879	S	371	38	409	0.00003
Corynebacterium aurimucosum	169292	S	363	185	548	0.00004
Corynebacterium striatum	43770	S	358	322	680	0.00005
Corynebacterium occultum	2675219	S	337	63	400	0.00003
Corynebacterium incognita	2754725	S	317	76	393	0.00003
Corynebacterium matruchotii	43768	S	306	23	329	0.00002
Corynebacterium lactis	1231000	S	295	49	344	0.00002
Corynebacterium aquilae	203263	S	294	47	341	0.00002
Corynebacterium riegelii	156976	S	279	75	354	0.00002
Corynebacterium zhongnanshanii	2768834	S	274	40	314	0.00002
Corynebacterium renale	1724	S	256	32	288	0.00002
Corynebacterium endometrii	2488819	S	254	53	307	0.00002
Corynebacterium simulans	146827	S	225	183	408	0.00003
Corynebacterium lizhenjunii	2709394	S	224	42	266	0.00002
Corynebacterium flavescens	28028	S	221	68	289	0.00002
Corynebacterium minutissimum	38301	S	209	228	437	0.00003
Corynebacterium camporealensis	161896	S	204	56	260	0.00002
Corynebacterium urogenitale	2487892	S	198	38	236	0.00002
Corynebacterium kalinowskii	2675216	S	196	108	304	0.00002
Corynebacterium singulare	161899	S	195	184	379	0.00003
Corynebacterium epidermidicanis	1050174	S	188	33	221	0.00001
Corynebacterium argentoratense	42817	S	180	41	221	0.00001
Corynebacterium gerontici	2079234	S	175	38	213	0.00001
Corynebacterium cystitidis	35757	S	170	11	181	0.00001
Corynebacterium propinquum	43769	S	162	76	238	0.00002
Corynebacterium phocae	161895	S	147	22	169	0.00001
Corynebacterium diphtheriae	1717	S	140	225	365	0.00002
Corynebacterium pelargi	1471400	S	133	48	181	0.00001
Corynebacterium macginleyi	38290	S	132	34	166	0.00001
Corynebacterium resistens	258224	S	129	75	204	0.00001
Corynebacterium pseudodiphtheriticum	37637	S	124	44	168	0.00001
Corynebacterium pseudopelargi	2080757	S	123	47	170	0.00001
Corynebacterium glutamicum	1718	S	119	1781	1900	0.00013
Corynebacterium ulcerans	65058	S	118	52	170	0.00001
Corynebacterium stationis	1705	S	118	32	150	0.00001
Corynebacterium choanae	1862358	S	116	13	129	0.00001
Corynebacterium kefirresidentii	1979527	S	113	80	193	0.00001
Corynebacterium casei	160386	S	113	137	250	0.00002
Corynebacterium deserti	1408191	S	112	43	155	0.00001
Corynebacterium ammoniagenes	1697	S	106	25	131	0.00001
Gordonia sp. PP30	2935861	S	2239	630	2869	0.00019
Gordonia sp. YC-JH1	2059875	S	1699	1096	2795	0.00019
Gordonia sp. KTR9	337191	S	1671	351	2022	0.00014
Gordonia sp. PDNC005	2811424	S	1449	220	1669	0.00011
Gordonia sp. WA4-43	2878678	S	283	1022	1305	0.00009
Gordonia sp. JH63	2698900	S	225	768	993	0.00007
Gordonia sp. 135	2676309	S	171	1221	1392	0.00009
Gordonia polyisoprenivorans	84595	S	3976	804	4780	0.00032
Gordonia terrae	2055	S	2651	1559	4210	0.00028
Gordonia insulae	2420509	S	2446	349	2795	0.00019
Gordonia amarae	36821	S	2094	413	2507	0.00017
Gordonia bronchialis	2054	S	2068	482	2550	0.00017
Gordonia phthalatica	1136941	S	1970	799	2769	0.00019
Gordonia iterans	1004901	S	1860	611	2471	0.00017
Gordonia jinghuaiqii	2758710	S	1837	364	2201	0.00015
Gordonia rubripertincta	36822	S	1682	999	2681	0.00018
Gordonia pseudoamarae	2831662	S	1635	307	1942	0.00013
Gordonia otitidis	249058	S	1480	246	1726	0.00012
Gordonia zhaorongruii	2597659	S	1099	204	1303	0.00009
Gordonia alkanivorans	84096	S	492	1925	2417	0.00016
Gordonia amicalis	89053	S	305	2349	2654	0.00018
Gordonia hongkongensis	1701090	S	229	771	1000	0.00007
Skermania piniformis	39122	S	2162	265	2427	0.00016
Tsukamurella paurometabola	2061	S	3845	1917	5762	0.00039
Tsukamurella tyrosinosolvens	57704	S	3068	1379	4447	0.00030
Tsukamurella sp. PLM1	2929795	S	2200	726	2926	0.00020
Tsukamurella pulmonis	47312	S	2198	793	2991	0.00020
Dietzia sp. oral taxon 368	712270	S	1236	2177	3413	0.00023
Dietzia lutea	546160	S	1368	772	2140	0.00014
Dietzia psychralcaliphila	139021	S	1361	385	1746	0.00012
Dietzia timorensis	499555	S	1172	592	1764	0.00012
Tomitella gaofuii	2760083	S	2107	663	2770	0.00019
Tomitella fengzijianii	2597660	S	1970	670	2640	0.00018
Segniliparus rotundus	286802	S	1046	63	1109	0.00007
Lawsonella clevelandensis	1528099	S	162	19	181	0.00001
Microbacterium sp. 4R-513	2567934	S	3969	778	4747	0.00032
Microbacterium sp. No. 7	1714373	S	3565	1631	5196	0.00035
Microbacterium sp. 10M-3C3	2483401	S	2678	1015	3693	0.00025
Microbacterium sp. JZ31	1906274	S	2463	726	3189	0.00022
Microbacterium sp. BH-3-3-3	1906742	S	2244	572	2816	0.00019
Microbacterium sp. ABRD_28	2268461	S	2146	310	2456	0.00017
Microbacterium sp. SSW1-51	2851650	S	2118	623	2741	0.00019
Microbacterium sp. YJN-G	2763257	S	2025	720	2745	0.00019
Microbacterium sp. cx-55	2875948	S	1919	300	2219	0.00015
Microbacterium sp. H1-D42	2925844	S	1824	332	2156	0.00015
Microbacterium sp. PM5	2014534	S	1792	354	2146	0.00014
Microbacterium sp. SSW1-36	2851648	S	1791	445	2236	0.00015
Microbacterium sp. LKL04	912630	S	1750	442	2192	0.00015
Microbacterium sp. XT11	367477	S	1738	403	2141	0.00014
Microbacterium sp. NIBRBAC000506063	2734618	S	1702	704	2406	0.00016
Microbacterium sp. A18JL241	2782166	S	1680	436	2116	0.00014
Microbacterium sp. Y-01	2048898	S	1639	759	2398	0.00016
Microbacterium sp. CBA3102	2603598	S	1523	453	1976	0.00013
Microbacterium sp. 1S1	2606451	S	1338	745	2083	0.00014
Microbacterium sp. TPU 3598	1938334	S	1302	423	1725	0.00012
Microbacterium sp. Nx66	2766784	S	1000	836	1836	0.00012
Microbacterium sp. RG1	2489212	S	716	571	1287	0.00009
Microbacterium sp. 1.5R	1916917	S	346	2415	2761	0.00019
Microbacterium sp. CGR1	1696072	S	300	2159	2459	0.00017
Microbacterium sp. SGAir0570	2070348	S	279	1023	1302	0.00009
Microbacterium sp. PAMC22086	2861281	S	279	639	918	0.00006
Microbacterium sp. str. 'China'	2103230	S	172	1012	1184	0.00008
Microbacterium foliorum	104336	S	4130	893	5023	0.00034
Microbacterium hominis	162426	S	3991	11470	15461	0.00104
Microbacterium cremeum	2782169	S	3620	791	4411	0.00030
Microbacterium atlanticum	2782168	S	3489	797	4286	0.00029
Microbacterium oleivorans	273677	S	3421	690	4111	0.00028
Microbacterium pygmaeum	370764	S	3047	395	3442	0.00023
Microbacterium lemovicicum	1072463	S	2935	693	3628	0.00024
Microbacterium testaceum	2033	S	2420	456	2876	0.00019
Microbacterium resistens	156977	S	2314	442	2756	0.00019
Microbacterium sediminis	904291	S	2163	1011	3174	0.00021
Microbacterium oryzae	743009	S	2003	617	2620	0.00018
Microbacterium caowuchunii	2614638	S	1991	394	2385	0.00016
Microbacterium lushaniae	2614639	S	1929	464	2393	0.00016
Microbacterium protaetiae	2509458	S	1926	438	2364	0.00016
Microbacterium luteum	2782167	S	1921	808	2729	0.00018
Microbacterium aurum	36805	S	1915	619	2534	0.00017
Microbacterium wangchenii	2541726	S	1902	448	2350	0.00016
Microbacterium chocolatum	84292	S	1869	435	2304	0.00016
Microbacterium oxydans	82380	S	1775	1408	3183	0.00021
Microbacterium esteraromaticum	57043	S	1647	381	2028	0.00014
Microbacterium hydrocarbonoxydans	273678	S	1493	279	1772	0.00012
Microbacterium schleiferi	69362	S	1367	483	1850	0.00012
Microbacterium fandaimingii	2708079	S	873	78	951	0.00006
Microbacterium binotii	462710	S	740	574	1314	0.00009
Microbacterium chengjingii	2769067	S	725	40	765	0.00005
Microbacterium endophyticum	1526412	S	612	45	657	0.00004
Microbacterium amylolyticum	936337	S	587	129	716	0.00005
Microbacterium paludicola	300019	S	232	886	1118	0.00008
Microbacterium paraoxydans	199592	S	232	1617	1849	0.00012
Agromyces sp. H17E-10	2932244	S	3732	1334	5066	0.00034
Agromyces sp. LHK192	2498704	S	3274	1035	4309	0.00029
Agromyces sp. CFWR-12	2929802	S	2449	1537	3986	0.00027
Agromyces aureus	453304	S	3867	1192	5059	0.00034
Agromyces flavus	589382	S	3215	1102	4317	0.00029
Agromyces soli	659012	S	3082	1218	4300	0.00029
Agromyces protaetiae	2509455	S	2751	856	3607	0.00024
Agromyces badenianii	2080742	S	2525	901	3426	0.00023
Agromyces marinus	1389020	S	2452	973	3425	0.00023
Agromyces intestinalis	2592652	S	2394	1422	3816	0.00026
Agromyces archimandritae	2781962	S	2391	750	3141	0.00021
Agromyces laixinhei	2585717	S	2310	577	2887	0.00019
Leifsonia sp. PS1209	2724914	S	4490	1349	5839	0.00039
Leifsonia sp. 21MFCrub1.1	1798223	S	3876	4749	8625	0.00058
Leifsonia sp. ZF2019	2781978	S	3589	1079	4668	0.00032
Leifsonia shinshuensis	150026	S	5663	1814	7477	0.00050
Leifsonia xyli	1575	S	2247	339	2586	0.00017
Curtobacterium sp. BH-2-1-1	1905847	S	2074	755	2829	0.00019
Curtobacterium sp. L6-1	2841594	S	2014	713	2727	0.00018
Curtobacterium sp. YC1	2795488	S	1519	753	2272	0.00015
Curtobacterium sp. MR_MD2014	1561023	S	1446	763	2209	0.00015
Curtobacterium sp. TC1	2862880	S	1374	810	2184	0.00015
Curtobacterium sp. 24E2	2804758	S	1368	858	2226	0.00015
Curtobacterium sp. SGAir0471	2070337	S	972	951	1923	0.00013
Curtobacterium sp. TXMA1	2876939	S	949	963	1912	0.00013
Curtobacterium sp. C1	2898151	S	424	1678	2102	0.00014
Curtobacterium sp. Csp2	2495430	S	300	1355	1655	0.00011
Curtobacterium flaccumfaciens	2035	S	3060	1494	4554	0.00031
Curtobacterium luteum	33881	S	2073	785	2858	0.00019
Rathayibacter sp. VKM Ac-2759	2609252	S	2514	953	3467	0.00023
Rathayibacter sp. VKM Ac-2760	2609253	S	2268	1239	3507	0.00024
Rathayibacter sp. VKM Ac-2804	2609257	S	1647	1259	2906	0.00020
Rathayibacter sp. VKM Ac-2801	2609255	S	1060	1034	2094	0.00014
Rathayibacter sp. VKM Ac-2762	2609254	S	397	1114	1511	0.00010
Rathayibacter sp. VKM Ac-2805	2609258	S	367	1062	1429	0.00010
Rathayibacter festucae	110937	S	2629	2977	5606	0.00038
Rathayibacter tanaceti	1671680	S	1533	425	1958	0.00013
Rathayibacter iranicus	59737	S	1056	153	1209	0.00008
Rathayibacter tritici	33888	S	1000	325	1325	0.00009
Rathayibacter rathayi	33887	S	897	259	1156	0.00008
Rathayibacter toxicus	145458	S	323	30	353	0.00002
Clavibacter michiganensis	28447	S	10349	9256	19605	0.00132
Clavibacter zhangzhiyongii	2768071	S	1359	762	2121	0.00014
Clavibacter sp. A6099	2860285	S	714	555	1269	0.00009
Leucobacter sp. H25R-14	2932245	S	1663	294	1957	0.00013
Leucobacter sp. NB 10	2873270	S	1548	453	2001	0.00014
Leucobacter sp. Psy1	2875729	S	1310	175	1485	0.00010
Leucobacter sp. CX169	2813744	S	1088	311	1399	0.00009
Leucobacter sp. H21R-36	2932246	S	539	1336	1875	0.00013
Leucobacter sp. H21R-40	2932247	S	425	1054	1479	0.00010
Leucobacter muris	1935379	S	1708	643	2351	0.00016
Leucobacter triazinivorans	1784719	S	1673	1079	2752	0.00019
Leucobacter luti	340320	S	627	63	690	0.00005
Leucobacter viscericola	2714935	S	531	54	585	0.00004
Leucobacter insecticola	2714934	S	495	45	540	0.00004
Leucobacter coleopterorum	2714933	S	316	33	349	0.00002
Leucobacter denitrificans	683042	S	293	46	339	0.00002
Agrococcus sp. SGAir0287	2070347	S	2473	814	3287	0.00022
Agrococcus sp. SCSIO52902	2933290	S	2287	1236	3523	0.00024
Agrococcus sp. Marseille-Q4369	2810513	S	2267	877	3144	0.00021
Agrococcus jejuensis	399736	S	2621	900	3521	0.00024
Agrococcus carbonis	684552	S	2311	1154	3465	0.00023
Protaetiibacter intestinalis	2419774	S	2667	1098	3765	0.00025
Protaetiibacter sp. SSC-01	2759943	S	2664	1124	3788	0.00026
Protaetiibacter larvae	2592654	S	2116	772	2888	0.00019
Salinibacterium sp. ZJ450	2708338	S	1972	345	2317	0.00016
Salinibacterium sp. ZJ70	2708084	S	1666	478	2144	0.00014
Salinibacterium sp. dk2585	2603292	S	1302	255	1557	0.00011
Salinibacterium sp. UTAS2018	2508880	S	523	64	587	0.00004
Salinibacterium sp. M195	2583374	S	411	59	470	0.00003
Salinibacterium hongtaonis	2079791	S	692	88	780	0.00005
Frondihabitans sp. PAMC 28766	1795630	S	3409	527	3936	0.00027
Frondihabitans sp. 762G35	1446794	S	2954	725	3679	0.00025
Cryobacterium sp. LW097	1978566	S	1671	394	2065	0.00014
Cryobacterium sp. PAMC25264	2861288	S	805	517	1322	0.00009
Cryobacterium soli	2220095	S	1300	722	2022	0.00014
Cryobacterium arcticum	670052	S	1090	877	1967	0.00013
Microterricola viridarii	412690	S	5055	1415	6470	0.00044
Plantibacter sp. PA-3-X8	2480625	S	819	822	1641	0.00011
Plantibacter sp. M259	2583822	S	815	791	1606	0.00011
Plantibacter flavus	150123	S	846	740	1586	0.00011
Microcella flavibacter	1804990	S	2236	1207	3443	0.00023
Microcella alkaliphila	279828	S	1438	282	1720	0.00012
Herbiconiux sp. SALV-R1	2735133	S	3034	691	3725	0.00025
Subtercola sp. AK-R2A1-2	2895559	S	1882	197	2079	0.00014
Subtercola sp. PAMC28395	2846775	S	1105	123	1228	0.00008
Gryllotalpicola protaetiae	2419771	S	2905	637	3542	0.00024
Cnuibacter physcomitrellae	1619308	S	2871	705	3576	0.00024
Mycetocola zhujimingii	2079792	S	1054	142	1196	0.00008
Mycetocola sp. JXN-3	2116510	S	1008	166	1174	0.00008
Mycetocola spongiae	2859226	S	750	110	860	0.00006
Frigoribacterium sp. NBH87	2596916	S	2799	934	3733	0.00025
Humibacter sp. WJ7-1	2599293	S	2499	615	3114	0.00021
Amnibacterium sp. L3-i23	2905871	S	2174	590	2764	0.00019
Chryseoglobus sp. 28M-23	2772253	S	421	895	1316	0.00009
Chryseoglobus indicus	2750620	S	383	858	1241	0.00008
Marisediminicola antarctica	674079	S	1765	248	2013	0.00014
Diaminobutyricimonas sp. LJ205	2683590	S	1551	329	1880	0.00013
Glaciihabitans sp. INWT7	2596912	S	1542	138	1680	0.00011
Gulosibacter sediminis	1729695	S	1536	498	2034	0.00014
Agreia sp. COWG	2773266	S	1387	191	1578	0.00011
Rhodoluna limnophila	232537	S	100	18	118	0.00001
Aquiluna borgnonia	2499157	S	104	11	115	0.00001
Pseudoclavibacter sp. Marseille-Q3772	2866588	S	291	60	351	0.00002
Aurantimicrobium photophilum	1987356	S	111	34	145	0.00001
Pontimonas salivibrio	1159327	S	139	7	146	0.00001
Arthrobacter sp. NicSoilC5	2831000	S	15483	7179	22662	0.00153
Arthrobacter sp. FW306-2-2C-D06B	2879618	S	4568	944	5512	0.00037
Arthrobacter sp. NicSoilB8	2830998	S	3782	1007	4789	0.00032
Arthrobacter sp. NicSoilB4	2830997	S	3614	1165	4779	0.00032
Arthrobacter sp. FW305-BF8	2879617	S	3470	978	4448	0.00030
Arthrobacter sp. PM3	2017685	S	2872	418	3290	0.00022
Arthrobacter sp. QXT-31	1357915	S	2347	683	3030	0.00020
Arthrobacter sp. UKPF54-2	2600159	S	2285	987	3272	0.00022
Arthrobacter sp. U41	1849032	S	2250	640	2890	0.00020
Arthrobacter sp. KBS0702	2578107	S	2163	886	3049	0.00021
Arthrobacter sp. 24S4-2	2575374	S	2036	462	2498	0.00017
Arthrobacter sp. PAMC25564	2565366	S	1909	540	2449	0.00017
Arthrobacter sp. QL17	2895818	S	1842	464	2306	0.00016
Arthrobacter sp. FB24	290399	S	1707	484	2191	0.00015
Arthrobacter sp. PGP41	2079227	S	1454	429	1883	0.00013
Arthrobacter sp. ERGS1:01	1704044	S	1349	285	1634	0.00011
Arthrobacter sp. PAMC25284	2861279	S	1323	365	1688	0.00011
Arthrobacter sp. Helios	2828862	S	1076	195	1271	0.00009
Arthrobacter sp. zg-Y462	2886936	S	774	175	949	0.00006
Arthrobacter sp. StoSoilB20	2830995	S	756	193	949	0.00006
Arthrobacter sp. PAMC 25486	1494608	S	702	128	830	0.00006
Arthrobacter sp. StoSoilB5	2830992	S	677	186	863	0.00006
Arthrobacter sp. zg-Y809	2886940	S	668	249	917	0.00006
Arthrobacter sp. NtRootA1	2830983	S	611	172	783	0.00005
Arthrobacter sp. D5-1	1477518	S	602	370	972	0.00007
Arthrobacter sp. FW306-06-A	2879621	S	597	1796	2393	0.00016
Arthrobacter sp. YN	2020486	S	520	190	710	0.00005
Arthrobacter sp. NicSoilB11	2830999	S	496	1678	2174	0.00015
Arthrobacter sp. StoSoilB19	2830994	S	440	1705	2145	0.00014
Arthrobacter sp. FW306-07-I	2879622	S	400	1914	2314	0.00016
Arthrobacter sp. FW306-05-C	2879620	S	376	1694	2070	0.00014
Arthrobacter sp. C1-1	2813727	S	319	50	369	0.00002
Arthrobacter sp. StoSoilB13	2830993	S	227	370	597	0.00004
Arthrobacter sp. StoSoilA2	2830990	S	199	311	510	0.00003
Arthrobacter agilis	37921	S	2816	435	3251	0.00022
Arthrobacter crystallopoietes	37928	S	2585	508	3093	0.00021
Arthrobacter sulfonylureivorans	2486855	S	1633	279	1912	0.00013
Arthrobacter woluwensis	156980	S	1456	358	1814	0.00012
Arthrobacter dokdonellae	2211210	S	1328	246	1574	0.00011
Arthrobacter jiangjiafuii	2817475	S	955	281	1236	0.00008
Arthrobacter alpinus	656366	S	948	1391	2339	0.00016
Arthrobacter sunyaminii	2816859	S	660	228	888	0.00006
Pseudarthrobacter sp. NIBRBAC000502771	2590774	S	2901	7296	10197	0.00069
Pseudarthrobacter sp. NIBRBAC000502770	2590785	S	2790	5910	8700	0.00059
Pseudarthrobacter sp. BIM B-2242	2772401	S	2252	531	2783	0.00019
Pseudarthrobacter sp. L1SW	2851598	S	1315	430	1745	0.00012
Pseudarthrobacter sp. NBSH8	2596911	S	819	272	1091	0.00007
Pseudarthrobacter sp. NIBRBAC000502772	2590775	S	735	430	1165	0.00008
Pseudarthrobacter sp. SSS035	2931399	S	713	508	1221	0.00008
Pseudarthrobacter equi	728066	S	2968	1048	4016	0.00027
Pseudarthrobacter chlorophenolicus	85085	S	1597	526	2123	0.00014
Pseudarthrobacter phenanthrenivorans	361575	S	1231	505	1736	0.00012
Pseudarthrobacter psychrotolerans	2697569	S	1165	412	1577	0.00011
Pseudarthrobacter sulfonivorans	121292	S	608	551	1159	0.00008
Kocuria rosea	1275	S	2534	812	3346	0.00023
Kocuria flava	446860	S	2116	1062	3178	0.00021
Kocuria turfanensis	388357	S	2044	709	2753	0.00019
Kocuria palustris	71999	S	1398	573	1971	0.00013
Kocuria rhizophila	72000	S	1089	1507	2596	0.00018
Kocuria varians	1272	S	865	612	1477	0.00010
Kocuria sp. TGY1127_2	2711328	S	333	57	390	0.00003
Kocuria sp. KD4	2719588	S	243	363	606	0.00004
Kocuria sp. BT304	1702043	S	126	573	699	0.00005
Kocuria indica	1049583	S	176	314	490	0.00003
Micrococcus luteus	1270	S	2928	5469	8397	0.00057
Micrococcus sp. KD337-16	2856555	S	1244	786	2030	0.00014
Sinomonas atrocyanea	37927	S	2841	980	3821	0.00026
Sinomonas sp. R1AF57	2020377	S	2202	530	2732	0.00018
Glutamicibacter protophormiae	37930	S	969	696	1665	0.00011
Glutamicibacter creatinolyticus	162496	S	882	233	1115	0.00008
Glutamicibacter halophytocola	1933880	S	566	117	683	0.00005
Glutamicibacter mishrai	1775880	S	367	92	459	0.00003
Glutamicibacter arilaitensis	256701	S	344	138	482	0.00003
Glutamicibacter nicotianae	37929	S	281	992	1273	0.00009
Paenarthrobacter ureafaciens	37931	S	791	1389	2180	0.00015
Paenarthrobacter aurescens	43663	S	740	490	1230	0.00008
Paenarthrobacter sp. YJN-5	2735316	S	223	524	747	0.00005
Paenarthrobacter sp. YJN-D	2735317	S	185	370	555	0.00004
Paenarthrobacter nicotinovorans	29320	S	164	286	450	0.00003
Rothia kristinae	37923	S	1523	904	2427	0.00016
Rothia mucilaginosa	43675	S	491	107	598	0.00004
Rothia nasimurium	85336	S	260	152	412	0.00003
Rothia aeria	172042	S	171	81	252	0.00002
Rothia dentocariosa	2047	S	151	78	229	0.00002
Citricoccus sp. SGAir0253	2567881	S	1950	547	2497	0.00017
Nesterenkonia sp. NBAIMH1	2600320	S	759	53	812	0.00005
Paeniglutamicibacter sp. Y32M11	2853258	S	504	86	590	0.00004
Psychromicrobium lacuslunae	1618207	S	360	58	418	0.00003
Neomicrococcus aestuarii	556325	S	286	150	436	0.00003
Renibacterium salmoninarum	1646	S	229	15	244	0.00002
Auritidibacter sp. NML130574	2170745	S	228	25	253	0.00002
Cellulomonas sp. zg-ZUI188	2819978	S	7610	2475	10085	0.00068
Cellulomonas sp. H30R-01	2704467	S	4919	2224	7143	0.00048
Cellulomonas sp. Y8	2591145	S	4406	2201	6607	0.00045
Cellulomonas sp. C5510	2871170	S	3532	1639	5171	0.00035
Cellulomonas sp. JZ18	2654191	S	3388	1679	5067	0.00034
Cellulomonas sp. zg-ZUI222	2816956	S	3138	1380	4518	0.00030
Cellulomonas sp. zg-ZUI157	2819979	S	3004	1212	4216	0.00028
Cellulomonas sp. EW123	2608402	S	2959	2033	4992	0.00034
Cellulomonas sp. PSBB021	2003551	S	2800	2560	5360	0.00036
Cellulomonas fimi	1708	S	4232	4052	8284	0.00056
Cellulomonas shaoxiangyii	2566013	S	3258	1558	4816	0.00033
Cellulomonas iranensis	76862	S	3185	1711	4896	0.00033
Cellulomonas flavigena	1711	S	3123	1362	4485	0.00030
Cellulomonas gilvus	11	S	3106	1554	4660	0.00031
Cellulomonas taurus	2729175	S	2229	831	3060	0.00021
Actinotalea sp. JY-7876	2758442	S	3335	1363	4698	0.00032
Oerskovia sp. KBS0722	1179673	S	3233	1171	4404	0.00030
Pseudactinotalea sp. HY158	2654547	S	2250	374	2624	0.00018
Paraoerskovia marina	545619	S	1899	565	2464	0.00017
Phycicoccus sp. HDW14	2714941	S	7888	3078	10966	0.00074
Phycicoccus endophyticus	1690220	S	5064	1758	6822	0.00046
Janibacter melonis	262209	S	4389	1721	6110	0.00041
Janibacter limosus	53458	S	3054	936	3990	0.00027
Janibacter indicus	857417	S	1526	2511	4037	0.00027
Janibacter sp. YB324	2761047	S	872	1937	2809	0.00019
Tetrasphaera sp. HKS02	1813880	S	12309	3691	16000	0.00108
Pedococcus dokdonensis	443156	S	11901	4042	15943	0.00108
Intrasporangium calvum	53358	S	6343	1925	8268	0.00056
Arsenicicoccus sp. oral taxon 190	1658671	S	3761	1652	5413	0.00037
Cellulosimicrobium cellulans	1710	S	5852	6620	12472	0.00084
Cellulosimicrobium sp. BI34T	2587808	S	2534	1292	3826	0.00026
Cellulosimicrobium sp. JZ28	1906273	S	535	1321	1856	0.00013
Cellulosimicrobium sp. 72-3	2731680	S	281	1316	1597	0.00011
Cellulosimicrobium sp. TH-20	1980001	S	248	1199	1447	0.00010
Xylanimonas protaetiae	2509457	S	2908	1436	4344	0.00029
Xylanimonas allomyrinae	2509459	S	2572	923	3495	0.00024
Xylanimonas cellulosilytica	186189	S	2505	1015	3520	0.00024
Isoptericola variabilis	139208	S	3083	1842	4925	0.00033
Isoptericola dokdonensis	372663	S	2918	1298	4216	0.00028
Ornithinimicrobium avium	2283195	S	3503	1046	4549	0.00031
Ornithinimicrobium sp. HY006	2508882	S	2445	891	3336	0.00023
Ornithinimicrobium sp. INDO-MA30-4	2908651	S	515	104	619	0.00004
Ornithinimicrobium flavum	1288636	S	2719	966	3685	0.00025
Ornithinimicrobium ciconiae	2594265	S	2253	398	2651	0.00018
Ornithinimicrobium pratense	2593973	S	1841	571	2412	0.00016
Serinicoccus chungangensis	767452	S	2562	959	3521	0.00024
Serinicoccus hydrothermalis	1758689	S	2470	1180	3650	0.00025
Serinicoccus profundi	1078471	S	2366	942	3308	0.00022
Serinicoccus marinus	247333	S	2084	1038	3122	0.00021
Brevibacterium sp. CS2	2575923	S	2007	915	2922	0.00020
Brevibacterium sp. SMBL_HHYL_HB1	2777556	S	962	239	1201	0.00008
Brevibacterium sp. 'Marine'	2725563	S	414	289	703	0.00005
Brevibacterium sp. HY170	2898795	S	408	130	538	0.00004
Brevibacterium sp. W7.2	2823518	S	313	1617	1930	0.00013
Brevibacterium casei	33889	S	2298	1710	4008	0.00027
Brevibacterium luteolum	199591	S	1195	542	1737	0.00012
Brevibacterium linens	1703	S	1191	761	1952	0.00013
Brevibacterium aurantiacum	273384	S	780	565	1345	0.00009
Brevibacterium oceani	358099	S	780	188	968	0.00007
Brevibacterium atlanticum	2697563	S	780	177	957	0.00006
Brevibacterium sandarakinum	629680	S	691	138	829	0.00006
Brevibacterium limosum	2697565	S	562	222	784	0.00005
Brevibacterium siliguriense	1136497	S	466	145	611	0.00004
Brevibacterium pigmentatum	1496080	S	383	300	683	0.00005
Brachybacterium sp. CBA3105	2887346	S	2263	578	2841	0.00019
Brachybacterium sp. SGAir0954	2571029	S	2120	645	2765	0.00019
Brachybacterium sp. P6-10-X1	1903186	S	1846	354	2200	0.00015
Brachybacterium saurashtrense	556288	S	1839	567	2406	0.00016
Brachybacterium ginsengisoli	1331682	S	1792	565	2357	0.00016
Brachybacterium faecium	43669	S	1766	581	2347	0.00016
Brachybacterium vulturis	2017484	S	1405	545	1950	0.00013
Brachybacterium avium	2017485	S	1194	460	1654	0.00011
Dermabacter jinjuensis	1667168	S	498	479	977	0.00007
Dermabacter vaginalis	1630135	S	482	361	843	0.00006
Devriesea agamarum	472569	S	274	17	291	0.00002
Dermacoccus nishinomiyaensis	1274	S	2432	1166	3598	0.00024
Dermacoccus sp. PAMC28757	2762331	S	1733	701	2434	0.00016
Luteipulveratus mongoliensis	571913	S	4084	659	4743	0.00032
Allobranchiibius sp. GilTou73	2904523	S	3213	815	4028	0.00027
Yimella sp. cx-51	2770551	S	1812	421	2233	0.00015
Georgenia yuyongxinii	2589797	S	3283	924	4207	0.00028
Georgenia sp. TF02-10	2917725	S	3215	1341	4556	0.00031
Georgenia wutianyii	2585135	S	2948	1165	4113	0.00028
Georgenia faecalis	2483799	S	2770	871	3641	0.00025
Haloactinobacterium kanbiaonis	2675754	S	4135	684	4819	0.00033
Ruania sp. LR1S40	2897774	S	2054	485	2539	0.00017
Ruania sp. M4N3S171	2897773	S	1297	197	1494	0.00010
Ruania zhangjianzhongii	2603206	S	2260	259	2519	0.00017
Ruania alkalisoli	2779775	S	1498	277	1775	0.00012
Pengzhenrongella sicca	2819238	S	4262	1353	5615	0.00038
Luteimicrobium xylanilyticum	1133546	S	3509	1227	4736	0.00032
Beutenbergia cavernae	84757	S	4155	790	4945	0.00033
Miniimonas sp. S16	2171623	S	2918	1712	4630	0.00031
Sanguibacter keddieii	60920	S	2751	932	3683	0.00025
Sanguibacter sp. HDW7	2714931	S	2194	780	2974	0.00020
Gephyromycinifex aptenodytis	2716227	S	1267	172	1439	0.00010
Austwickia chelonae	100225	S	981	89	1070	0.00007
Dermatophilus congolensis	1863	S	239	25	264	0.00002
Kytococcus sedentarius	1276	S	1998	1484	3482	0.00024
Demequina sp. TMPB413	2881056	S	889	80	969	0.00007
Jonesia denitrificans	43674	S	172	35	207	0.00001
Nocardioides sp. G188	2849501	S	25524	9254	34778	0.00235
Nocardioides sp. LMS-CY	2840457	S	15951	6164	22115	0.00149
Nocardioides sp. JS614	196162	S	14150	4960	19110	0.00129
Nocardioides sp. W7	2931390	S	11372	4549	15921	0.00107
Nocardioides sp. zg-1228	2763008	S	10995	5696	16691	0.00113
Nocardioides sp. S5	2017486	S	10381	6167	16548	0.00112
Nocardioides sp. HDW12B	2714939	S	10334	4005	14339	0.00097
Nocardioides sp. cx-173	2898796	S	10019	4064	14083	0.00095
Nocardioides sp. S-1144	2582905	S	9940	4515	14455	0.00098
Nocardioides sp. InS609-2	2760705	S	9699	2638	12337	0.00083
Nocardioides sp. zg-579	2663857	S	9371	5574	14945	0.00101
Nocardioides sp. TF02-7	2917724	S	9192	3530	12722	0.00086
Nocardioides sp. SCSIO 67246	2872154	S	8357	2606	10963	0.00074
Nocardioides sp. CF8	110319	S	8077	3935	12012	0.00081
Nocardioides sp. 603	2483798	S	7797	4251	12048	0.00081
Nocardioides sp. JQ2195	2592334	S	6718	1656	8374	0.00057
Nocardioides sp. MC1495	2736757	S	6468	2706	9174	0.00062
Nocardioides sp. WS12	2486272	S	5679	1180	6859	0.00046
Nocardioides sp. zg-536	2803858	S	5578	2844	8422	0.00057
Nocardioides sp. ZJ1313	2685869	S	5093	6430	11523	0.00078
Nocardioides sp. Kera G14	2884264	S	5080	1267	6347	0.00043
Nocardioides sp. dk884	2662361	S	5026	6296	11322	0.00076
Nocardioides cynanchi	2558918	S	31043	8703	39746	0.00268
Nocardioides anomalus	2712223	S	16549	5903	22452	0.00152
Nocardioides ungokensis	1643322	S	14765	6066	20831	0.00141
Nocardioides euryhalodurans	2518370	S	12029	4327	16356	0.00110
Nocardioides mesophilus	433659	S	11827	4213	16040	0.00108
Nocardioides okcheonensis	2894081	S	9946	5365	15311	0.00103
Nocardioides dongkuii	2760089	S	8442	4909	13351	0.00090
Nocardioides humi	449461	S	8037	3104	11141	0.00075
Nocardioides aromaticivorans	200618	S	7625	3372	10997	0.00074
Nocardioides aquaticus	160826	S	7601	2744	10345	0.00070
Nocardioides rotundus	1774216	S	6930	3133	10063	0.00068
Nocardioides marinisabuli	419476	S	6733	4387	11120	0.00075
Nocardioides dokdonensis	450734	S	6408	3495	9903	0.00067
Nocardioides sambongensis	2589074	S	5924	1998	7922	0.00053
Nocardioides seonyuensis	2518371	S	5541	1750	7291	0.00049
Nocardioides houyundeii	2045452	S	5218	1879	7097	0.00048
Nocardioides piscis	2714938	S	5210	2304	7514	0.00051
Nocardioides panacisoli	627624	S	4786	1398	6184	0.00042
Nocardioides daphniae	402297	S	3694	1979	5673	0.00038
Nocardioides jishulii	2575440	S	3276	1400	4676	0.00032
Nocardioides baekrokdamisoli	1804624	S	2561	385	2946	0.00020
Nocardioides yefusunii	2500546	S	2437	840	3277	0.00022
Aeromicrobium sp. Leaf245	1736306	S	3200	1115	4315	0.00029
Aeromicrobium sp. A1-2	2107713	S	2822	452	3274	0.00022
Aeromicrobium sp. zg-629	2663859	S	2602	958	3560	0.00024
Aeromicrobium chenweiae	2079793	S	3711	1379	5090	0.00034
Aeromicrobium choanae	1736691	S	3667	1246	4913	0.00033
Aeromicrobium erythreum	2041	S	3525	1192	4717	0.00032
Aeromicrobium yanjiei	2662028	S	3422	1173	4595	0.00031
Aeromicrobium marinum	219314	S	2933	737	3670	0.00025
Marmoricola scoriae	642780	S	12953	5630	18583	0.00125
Friedmanniella luteola	546871	S	9690	2216	11906	0.00080
Pimelobacter simplex	2045	S	6575	2773	9348	0.00063
Mumia sp. ZJ1417	2708082	S	4438	912	5350	0.00036
Micropruina glycogenica	75385	S	2794	467	3261	0.00022
Kribbella flavida	182640	S	54769	14019	68788	0.00464
Kribbella qitaiheensis	1544730	S	49864	8645	58509	0.00395
Microlunatus sagamiharensis	546874	S	15089	3925	19014	0.00128
Microlunatus phosphovorus	29405	S	5354	729	6083	0.00041
Microlunatus soli	630515	S	4285	466	4751	0.00032
Microlunatus elymi	2596828	S	3785	455	4240	0.00029
Microlunatus sp. Gsoil 973	2672569	S	3218	275	3493	0.00024
Tessaracoccus sp. J1M15	2829499	S	1947	612	2559	0.00017
Tessaracoccus sp. MC1865	2760310	S	1323	352	1675	0.00011
Tessaracoccus defluvii	1285901	S	1981	1247	3228	0.00022
Tessaracoccus aquimaris	1332264	S	1786	866	2652	0.00018
Tessaracoccus flavescens	399497	S	1695	1292	2987	0.00020
Tessaracoccus flavus	1610493	S	1465	1048	2513	0.00017
Tessaracoccus timonensis	2161816	S	872	434	1306	0.00009
Brevilactibacter coleopterorum	2714937	S	2816	1436	4252	0.00029
Brevilactibacter sp. MC1595	2819349	S	2607	1172	3779	0.00026
Acidipropionibacterium acidipropionici	1748	S	1723	1152	2875	0.00019
Acidipropionibacterium jensenii	1749	S	1698	1164	2862	0.00019
Acidipropionibacterium virtanenii	2057246	S	1112	232	1344	0.00009
Propionibacterium acidifaciens	556499	S	1534	368	1902	0.00013
Propionibacterium freudenreichii	1744	S	1395	1530	2925	0.00020
Propionibacterium australiense	119981	S	1200	218	1418	0.00010
Auraticoccus monumenti	675864	S	3992	833	4825	0.00033
Raineyella fluvialis	2662261	S	2282	352	2634	0.00018
Cutibacterium avidum	33010	S	963	287	1250	0.00008
Cutibacterium granulosum	33011	S	484	107	591	0.00004
Cutibacterium acnes	1747	S	407	283	690	0.00005
Cutibacterium modestum	2559073	S	222	32	254	0.00002
Arachnia propionica	1750	S	1292	170	1462	0.00010
Arachnia rubra	1547448	S	720	90	810	0.00005
Actinopolymorpha singaporensis	117157	S	7734	1006	8740	0.00059
Amycolatopsis sp. DSM 110486	2865832	S	55875	11890	67765	0.00457
Amycolatopsis sp. WQ 127309	2932773	S	11406	3512	14918	0.00101
Amycolatopsis sp. FDAARGOS 1241	2778070	S	9171	2132	11303	0.00076
Amycolatopsis sp. Hca4	2742131	S	8076	3287	11363	0.00077
Amycolatopsis sp. CA-230715	2745196	S	6789	1179	7968	0.00054
Amycolatopsis sp. YIM 10	2653857	S	5719	1914	7633	0.00052
Amycolatopsis sp. FU40	2914159	S	4511	1819	6330	0.00043
Amycolatopsis sp. AA4	1896961	S	4116	1938	6054	0.00041
Amycolatopsis sp. BJA-103	1911175	S	3567	1550	5117	0.00035
Amycolatopsis sp. TNS106	2861750	S	2746	1736	4482	0.00030
Amycolatopsis sp. EV170708-02-1	2919322	S	2149	2348	4497	0.00030
Amycolatopsis acidiphila	715473	S	8995	2216	11211	0.00076
Amycolatopsis mediterranei	33910	S	8451	4044	12495	0.00084
Amycolatopsis pretoriensis	218821	S	8345	3090	11435	0.00077
Amycolatopsis keratiniphila	129921	S	3319	3176	6495	0.00044
Amycolatopsis japonica	208439	S	1793	1943	3736	0.00025
Amycolatopsis methanolica	1814	S	5389	2457	7846	0.00053
Amycolatopsis thermalba	944492	S	5217	2512	7729	0.00052
Amycolatopsis albispora	1804986	S	5107	3379	8486	0.00057
Amycolatopsis aidingensis	2842453	S	4552	621	5173	0.00035
Amycolatopsis orientalis	31958	S	3602	1416	5018	0.00034
Pseudonocardia sp. DSM 110487	2865833	S	18388	3005	21393	0.00144
Pseudonocardia sp. CGMCC 4.1532	2761535	S	9794	6208	16002	0.00108
Pseudonocardia sp. HH130630-07	1690815	S	6284	2705	8989	0.00061
Pseudonocardia sp. AL041005-10	445576	S	5508	2695	8203	0.00055
Pseudonocardia sp. HH130629-09	1641402	S	4457	2888	7345	0.00050
Pseudonocardia sp. EC080625-04	1096868	S	155	7785	7940	0.00054
Pseudonocardia broussonetiae	2736640	S	13648	5118	18766	0.00127
Pseudonocardia dioxanivorans	240495	S	13432	4148	17580	0.00119
Pseudonocardia abyssalis	2792008	S	7630	4332	11962	0.00081
Pseudonocardia autotrophica	2074	S	7111	2201	9312	0.00063
Saccharothrix syringae	103733	S	8132	3225	11357	0.00077
Saccharothrix sp. 6-C	2781735	S	7044	2732	9776	0.00066
Saccharothrix espanaensis	103731	S	6776	2286	9062	0.00061
Saccharopolyspora erythraea	1836	S	8975	2939	11914	0.00080
Saccharopolyspora gregorii	33914	S	3901	912	4813	0.00032
Saccharopolyspora spinosa	60894	S	2197	1378	3575	0.00024
Saccharopolyspora pogona	333966	S	2042	2234	4276	0.00029
Saccharopolyspora sp. ASAGF58	2719023	S	1339	1624	2963	0.00020
Kutzneria sp. CA-103260	2802641	S	15118	3752	18870	0.00127
Kutzneria albida	43357	S	6843	1815	8658	0.00058
Saccharomonospora marina	632569	S	3555	960	4515	0.00030
Saccharomonospora azurea	40988	S	2481	829	3310	0.00022
Saccharomonospora cyanea	40989	S	2248	910	3158	0.00021
Saccharomonospora xinjiangensis	75294	S	1902	362	2264	0.00015
Saccharomonospora glauca	40990	S	1714	683	2397	0.00016
Saccharomonospora viridis	1852	S	1561	274	1835	0.00012
Actinoalloteichus hoggarensis	1470176	S	2820	436	3256	0.00022
Actinoalloteichus hymeniacidonis	340345	S	2360	261	2621	0.00018
Actinoalloteichus sp. GBA129-24	1612551	S	144	1723	1867	0.00013
Actinoalloteichus fjordicus	1612552	S	104	1503	1607	0.00011
Actinosynnema pretiosum	42197	S	2506	5244	7750	0.00052
Actinosynnema mirum	40567	S	289	2745	3034	0.00020
Lentzea guizhouensis	1586287	S	7286	1773	9059	0.00061
Kibdelosporangium phytohabitans	860235	S	7046	982	8028	0.00054
Alloactinosynnema sp. L-07	1653480	S	6587	1690	8277	0.00056
Allokutzneria albata	211114	S	5506	1528	7034	0.00047
Prauserella marina	530584	S	3099	323	3422	0.00023
Allosaccharopolyspora coralli	2665642	S	2517	626	3143	0.00021
Micromonospora sp. WMMC415	2675222	S	4533	1762	6295	0.00042
Micromonospora sp. HM134	2583243	S	3671	1657	5328	0.00036
Micromonospora sp. WMMA2032	2039870	S	3549	2326	5875	0.00040
Micromonospora sp. B006	2201999	S	2990	2270	5260	0.00036
Micromonospora sp. L5	648999	S	326	3245	3571	0.00024
Micromonospora echinofusca	47858	S	5303	2499	7802	0.00053
Micromonospora carbonacea	47853	S	5281	2447	7728	0.00052
Micromonospora krabiensis	307121	S	5275	1890	7165	0.00048
Micromonospora inositola	47865	S	5068	2558	7626	0.00051
Micromonospora echinaurantiaca	47857	S	4755	2364	7119	0.00048
Micromonospora terminaliae	1914461	S	4676	2415	7091	0.00048
Micromonospora coriariae	285665	S	4572	1678	6250	0.00042
Micromonospora zamorensis	709883	S	4252	1399	5651	0.00038
Micromonospora viridifaciens	1881	S	4163	1858	6021	0.00041
Micromonospora purpureochromogenes	47872	S	4122	2242	6364	0.00043
Micromonospora siamensis	299152	S	4080	2014	6094	0.00041
Micromonospora auratinigra	261654	S	3907	2103	6010	0.00041
Micromonospora ferruginea	2749844	S	3899	2291	6190	0.00042
Micromonospora echinospora	1877	S	3769	1351	5120	0.00035
Micromonospora chokoriensis	356851	S	3762	1252	5014	0.00034
Micromonospora maris	1003110	S	3729	1188	4917	0.00033
Micromonospora narathiwatensis	299146	S	3641	1741	5382	0.00036
Micromonospora coxensis	356852	S	3628	2064	5692	0.00038
Micromonospora sagamiensis	47875	S	3520	1382	4902	0.00033
Micromonospora endophytica (Xie et al. 2001) Li et al. 2019	515350	S	3513	1115	4628	0.00031
Micromonospora rifamycinica	291594	S	3408	1561	4969	0.00034
Micromonospora craniellae	2294034	S	2639	1695	4334	0.00029
Micromonospora tulbaghiae	479978	S	2254	2358	4612	0.00031
Micromonospora aurantiaca	47850	S	1712	10859	12571	0.00085
Actinoplanes sp. L3-i22	2836373	S	13013	9201	22214	0.00150
Actinoplanes sp. N902-109	649831	S	9951	3169	13120	0.00089
Actinoplanes sp. OR16	946334	S	8415	4044	12459	0.00084
Actinoplanes friuliensis	196914	S	11468	2041	13509	0.00091
Actinoplanes ianthinogenes	122358	S	9032	3773	12805	0.00086
Actinoplanes missouriensis	1866	S	7497	2562	10059	0.00068
Actinoplanes teichomyceticus	1867	S	7064	3123	10187	0.00069
Actinoplanes derwentensis	113562	S	6879	1135	8014	0.00054
Phytohabitans suffuscus	624315	S	9328	2528	11856	0.00080
Phytohabitans flavus	1076124	S	7834	1622	9456	0.00064
Dactylosporangium vinaceum	53362	S	17794	2286	20080	0.00136
Plantactinospora sp. KBS50	2024580	S	5663	1563	7226	0.00049
Plantactinospora sp. BC1	2108470	S	1172	3516	4688	0.00032
Plantactinospora sp. BB1	2071627	S	1112	3300	4412	0.00030
Actinocatenispora thailandica	227318	S	6107	1792	7899	0.00053
Actinocatenispora sera	390989	S	5729	1774	7503	0.00051
Catellatospora sp. IY07-71	2728827	S	9958	2519	12477	0.00084
Couchioplanes caeruleus	56438	S	9694	2745	12439	0.00084
Polymorphospora rubra	338584	S	6419	1585	8004	0.00054
Natronosporangium hydrolyticum	2811111	S	3764	297	4061	0.00027
Verrucosispora sp. NA02020	2742132	S	2746	2219	4965	0.00034
Salinispora tropica	168695	S	2197	406	2603	0.00018
Actinomadura sp. WMMB 499	1219491	S	7934	2409	10343	0.00070
Actinomadura sp. NAK00032	2742128	S	7889	3663	11552	0.00078
Actinomadura sp. WMMA1423	2591108	S	7589	2959	10548	0.00071
Actinomadura verrucosospora	46165	S	9896	3946	13842	0.00093
Actinomadura madurae	1993	S	8435	3394	11829	0.00080
Actinomadura graeca	2750812	S	7187	2163	9350	0.00063
Thermomonospora amylolytica	1411117	S	6765	3203	9968	0.00067
Thermomonospora curvata	2020	S	4782	1781	6563	0.00044
Nonomuraea nitratireducens	2656914	S	9571	2499	12070	0.00081
Nonomuraea sp. ATCC 55076	1909395	S	9364	3598	12962	0.00087
Nonomuraea gerenzanensis	93944	S	8538	3429	11967	0.00081
Nonomuraea coxensis	404386	S	8420	2964	11384	0.00077
Streptosporangium sp. 'caverna'	2202249	S	10204	2630	12834	0.00087
Streptosporangium roseum	2001	S	8107	2661	10768	0.00073
Thermobispora bispora	2006	S	4935	1402	6337	0.00043
Nocardiopsis sp. MT53	2865672	S	4054	1160	5214	0.00035
Nocardiopsis sp. HDS12	2831968	S	1215	1241	2456	0.00017
Nocardiopsis gilva	280236	S	3423	840	4263	0.00029
Nocardiopsis alba	53437	S	2275	494	2769	0.00019
Nocardiopsis dassonvillei	2014	S	2236	2486	4722	0.00032
Thermobifida halotolerans	483545	S	2484	951	3435	0.00023
Thermobifida alba	53522	S	2421	1126	3547	0.00024
Thermobifida fusca	2021	S	1334	267	1601	0.00011
Streptomonospora litoralis	2498135	S	3750	889	4639	0.00031
Spiractinospora alimapuensis	2820884	S	2571	204	2775	0.00019
Blastococcus sp. PRF04-17	2933797	S	11525	4467	15992	0.00108
Blastococcus saxobsidens	138336	S	9429	3258	12687	0.00086
Modestobacter marinus	477641	S	13357	5235	18592	0.00125
Modestobacter sp. L9-4	2851567	S	7255	3138	10393	0.00070
Geodermatophilus obscurus	1861	S	10442	3990	14432	0.00097
Frankia inefficax	298654	S	10886	1507	12393	0.00084
Frankia sp. QA3	710111	S	3802	1603	5405	0.00036
Frankia sp. ArI3	1858	S	2907	1916	4823	0.00033
Candidatus Frankia datiscae	2716812	S	3632	621	4253	0.00029
Frankia alni	1859	S	3207	2232	5439	0.00037
Frankia casuarinae	106370	S	3204	387	3591	0.00024
Actinomyces sp. oral taxon 414	712122	S	1311	285	1596	0.00011
Actinomyces sp. MAS-1	2755559	S	830	174	1004	0.00007
Actinomyces sp. Z16	2079536	S	775	258	1033	0.00007
Actinomyces sp. Chiba101	1851395	S	662	293	955	0.00006
Actinomyces sp. 432	2057798	S	625	137	762	0.00005
Actinomyces sp. oral taxon 171	706438	S	337	249	586	0.00004
Actinomyces sp. oral taxon 169	712116	S	173	273	446	0.00003
Actinomyces sp. HMT897	2789424	S	148	390	538	0.00004
Actinomyces sp. oral taxon 897	2081702	S	132	355	487	0.00003
Actinomyces sp. HMT 175	2789425	S	120	423	543	0.00004
Actinomyces radicidentis	111015	S	1574	721	2295	0.00015
Actinomyces howellii	52771	S	1229	208	1437	0.00010
Actinomyces respiraculi	2744574	S	925	231	1156	0.00008
Actinomyces slackii	52774	S	846	152	998	0.00007
Actinomyces procaprae	2560010	S	794	270	1064	0.00007
Actinomyces viscosus	1656	S	619	243	862	0.00006
Actinomyces faecalis	2722820	S	616	96	712	0.00005
Actinomyces qiguomingii	2057800	S	615	83	698	0.00005
Actinomyces weissii	675090	S	570	121	691	0.00005
Actinomyces naeslundii	1655	S	558	303	861	0.00006
Actinomyces oris	544580	S	475	1192	1667	0.00011
Actinomyces marmotae	2737173	S	465	242	707	0.00005
Actinomyces wuliandei	2057743	S	439	108	547	0.00004
Actinomyces gaoshouyii	1960083	S	434	208	642	0.00004
Actinomyces lilanjuaniae	2321394	S	337	75	412	0.00003
Actinomyces trachealis	2763540	S	310	59	369	0.00002
Actinomyces pacaensis	1852377	S	130	17	147	0.00001
Schaalia sp. 19OD2882	2794089	S	551	79	630	0.00004
Schaalia sp. JY-X169	2758572	S	177	7	184	0.00001
Schaalia sp. ZJ405	2709403	S	157	15	172	0.00001
Schaalia odontolytica	1660	S	769	188	957	0.00006
Schaalia meyeri	52773	S	467	85	552	0.00004
Schaalia cardiffensis	181487	S	233	36	269	0.00002
Schaalia turicensis	131111	S	139	170	309	0.00002
Flaviflexus salsibiostraticola	1282737	S	778	228	1006	0.00007
Flaviflexus sp. dk850	2758573	S	434	189	623	0.00004
Flaviflexus ciconiae	2496867	S	312	44	356	0.00002
Trueperella pecoris	2733571	S	589	197	786	0.00005
Trueperella pyogenes	1661	S	423	275	698	0.00005
Trueperella bialowiezensis	312285	S	273	16	289	0.00002
Pauljensenia hongkongensis	178339	S	663	253	916	0.00006
Nanchangia anserum	2692125	S	627	77	704	0.00005
Actinotignum schaalii	59505	S	263	20	283	0.00002
Actinobaculum sp. 313	2495645	S	260	15	275	0.00002
Changpingibacter yushuensis	2758440	S	175	58	233	0.00002
Mobiluncus curtisii	2051	S	131	43	174	0.00001
Catenulispora acidiphila	304895	S	21118	3591	24709	0.00167
Nakamurella multipartita	53461	S	10653	2349	13002	0.00088
Nakamurella panacisegetis	1090615	S	4350	710	5060	0.00034
Nakamurella sp. PAMC28650	2762325	S	3969	497	4466	0.00030
Nakamurella antarctica	1902245	S	655	56	711	0.00005
Jiangella sp. DSM 45060	1798224	S	7652	2520	10172	0.00069
Jiangella alkaliphila	419479	S	7402	2342	9744	0.00066
Bifidobacterium pseudolongum	1694	S	925	371	1296	0.00009
Bifidobacterium choerinum	35760	S	918	446	1364	0.00009
Bifidobacterium longum	216816	S	865	1660	2525	0.00017
Bifidobacterium scardovii	158787	S	834	88	922	0.00006
Bifidobacterium bifidum	1681	S	576	187	763	0.00005
Bifidobacterium animalis	28025	S	516	400	916	0.00006
Bifidobacterium pullorum	78448	S	511	236	747	0.00005
Bifidobacterium adolescentis	1680	S	473	122	595	0.00004
Bifidobacterium subtile	77635	S	455	68	523	0.00004
Bifidobacterium asteroides	1684	S	403	13	416	0.00003
Bifidobacterium lemurum	1603886	S	381	97	478	0.00003
Bifidobacterium breve	1685	S	355	365	720	0.00005
Bifidobacterium eulemuris	1765219	S	348	85	433	0.00003
Bifidobacterium angulatum	1683	S	284	82	366	0.00002
Bifidobacterium thermophilum	33905	S	271	70	341	0.00002
Bifidobacterium dentium	1689	S	249	20	269	0.00002
Bifidobacterium actinocoloniiforme	638619	S	245	9	254	0.00002
Bifidobacterium catenulatum	1686	S	171	269	440	0.00003
Bifidobacterium pseudocatenulatum	28026	S	168	102	270	0.00002
Parascardovia denticolens	78258	S	149	25	174	0.00001
Jatrophihabitans telluris	2038343	S	4690	498	5188	0.00035
Jatrophihabitans sp. GAS493	1907575	S	4218	476	4694	0.00032
Stackebrandtia nassauensis	283811	S	3610	380	3990	0.00027
Natronoglycomyces albus	2811108	S	615	24	639	0.00004
Kineococcus radiotolerans	131568	S	4018	1292	5310	0.00036
Epidermidibacterium keratini	1891644	S	2490	1400	3890	0.00026
Actinopolyspora erythraea	414996	S	1974	235	2209	0.00015
Acidothermus cellulolyticus	28049	S	1350	80	1430	0.00010
Conexibacter sp. SYSU D00693	2812560	S	47521	12573	60094	0.00406
Conexibacter sp. S30A1	2937800	S	15798	1856	17654	0.00119
Conexibacter sp. DBS9H8	2937801	S	15497	1652	17149	0.00116
Conexibacter woesei	191495	S	58257	11466	69723	0.00471
Miltoncostaea oceani	2843216	S	10679	1635	12314	0.00083
Miltoncostaea marina	2843215	S	10160	2618	12778	0.00086
Baekduia soli	496014	S	50705	9134	59839	0.00404
Rubrobacter xylanophilus	49319	S	5171	702	5873	0.00040
Rubrobacter marinus	2653852	S	3361	280	3641	0.00025
Rubrobacter tropicus	2653851	S	2982	211	3193	0.00022
Rubrobacter radiotolerans	42256	S	1691	202	1893	0.00013
Rubrobacter indicoceani	2051957	S	956	69	1025	0.00007
Aquihabitans sp. G128	2849779	S	14183	3135	17318	0.00117
Aquihabitans sp. Kera 3	2884263	S	13297	2355	15652	0.00106
Iamia sp. SCSIO 61187	2722752	S	12767	2192	14959	0.00101
Actinomarinicola tropica	2789776	S	12167	2604	14771	0.00100
Ilumatobacter coccineus	467094	S	7335	513	7848	0.00053
Acidimicrobium ferrooxidans	53635	S	1722	154	1876	0.00013
Eggerthella lenta	84112	S	964	606	1570	0.00011
Eggerthella guodeyinii	2690837	S	846	366	1212	0.00008
Eggerthella sp. YY7918	502558	S	188	76	264	0.00002
Gordonibacter urolithinfaciens	1335613	S	522	358	880	0.00006
Gordonibacter pamelaeae	471189	S	456	394	850	0.00006
Adlercreutzia equolifaciens	446660	S	455	262	717	0.00005
Adlercreutzia hattorii	2707299	S	271	318	589	0.00004
Arabiibacter massiliensis	1870985	S	1021	182	1203	0.00008
Raoultibacter timonensis	1907662	S	552	41	593	0.00004
Berryella intestinalis	1531429	S	470	548	1018	0.00007
Slackia heliotrinireducens	84110	S	375	12	387	0.00003
Denitrobacterium detoxificans	79604	S	233	100	333	0.00002
Olsenella timonensis	1805478	S	936	276	1212	0.00008
Olsenella uli	133926	S	451	42	493	0.00003
Olsenella sp. oral taxon 807	712411	S	322	17	339	0.00002
Parolsenella massiliensis	1871022	S	456	217	673	0.00005
Parolsenella catena	2003188	S	423	217	640	0.00004
Thermophilibacter immobilis	2779519	S	589	216	805	0.00005
Parafannyhessea umbonata	604330	S	574	342	916	0.00006
Atopobium sp. oral taxon 416	712157	S	182	19	201	0.00001
Collinsella aerofaciens	74426	S	908	421	1329	0.00009
Collinsella stercoris	147206	S	528	69	597	0.00004
Coriobacterium glomerans	33871	S	345	11	356	0.00002
Egibacter rhizosphaerae	1670831	S	3707	231	3938	0.00027
Euzebya pacifica	1608957	S	3591	309	3900	0.00026
Egicoccus halophilus	1670830	S	3567	579	4146	0.00028
Paenibacillus sp. B01	2660554	S	1528	622	2150	0.00015
Paenibacillus sp. RUD330	2023772	S	877	132	1009	0.00007
Paenibacillus sp. 32O-W	1695218	S	695	98	793	0.00005
Paenibacillus sp. R14(2021)	2859228	S	434	85	519	0.00004
Paenibacillus sp. H1-7	2282849	S	345	46	391	0.00003
Paenibacillus sp. HWE-109	1306526	S	255	31	286	0.00002
Paenibacillus sp. sptzw28	715179	S	254	31	285	0.00002
Paenibacillus sp. URB8-2	2741301	S	215	72	287	0.00002
Paenibacillus sp. PK3_47	2072642	S	206	42	248	0.00002
Paenibacillus sp. FSL H7-0357	1536774	S	200	42	242	0.00002
Paenibacillus sp. FSL R7-0273	1536772	S	196	75	271	0.00002
Paenibacillus sp. BIHB4019	1870819	S	191	21	212	0.00001
Paenibacillus sp. YPD9-1	2908839	S	190	33	223	0.00002
Paenibacillus sp. FSL R7-0331	1536773	S	177	71	248	0.00002
Paenibacillus sp. JZ16	1906272	S	159	70	229	0.00002
Paenibacillus sp. PAMC21692	2762320	S	145	177	322	0.00002
Paenibacillus sp. FSL P4-0081	1536769	S	123	189	312	0.00002
Paenibacillus sp. CAA11	1532905	S	106	29	135	0.00001
Paenibacillus sp. FSL R5-0912	1536771	S	105	155	260	0.00002
Paenibacillus sp. YPG26	2878915	S	102	29	131	0.00001
Paenibacillus mucilaginosus	61624	S	1264	129	1393	0.00009
Paenibacillus albicereus	2726185	S	1256	492	1748	0.00012
Paenibacillus lycopersici	2704462	S	968	163	1131	0.00008
Paenibacillus rhizovicinus	2704463	S	684	121	805	0.00005
Paenibacillus macerans	44252	S	536	67	603	0.00004
Paenibacillus dendritiformis	130049	S	513	130	643	0.00004
Paenibacillus konkukensis	2020716	S	495	74	569	0.00004
Paenibacillus cellulositrophicus	562959	S	480	66	546	0.00004
Paenibacillus beijingensis	1126833	S	461	73	534	0.00004
Paenibacillus thiaminolyticus	49283	S	391	105	496	0.00003
Paenibacillus chitinolyticus	79263	S	385	67	452	0.00003
Paenibacillus stellifer	169760	S	330	79	409	0.00003
Paenibacillus psychroresistens	1778678	S	301	24	325	0.00002
Paenibacillus durus	44251	S	300	156	456	0.00003
Paenibacillus ihbetae	1870820	S	294	58	352	0.00002
Paenibacillus albus	2495582	S	293	52	345	0.00002
Paenibacillus cellulosilyticus	375489	S	275	47	322	0.00002
Paenibacillus naphthalenovorans	162209	S	258	56	314	0.00002
Paenibacillus sabinae	365617	S	256	90	346	0.00002
Paenibacillus donghaensis	414771	S	256	40	296	0.00002
Paenibacillus tritici	1873425	S	210	45	255	0.00002
Paenibacillus protaetiae	2509456	S	196	40	236	0.00002
Paenibacillus polymyxa	1406	S	195	1304	1499	0.00010
Paenibacillus tianjinensis	2810347	S	178	43	221	0.00001
Paenibacillus azoreducens	116718	S	176	29	205	0.00001
Paenibacillus yonginensis	1462996	S	172	120	292	0.00002
Paenibacillus swuensis	1178515	S	151	29	180	0.00001
Paenibacillus agaridevorans	171404	S	151	218	369	0.00002
Paenibacillus guangzhouensis	1473112	S	148	20	168	0.00001
Paenibacillus borealis	160799	S	143	72	215	0.00001
Paenibacillus physcomitrellae	1619311	S	140	69	209	0.00001
Paenibacillus sophorae	1333845	S	131	67	198	0.00001
Paenibacillus algicola	2565926	S	123	27	150	0.00001
Paenibacillus alvei	44250	S	121	22	143	0.00001
Paenibacillus lautus	1401	S	117	210	327	0.00002
Paenibacillus jilunlii	682956	S	115	113	228	0.00002
Paenibacillus bovis	1616788	S	107	23	130	0.00001
Paenibacillus lutimineralis	2707005	S	105	20	125	0.00001
Paenibacillus baekrokdamisoli	1712516	S	104	15	119	0.00001
Brevibacillus marinus	2496837	S	577	154	731	0.00005
Brevibacillus agri	51101	S	382	189	571	0.00004
Brevibacillus composti	2796470	S	378	164	542	0.00004
Brevibacillus brevis	1393	S	313	494	807	0.00005
Brevibacillus sp. MMS20-4M-10-Y	2895522	S	222	53	275	0.00002
Brevibacillus choshinensis	54911	S	212	86	298	0.00002
Cohnella sp. LGH	1619153	S	512	166	678	0.00005
Cohnella sp. MFER-1	2728023	S	269	41	310	0.00002
Cohnella candidum	2674991	S	673	114	787	0.00005
Cohnella cholangitidis	2598458	S	237	48	285	0.00002
Thermobacillus composti	377615	S	1136	189	1325	0.00009
Saccharibacillus brassicae	2583377	S	865	130	995	0.00007
Bacillus mycoides	1405	S	237	691	928	0.00006
Bacillus subtilis	1423	S	115	5731	5846	0.00039
[Brevibacterium] frigoritolerans	450367	S	175	165	340	0.00002
Bacillus glycinifermentans	1664069	S	172	79	251	0.00002
Geobacillus subterraneus	129338	S	330	558	888	0.00006
Geobacillus genomosp. 3	1921421	S	198	140	338	0.00002
Geobacillus sp. 46C-IIa	1963025	S	103	128	231	0.00002
Geobacillus stearothermophilus	1422	S	161	600	761	0.00005
Hydrogenibacillus sp. N12	2866627	S	1122	312	1434	0.00010
Anoxybacillus sediminis	2613334	S	513	272	785	0.00005
Peribacillus simplex	1478	S	107	144	251	0.00002
Rossellomorea marisflavi	189381	S	199	114	313	0.00002
Priestia megaterium	1404	S	124	459	583	0.00004
Weizmannia coagulans	1398	S	207	136	343	0.00002
Alicyclobacillus acidocaldarius	405212	S	1360	148	1508	0.00010
Alicyclobacillus acidoterrestris	1450	S	200	39	239	0.00002
Alicyclobacillus mengziensis	2931921	S	184	16	200	0.00001
Tumebacillus avium	1903704	S	859	462	1321	0.00009
Tumebacillus algifaecis	1214604	S	367	170	537	0.00004
Kyrpidia spormannii	2055160	S	200	115	315	0.00002
Kyrpidia tusciae	33943	S	154	126	280	0.00002
Effusibacillus dendaii	2743772	S	110	20	130	0.00001
Planococcus plakortidis	1038856	S	142	143	285	0.00002
Planococcus glaciei	459472	S	136	65	201	0.00001
Planococcus lenghuensis	2213202	S	128	46	174	0.00001
Planococcus maritimus	192421	S	121	83	204	0.00001
Planococcus rifietoensis	200991	S	107	117	224	0.00002
Sporosarcina ureae	1571	S	110	82	192	0.00001
Staphylospora marina	2490858	S	330	71	401	0.00003
Kroppenstedtia eburnea	714067	S	218	37	255	0.00002
Novibacillus thermophilus	1471761	S	202	50	252	0.00002
Polycladomyces abyssicola	1125966	S	188	23	211	0.00001
Laceyella sacchari	37482	S	144	44	188	0.00001
Thermoactinomyces vulgaris	2026	S	106	30	136	0.00001
Exiguobacterium alkaliphilum	1428684	S	211	209	420	0.00003
Exiguobacterium mexicanum	340146	S	166	175	341	0.00002
Limosilactobacillus fermentum	1613	S	156	224	380	0.00003
Levilactobacillus zymae	267363	S	143	83	226	0.00002
Lactobacillus delbrueckii	1584	S	148	298	446	0.00003
Schleiferilactobacillus harbinensis	304207	S	162	27	189	0.00001
Faecalibacterium prausnitzii	853	S	1167	1353	2520	0.00017
Dysosmobacter sp. Marseille-Q4140	2830675	S	426	200	626	0.00004
Dysosmobacter welbionis	2093857	S	286	226	512	0.00003
Flavonifractor plautii	292800	S	721	214	935	0.00006
Vescimonas coprocola	2714355	S	197	210	407	0.00003
Vescimonas fastidiosa	2714353	S	177	307	484	0.00003
Ruthenibacterium lactatiformans	1550024	S	374	143	517	0.00003
Ethanoligenens harbinense	253239	S	359	21	380	0.00003
Anaerotruncus colihominis	169435	S	288	165	453	0.00003
Caproiciproducens sp. NJN-50	2507162	S	257	30	287	0.00002
Oscillibacter sp. NSJ-62	2763056	S	228	79	307	0.00002
Acutalibacter muris	1796620	S	191	10	201	0.00001
Ruminococcus champanellensis	1161942	S	112	11	123	0.00001
Pusillibacter faecalis	2714358	S	173	148	321	0.00002
Caproicibacter fermentans	2576756	S	169	10	179	0.00001
Solibaculum mannosilyticum	2780922	S	115	119	234	0.00002
Thermaerobacter sp. FW80	2546351	S	1401	286	1687	0.00011
Thermaerobacter sp. PB12/4term	2293838	S	1054	250	1304	0.00009
Thermaerobacter marianensis	73919	S	1287	298	1585	0.00011
Intestinimonas butyriciproducens	1297617	S	355	156	511	0.00003
Flintibacter sp. KGMB00164	2610895	S	223	31	254	0.00002
Massilistercora timonensis	2086584	S	108	119	227	0.00002
[Clostridium] scindens	29347	S	137	149	286	0.00002
[Clostridium] hylemonae	89153	S	128	100	228	0.00002
Symbiobacterium thermophilum	2734	S	1706	156	1862	0.00013
Hungatella hathewayi	154046	S	126	55	181	0.00001
Candidatus Desulforudis audaxviator	471827	S	435	29	464	0.00003
Desulforamulus ruminis	1564	S	112	33	145	0.00001
Acididesulfobacillus acetoxydans	1561005	S	194	9	203	0.00001
Candidatus Formimonas warabiya	1761012	S	178	16	194	0.00001
Desulfitobacterium hafniense	49338	S	112	39	151	0.00001
Heliomicrobium modesticaldum	35701	S	542	250	792	0.00005
Christensenella sp. Marseille-P3954	2086585	S	439	263	702	0.00005
Christensenella minuta	626937	S	148	48	196	0.00001
Eubacterium limosum	1736	S	102	164	266	0.00002
Desulfoscipio gibsoniae	102134	S	125	11	136	0.00001
Moorella sp. Hama-1	2138101	S	275	45	320	0.00002
Moorella thermoacetica	1525	S	274	39	313	0.00002
Moorella glycerini	55779	S	227	19	246	0.00002
Ammonifex degensii	42838	S	286	12	298	0.00002
Gelria sp. Kuro-4	2796927	S	598	53	651	0.00004
Thermacetogenium phaeum	85874	S	239	228	467	0.00003
Thermosediminibacter oceani	291990	S	105	7	112	0.00001
Selenomonas sp. oral taxon 126	712528	S	311	75	386	0.00003
Selenomonas sp. oral taxon 920	1884263	S	231	49	280	0.00002
Selenomonas sp. oral taxon 478	712538	S	117	155	272	0.00002
Selenomonas sp. oral taxon 136	713030	S	102	128	230	0.00002
Selenomonas sputigena	69823	S	617	53	670	0.00005
Selenomonas timonae	2754044	S	246	102	348	0.00002
Selenomonas ruminantium	971	S	141	15	156	0.00001
Sporomusa termitida	2377	S	156	21	177	0.00001
Methylomusa anaerophila	1930071	S	122	9	131	0.00001
Megasphaera elsdenii	907	S	254	109	363	0.00002
Megasphaera stantonii	2144175	S	244	159	403	0.00003
Acidaminococcus fermentans	905	S	133	22	155	0.00001
Limnochorda pilosa	1555112	S	1577	69	1646	0.00011
Peptoniphilus ivorii	54006	S	160	45	205	0.00001
Synechococcus sp. CBW1004	1353136	S	729	347	1076	0.00007
Synechococcus sp. RSCCF101	2511069	S	638	165	803	0.00005
Synechococcus sp. CBW1107	2789857	S	556	195	751	0.00005
Synechococcus sp. SynAce01	1916956	S	376	51	427	0.00003
Synechococcus sp. CBW1108	1353147	S	367	81	448	0.00003
Synechococcus sp. CB0101	232348	S	335	135	470	0.00003
Synechococcus sp. JA-3-3Ab	321327	S	304	208	512	0.00003
Synechococcus sp. LA31	2741953	S	271	125	396	0.00003
Synechococcus sp. NB0720_10	2907159	S	247	126	373	0.00003
Synechococcus sp. LTW-R	2751170	S	240	116	356	0.00002
Synechococcus sp. RS9909	221352	S	225	223	448	0.00003
Synechococcus sp. PCC 7336	195250	S	212	9	221	0.00001
Synechococcus sp. Minos11	221341	S	194	18	212	0.00001
Synechococcus sp. JA-2-3B'a(2-13)	321332	S	187	123	310	0.00002
Synechococcus sp. WH 8101	59932	S	186	170	356	0.00002
Synechococcus sp. HK01-R	2751171	S	176	55	231	0.00002
Synechococcus sp. KORDI-100	1280380	S	166	15	181	0.00001
Synechococcus sp. A10-1-5-1	2936507	S	149	66	215	0.00001
Synechococcus sp. NOUM97013	1442555	S	138	39	177	0.00001
Synechococcus sp. BMK-MC-1	1442551	S	136	148	284	0.00002
Synechococcus sp. PROS-U-1	1400866	S	128	44	172	0.00001
Synechococcus sp. PROS-7-1	1442556	S	118	147	265	0.00002
Synechococcus sp. KORDI-49	585423	S	113	342	455	0.00003
Synechococcus sp. KORDI-52	585425	S	105	74	179	0.00001
Synechococcus sp. BIOS-E4-1	1400864	S	100	19	119	0.00001
Synechococcus elongatus	32046	S	425	26	451	0.00003
Cyanobium sp. NIES-981	1851505	S	659	201	860	0.00006
Cyanobium sp. NS01	261284	S	525	180	705	0.00005
Cyanobium gracile	59930	S	829	166	995	0.00007
Parasynechococcus marenigrum	2881428	S	159	45	204	0.00001
Prochlorococcus marinus	1219	S	106	19	125	0.00001
Acaryochloris marina	155978	S	116	70	186	0.00001
Chamaesiphon minutus	1173032	S	146	11	157	0.00001
Nostoc sp. 'Lobaria pulmonaria (5183) cyanobiont'	1618022	S	119	208	327	0.00002
Nostoc sp. UHCC 0702	2814655	S	118	140	258	0.00002
Nostoc sp. NIES-4103	2005458	S	108	126	234	0.00002
Nostoc sp. C052	2576902	S	100	221	321	0.00002
Nostoc linckia	92942	S	113	217	330	0.00002
Calothrix sp. NIES-2100	1954172	S	132	193	325	0.00002
Calothrix sp. PCC 7716	2853227	S	130	99	229	0.00002
Calothrix sp. PCC 7507	99598	S	104	90	194	0.00001
Scytonema sp. HK-05	1137095	S	145	89	234	0.00002
Scytonema sp. NIES-4073	2005464	S	123	184	307	0.00002
Brasilonema sennae	1397703	S	105	26	131	0.00001
Leptolyngbya sp. 7M	2812896	S	1016	85	1101	0.00007
Leptolyngbya sp. BL0902	1115757	S	297	26	323	0.00002
Leptolyngbya sp. NIES-3755	1752064	S	125	13	138	0.00001
Leptolyngbya boryana	1184	S	132	0	132	0.00001
Kovacikia minuta	2931930	S	323	44	367	0.00002
Leptothermofonsia sichuanensis	2917832	S	207	23	230	0.00002
Leptodesmis sichuanensis	2906798	S	150	20	170	0.00001
Halomicronema hongdechloris	1209493	S	251	14	265	0.00002
Gloeobacter kilaueensis	1416614	S	1087	34	1121	0.00008
Gloeobacter morelensis	2907343	S	747	306	1053	0.00007
Gloeobacter violaceus	33072	S	670	302	972	0.00007
Anthocerotibacter panamensis	2857077	S	254	7	261	0.00002
Geitlerinema sp. PCC 7407	1173025	S	536	112	648	0.00004
Allocoleopsis franciscana	2886352	S	118	17	135	0.00001
Moorena producens	1155739	S	301	9	310	0.00002
Oscillatoria nigro-viridis	482564	S	150	85	235	0.00002
Oscillatoria acuminata	118323	S	132	11	143	0.00001
Oxynema aestuarii	2874213	S	312	37	349	0.00002
Microcoleus vaginatus	119532	S	179	71	250	0.00002
[Phormidium] sp. ETS-05	222819	S	157	12	169	0.00001
Microcystis aeruginosa	1126	S	150	185	335	0.00002
Chroococcidiopsis sp. CCMEE 29	155894	S	140	151	291	0.00002
Pleurocapsa sp. PCC 7327	118163	S	109	17	126	0.00001
Gloeomargarita lithophora	1188228	S	100	5	105	0.00001
Deinococcus sp. KNUC1210	2917691	S	1046	44	1090	0.00007
Deinococcus sp. TS-293	2737050	S	1031	103	1134	0.00008
Deinococcus sp. NW-56	2080419	S	1010	137	1147	0.00008
Deinococcus sp. AJ005	2652443	S	636	52	688	0.00005
Deinococcus sp. QL22	2939437	S	492	39	531	0.00004
Deinococcus actinosclerus	1768108	S	1461	823	2284	0.00015
Deinococcus gobiensis	502394	S	1388	184	1572	0.00011
Deinococcus maricopensis	309887	S	1354	121	1475	0.00010
Deinococcus ficus	317577	S	1281	117	1398	0.00009
Deinococcus metallilatus	1211322	S	1278	142	1420	0.00010
Deinococcus irradiatisoli	2202254	S	986	90	1076	0.00007
Deinococcus wulumuqiensis	980427	S	886	321	1207	0.00008
Deinococcus peraridilitoris	432329	S	865	44	909	0.00006
Deinococcus radiopugnans	57497	S	844	101	945	0.00006
Deinococcus radiodurans	1299	S	776	263	1039	0.00007
Deinococcus geothermalis	68909	S	682	102	784	0.00005
Deinococcus soli (ex Cha et al. 2016)	1309411	S	655	571	1226	0.00008
Deinococcus psychrotolerans	2489213	S	600	17	617	0.00004
Deinococcus proteolyticus	55148	S	478	98	576	0.00004
Deinococcus deserti	310783	S	435	30	465	0.00003
Deinococcus puniceus	1182568	S	270	39	309	0.00002
Deinococcus radiophilus	32062	S	263	50	313	0.00002
Thermus thermophilus	274	S	585	951	1536	0.00010
Thermus sp. CCB_US3_UF1	1111069	S	320	56	376	0.00003
Thermus oshimai	56957	S	299	71	370	0.00003
Thermus brockianus	56956	S	267	62	329	0.00002
Thermus aquaticus	271	S	241	44	285	0.00002
Thermus caldilimi	2483360	S	106	36	142	0.00001
Oceanithermus profundus	187137	S	1618	174	1792	0.00012
Meiothermus silvanus	52022	S	549	83	632	0.00004
Meiothermus taiwanensis	172827	S	419	133	552	0.00004
Meiothermus ruber	277	S	385	129	514	0.00003
Marinithermus hydrothermalis	186192	S	937	145	1082	0.00007
Truepera radiovictrix	332249	S	1446	79	1525	0.00010
Sphaerobacter thermophilus	2057	S	3387	165	3552	0.00024
Thermomicrobium roseum	500	S	880	15	895	0.00006
Roseiflexus castenholzii	120962	S	1164	123	1287	0.00009
Roseiflexus sp. RS-1	357808	S	1068	103	1171	0.00008
Chloroflexus aurantiacus	1108	S	469	26	495	0.00003
Chloroflexus aggregans	152260	S	448	42	490	0.00003
Candidatus Promineofilum breve	1806508	S	2326	47	2373	0.00016
Tepidiforma bonchosmolovskayae	2601677	S	2214	93	2307	0.00016
Ktedonosporobacter rubrisoli	2509675	S	1464	30	1494	0.00010
Caldilinea aerophila	133453	S	1178	53	1231	0.00008
Anaerolinea thermophila	167964	S	397	23	420	0.00003
Pelolinea submarina	913107	S	322	9	331	0.00002
Brevefilum fermentans	1986204	S	155	3	158	0.00001
Dehalogenimonas formicexedens	1839801	S	246	56	302	0.00002
Dehalogenimonas sp. GP	1536648	S	199	45	244	0.00002
Dehalococcoides mccartyi	61435	S	106	126	232	0.00002
Thermobaculum terrenum	166501	S	417	52	469	0.00003
Phototrophicus methaneseepsis	2710758	S	296	2	298	0.00002
Fimbriimonas ginsengisoli	1005039	S	1547	9	1556	0.00011
Chthonomonas calidirosea	454171	S	419	4	423	0.00003
Gemmata obscuriglobus	114	S	12953	2093	15046	0.00102
Gemmata massiliana	1210884	S	6934	2694	9628	0.00065
Gemmata sp. SH-PL17	1630693	S	6567	2873	9440	0.00064
Urbifossiella limnaea	2528023	S	25839	2305	28144	0.00190
Frigoriglobus tundricola	2774151	S	17692	2868	20560	0.00139
Limnoglobus roseus	2598579	S	12805	603	13408	0.00090
Tuwongella immobilis	692036	S	1995	81	2076	0.00014
Telmatocola sphagniphila	1123043	S	1746	16	1762	0.00012
Singulisphaera acidiphila	466153	S	23587	3162	26749	0.00181
Aquisphaera giovannonii	406548	S	19993	3213	23206	0.00157
Tautonia plasticadhaerens	2527974	S	17319	1470	18789	0.00127
Paludisphaera borealis	1387353	S	15174	3053	18227	0.00123
Isosphaera pallida	128	S	1870	123	1993	0.00013
Lignipirellula cremea	2528010	S	3773	432	4205	0.00028
Stieleria neptunia	2527979	S	1772	197	1969	0.00013
Stieleria maiorica	2795974	S	1696	328	2024	0.00014
Anatilimnocola aggregata	2528021	S	3575	381	3956	0.00027
Rosistilla oblonga	2527990	S	1055	467	1522	0.00010
Rosistilla carotiformis	2528017	S	792	315	1107	0.00007
Rosistilla ulvae	1930277	S	652	355	1007	0.00007
Bremerella volcania	2527984	S	2318	167	2485	0.00017
Pirellula staleyi	125	S	1746	64	1810	0.00012
Pirellula sp. SH-Sr6A	1632865	S	551	15	566	0.00004
Roseimaritima ulvae	980254	S	1625	106	1731	0.00012
Roseimaritima multifibrata	1930274	S	509	58	567	0.00004
Rubripirellula lacrimiformis	1930273	S	909	167	1076	0.00007
Rhodopirellula baltica	265606	S	709	47	756	0.00005
Mariniblastus fucicola	980251	S	668	12	680	0.00005
Aureliella helgolandensis	2527968	S	662	53	715	0.00005
Lacipirellula parvula	2650471	S	5026	649	5675	0.00038
Lacipirellula limnantheis	2528024	S	4386	657	5043	0.00034
Pirellulimonas nuda	2528009	S	4471	527	4998	0.00034
Botrimarina mediterranea	2528022	S	3786	382	4168	0.00028
Aeoliella mucimassa	2527972	S	1728	155	1883	0.00013
Adhaeretor mobilis	1930276	S	1018	107	1125	0.00008
Bythopirellula goksoeyrii	1400387	S	855	67	922	0.00006
Thermogutta terrifontis	1331910	S	657	21	678	0.00005
Planctomyces sp. SH-PL62	1636152	S	11471	3761	15232	0.00103
Planctomyces sp. SH-PL14	1632864	S	5555	353	5908	0.00040
Gimesia panareensis	2527978	S	1591	184	1775	0.00012
Gimesia chilikensis	2605989	S	922	534	1456	0.00010
Gimesia maris	122	S	591	89	680	0.00005
Gimesia algae	2527971	S	442	107	549	0.00004
Gimesia alba	2527973	S	433	74	507	0.00003
Gimesia fumaroli	2527976	S	414	81	495	0.00003
Gimesia aquarii	2527964	S	301	19	320	0.00002
Gimesia benthica	2608982	S	278	374	652	0.00004
Caulifigura coniformis	2527983	S	4527	298	4825	0.00033
Maioricimonas rarisocia	2528026	S	3470	438	3908	0.00026
Alienimonas californiensis	2527989	S	3075	228	3303	0.00022
Symmachiella dynata	2527995	S	1915	113	2028	0.00014
Fuerstiella marisgermanici	1891926	S	1086	19	1105	0.00007
Rubinisphaera brasiliensis	119	S	1006	99	1105	0.00007
Planctopirus ephydatiae	2528019	S	391	169	560	0.00004
Planctopirus limnophila	120	S	332	135	467	0.00003
Calycomorphotria hydatis	2528027	S	920	34	954	0.00006
Crateriforma conspicua	2527996	S	854	157	1011	0.00007
Polystyrenella longa	2528007	S	385	33	418	0.00003
Thalassoglobus polymorphus	2527994	S	375	19	394	0.00003
Humisphaera borealis	2807512	S	7473	191	7664	0.00052
Phycisphaera mikurensis	547188	S	2474	203	2677	0.00018
Mucisphaera calidilacus	2527982	S	1248	65	1313	0.00009
Poriferisphaera corsica	2528020	S	192	1	193	0.00001
Anaerohalosphaera lusitana	1936003	S	322	9	331	0.00002
Limihaloglobus sulfuriphilus	1851148	S	147	9	156	0.00001
Candidatus Kuenenia stuttgartiensis	174633	S	158	0	158	0.00001
Opitutus sp. GAS368	1882749	S	8112	1197	9309	0.00063
Opitutus terrae	107709	S	5046	238	5284	0.00036
Lacunisphaera limnophila	1838286	S	4286	606	4892	0.00033
Nibricoccus aquaticus	2576891	S	3220	148	3368	0.00023
Oleiharenicola sp. KSB-15	2862869	S	2832	153	2985	0.00020
Ereboglobus luteus	1796921	S	1645	86	1731	0.00012
Ruficoccus sp. ZRK36	2866311	S	672	115	787	0.00005
Coraliomargarita akajimensis	395922	S	234	7	241	0.00002
Verrucomicrobium sp. GAS474	1882831	S	2192	265	2457	0.00017
Verrucomicrobium spinosum	2736	S	1941	136	2077	0.00014
Luteolibacter ambystomatis	2824561	S	1907	152	2059	0.00014
Luteolibacter luteus	2728835	S	1848	99	1947	0.00013
Roseimicrobium sp. ORNL1	2711231	S	3016	127	3143	0.00021
Sulfuriroseicoccus oceanibius	2707525	S	531	67	598	0.00004
Akkermansia muciniphila	239935	S	957	119	1076	0.00007
Akkermansia glycaniphila	1679444	S	380	28	408	0.00003
Methylacidimicrobium sp. AP8	2730359	S	606	95	701	0.00005
Methylacidimicrobium sp. B4	2796139	S	557	119	676	0.00005
Candidatus Xiphinematobacter sp. Idaho Grape	1704307	S	308	26	334	0.00002
Kiritimatiella glycovorans	1307763	S	764	978	1742	0.00012
Tichowtungia aerotolerans	2697043	S	357	11	368	0.00002
Candidatus Velamenicoccus archaeovorus	1930593	S	208	0	208	0.00001
Hymenobacter sp. 5317J-9	2932250	S	2633	491	3124	0.00021
Hymenobacter sp. BRD128	2675878	S	2109	244	2353	0.00016
Hymenobacter sp. PAMC 26628	1484118	S	1338	254	1592	0.00011
Hymenobacter sp. PAMC 26554	1484116	S	1331	117	1448	0.00010
Hymenobacter sp. APR13	1356852	S	801	266	1067	0.00007
Hymenobacter sp. 5116S-27	2932249	S	655	89	744	0.00005
Hymenobacter sp. 5116S-3	2932248	S	602	79	681	0.00005
Hymenobacter sp. BRD67	2675877	S	545	377	922	0.00006
Hymenobacter sp. DG01	2584940	S	537	121	658	0.00004
Hymenobacter sp. BT18	2835648	S	514	57	571	0.00004
Hymenobacter sp. 5420S-77	2932254	S	512	56	568	0.00004
Hymenobacter sp. DG25B	1385664	S	485	148	633	0.00004
Hymenobacter sp. NBH84	2596915	S	481	62	543	0.00004
Hymenobacter sp. 5413J-13	2932251	S	428	54	482	0.00003
Hymenobacter sp. S2-20-2	2761579	S	406	53	459	0.00003
Hymenobacter sp. DG25A	1385663	S	378	119	497	0.00003
Hymenobacter sp. HDW8	2714932	S	168	381	549	0.00004
Hymenobacter sp. 5516S-25	2933777	S	141	474	615	0.00004
Hymenobacter sp. 5516J-16	2932253	S	132	471	603	0.00004
Hymenobacter sedentarius	1411621	S	2586	316	2902	0.00020
Hymenobacter monticola	1705399	S	2424	348	2772	0.00019
Hymenobacter jejuensis	2502781	S	1181	80	1261	0.00009
Hymenobacter busanensis	2607656	S	838	77	915	0.00006
Hymenobacter nivis	1850093	S	829	161	990	0.00007
Hymenobacter oligotrophus	2319843	S	600	60	660	0.00004
Hymenobacter swuensis	1446467	S	501	85	586	0.00004
Hymenobacter baengnokdamensis	2615203	S	478	369	847	0.00006
Hymenobacter tibetensis	497967	S	438	54	492	0.00003
Hymenobacter qilianensis	1385715	S	377	52	429	0.00003
Hymenobacter radiodurans	2496028	S	164	388	552	0.00004
Pontibacter russatus	2694929	S	675	72	747	0.00005
Pontibacter actiniarum	323450	S	339	78	417	0.00003
Pontibacter akesuensis	388950	S	291	41	332	0.00002
Pontibacter sp. SGAir0037	2571030	S	173	28	201	0.00001
Pontibacter korlensis	400092	S	169	23	192	0.00001
Pontibacter pudoricolor	2694930	S	165	18	183	0.00001
Rufibacter radiotolerans	1379910	S	247	25	272	0.00002
Rufibacter tibetensis	512763	S	183	27	210	0.00001
Rufibacter sp. DG15C	1379909	S	169	69	238	0.00002
Adhaeribacter swui	2086471	S	243	22	265	0.00002
Adhaeribacter radiodurans	2745197	S	203	16	219	0.00001
Nibribacter ruber	2698458	S	162	64	226	0.00002
Chryseolinea soli	2321403	S	7007	200	7207	0.00049
Fulvivirga sp. SS9-22	2904245	S	129	29	158	0.00001
Spirosoma sp. CJU-R4	2728024	S	565	37	602	0.00004
Spirosoma sp. KCTC 42546	2520506	S	354	38	392	0.00003
Spirosoma sp. KCTC 72228	2710596	S	303	33	336	0.00002
Spirosoma sp. KUDC1026	2745947	S	299	23	322	0.00002
Spirosoma sp. RHs26	2898794	S	286	17	303	0.00002
Spirosoma taeanense	2735870	S	391	30	421	0.00003
Spirosoma rigui	564064	S	368	22	390	0.00003
Spirosoma montaniterrae	1178516	S	365	21	386	0.00003
Spirosoma pollinicola	2057025	S	354	42	396	0.00003
Spirosoma radiotolerans	1379870	S	346	22	368	0.00002
Spirosoma endbachense	2666025	S	312	122	434	0.00003
Spirosoma aerolatum	1211326	S	294	12	306	0.00002
Spirosoma aureum	2692134	S	231	109	340	0.00002
Rhodocytophaga rosea	2704465	S	288	11	299	0.00002
Dyadobacter fermentans	94254	S	621	60	681	0.00005
Dyadobacter sp. LJ419	2906456	S	251	18	269	0.00002
Dyadobacter sp. NIV53	2861765	S	193	12	205	0.00001
Dyadobacter sandarakinus	2747268	S	250	25	275	0.00002
Fibrella aestuarina	651143	S	734	57	791	0.00005
Fibrella sp. ES10-3-2-2	1834519	S	418	30	448	0.00003
Runella slithyformis	106	S	270	17	287	0.00002
Runella rosea	2259595	S	213	17	230	0.00002
Runella sp. SP2	2268026	S	163	10	173	0.00001
Larkinella sp. IE-0392	2907205	S	220	15	235	0.00002
Echinicola rosea	1807691	S	104	68	172	0.00001
Mucilaginibacter xinganensis	1234841	S	4163	240	4403	0.00030
Mucilaginibacter sp. SMC90	2929803	S	1385	102	1487	0.00010
Mucilaginibacter sp. 14171R-50	2703789	S	1169	92	1261	0.00009
Mucilaginibacter sp. 21P	2778902	S	836	67	903	0.00006
Mucilaginibacter sp. F39-2	2728022	S	438	34	472	0.00003
Mucilaginibacter ginsenosidivorax	862126	S	2495	121	2616	0.00018
Mucilaginibacter gotjawali	1550579	S	2285	85	2370	0.00016
Mucilaginibacter ginsenosidivorans	398053	S	1932	82	2014	0.00014
Mucilaginibacter mallensis	652787	S	1779	76	1855	0.00013
Mucilaginibacter celer	2305508	S	1468	75	1543	0.00010
Mucilaginibacter mali	2740462	S	1263	55	1318	0.00009
Mucilaginibacter rubeus	2027860	S	1232	3740	4972	0.00034
Mucilaginibacter paludis	423351	S	867	51	918	0.00006
Mucilaginibacter gossypii	551996	S	561	518	1079	0.00007
Mucilaginibacter daejeonensis	398049	S	508	36	544	0.00004
Mucilaginibacter ginkgonis	2682091	S	486	28	514	0.00003
Pedobacter sp. HDW13	2714940	S	306	44	350	0.00002
Pedobacter sp. SW-16	2766984	S	297	61	358	0.00002
Pedobacter sp. D749	2856523	S	262	95	357	0.00002
Pedobacter sp. KBS0701	2578106	S	208	74	282	0.00002
Pedobacter sp. Q8-18	2895286	S	187	17	204	0.00001
Pedobacter sp. G11	2482728	S	185	28	213	0.00001
Pedobacter sp. PACM 27299	1727164	S	138	23	161	0.00001
Pedobacter heparinus	984	S	295	29	324	0.00002
Pedobacter roseus	336820	S	293	90	383	0.00003
Pedobacter endophyticus	2789740	S	239	26	265	0.00002
Pedobacter ginsengisoli	363852	S	213	34	247	0.00002
Pedobacter suwonensis	332999	S	207	48	255	0.00002
Pedobacter schmidteae	2201271	S	206	21	227	0.00002
Pedobacter steynii	430522	S	184	20	204	0.00001
Pedobacter cryoconitis	188932	S	160	19	179	0.00001
Pedobacter aquae	2605747	S	109	13	122	0.00001
Sphingobacterium spiritivorum	258	S	213	352	565	0.00004
Sphingobacterium thalpophilum	259	S	129	288	417	0.00003
Olivibacter sp. LS-1	2592345	S	133	10	143	0.00001
Olivibacter sp. SDN3	2764720	S	125	27	152	0.00001
Solitalea canadensis	995	S	137	28	165	0.00001
Anseongella ginsenosidimutans	496056	S	247	13	260	0.00002
Niastella koreensis	354356	S	5357	470	5827	0.00039
Chitinophaga sp. XS-30	2604421	S	588	218	806	0.00005
Chitinophaga sp. KRA15-503	2829818	S	406	224	630	0.00004
Chitinophaga oryzae	2725414	S	663	91	754	0.00005
Chitinophaga filiformis	104663	S	452	66	518	0.00004
Chitinophaga pinensis	79329	S	373	73	446	0.00003
Chitinophaga agri	2703787	S	314	74	388	0.00003
Chitinophaga alhagiae	2203219	S	298	10	308	0.00002
Chitinophaga caeni	2029983	S	221	45	266	0.00002
Flavisolibacter ginsenosidimutans	661481	S	743	37	780	0.00005
Flavisolibacter tropicus	1492898	S	489	60	549	0.00004
Flavihumibacter sp. IMCC34837	2838157	S	640	42	682	0.00005
Flavihumibacter sp. IMCC34838	2838156	S	564	48	612	0.00004
Paraflavitalea soli	2315862	S	1212	78	1290	0.00009
Panacibacter ginsenosidivorans	1813871	S	1192	50	1242	0.00008
Ferruginibacter lapsinanis	563172	S	496	49	545	0.00004
Ferruginibacter sp. KIS38-8	2875540	S	489	49	538	0.00004
Arachidicoccus sp. BS20	1850526	S	237	121	358	0.00002
Arachidicoccus sp. 5GH13-10	2875539	S	174	23	197	0.00001
Arachidicoccus sp. B3-10	2545455	S	131	9	140	0.00001
Arachidicoccus ginsenosidivorans	496057	S	166	23	189	0.00001
Arachidicoccus soli	2341117	S	160	15	175	0.00001
Niabella ginsenosidivorans	1176587	S	439	43	482	0.00003
Niabella soli	446683	S	417	48	465	0.00003
Pseudobacter ginsenosidimutans	661488	S	709	52	761	0.00005
Pseudocnuella soli	2502779	S	692	75	767	0.00005
Lacibacter sp. S13-6-6	2760713	S	663	27	690	0.00005
Filimonas lacunae	477680	S	479	50	529	0.00004
Phnomibacter ginsenosidimutans	2676868	S	428	49	477	0.00003
Flavobacterium sp. HJ-32-4	1160795	S	221	124	345	0.00002
Flavobacterium sp. MDT1-60	1979344	S	144	199	343	0.00002
Flavobacterium sp. KBS0721	1179672	S	104	209	313	0.00002
Flavobacterium sangjuense	2518177	S	203	181	384	0.00003
Flavobacterium magnum	2162713	S	177	151	328	0.00002
Flavobacterium pallidum	2172098	S	175	139	314	0.00002
Flavobacterium album	2175091	S	167	109	276	0.00002
Flavobacterium johnsoniae	986	S	106	299	405	0.00003
Robiginitalea biformata	252307	S	215	85	300	0.00002
Sinomicrobium sp. HD2P242	2900738	S	129	51	180	0.00001
Chryseobacterium indologenes	253	S	103	649	752	0.00005
Alistipes communis	2585118	S	507	570	1077	0.00007
Alistipes onderdonkii	328813	S	491	832	1323	0.00009
Alistipes dispar	2585119	S	464	66	530	0.00004
Alistipes senegalensis	1288121	S	398	80	478	0.00003
Alistipes finegoldii	214856	S	385	444	829	0.00006
Alistipes megaguti	2364787	S	370	50	420	0.00003
Alistipes shahii	328814	S	333	206	539	0.00004
Alistipes sp. dk3624	2662363	S	317	102	419	0.00003
Alistipes indistinctus	626932	S	285	89	374	0.00003
Prevotella dentalis	52227	S	227	181	408	0.00003
Parabacteroides goldsteinii	328812	S	109	148	257	0.00002
Tannerella serpentiformis	712710	S	249	17	266	0.00002
Tannerella forsythia	28112	S	134	15	149	0.00001
Sodaliphilus pleomorphus	2606626	S	256	213	469	0.00003
Porphyromonas sp. oral taxon 275	712435	S	233	36	269	0.00002
Petrimonas mucosa	1642646	S	111	5	116	0.00001
Barnesiella viscericola	397865	S	146	292	438	0.00003
Rhodothermus marinus	29549	S	2543	157	2700	0.00018
Rhodocaloribacter litoris	2558931	S	2425	264	2689	0.00018
Salinibacter ruber	146919	S	1605	30	1635	0.00011
Haliscomenobacter hydrossis	2350	S	326	6	332	0.00002
Chlorobaculum limnaeum	274537	S	674	106	780	0.00005
Chlorobaculum parvum	274539	S	378	69	447	0.00003
Chlorobaculum tepidum	1097	S	355	96	451	0.00003
Pelodictyon luteolum	1100	S	270	45	315	0.00002
Chlorobium limicola	1092	S	155	10	165	0.00001
Chlorobium phaeobacteroides	1096	S	112	12	124	0.00001
Prosthecochloris sp. GSB1	281093	S	316	21	337	0.00002
Prosthecochloris sp. HL-130-GSB	1974213	S	107	17	124	0.00001
Prosthecochloris sp. CIB 2401	1868325	S	101	24	125	0.00001
Prosthecochloris aestuarii	1102	S	115	9	124	0.00001
Chloroherpeton thalassium	100716	S	178	3	181	0.00001
Candidatus Cyclonatronum proteinivorum	1457365	S	263	26	289	0.00002
Melioribacter roseus	1134405	S	106	10	116	0.00001
Gemmatirosa kalamazoonesis	861299	S	20941	2268	23209	0.00157
Gemmatimonas groenlandica	2732249	S	4490	473	4963	0.00034
Gemmatimonas aurantiaca	173480	S	2992	283	3275	0.00022
Gemmatimonas phototrophica	1379270	S	2534	320	2854	0.00019
Fibrobacter succinogenes	833	S	164	3	167	0.00001
Granulicella sp. WH15	2602070	S	6797	1159	7956	0.00054
Granulicella sp. 5B5	1617967	S	5512	837	6349	0.00043
Granulicella mallensis	940614	S	6510	723	7233	0.00049
Granulicella tundricola	940615	S	6004	732	6736	0.00045
Terriglobus albidus	1592106	S	6285	543	6828	0.00046
Terriglobus roseus	392734	S	6099	1139	7238	0.00049
Terriglobus saanensis	870903	S	3312	383	3695	0.00025
Edaphobacter sp. 12200R-103	2703788	S	7856	1202	9058	0.00061
Edaphobacter sp. 4G125	2763071	S	5520	716	6236	0.00042
Acidobacterium sp. 4Y35	2763107	S	8671	539	9210	0.00062
Acidobacterium capsulatum	33075	S	4736	534	5270	0.00036
Candidatus Koribacter versatilis	658062	S	7708	246	7954	0.00054
Acidisarcina polymorpha	2211140	S	4943	322	5265	0.00036
Paludibaculum fermentans	1473598	S	8721	216	8937	0.00060
Luteitalea pratensis	1855912	S	23720	2629	26349	0.00178
Luteitalea sp. TBR-22	2802971	S	20377	3622	23999	0.00162
Chloracidobacterium aggregatum	2851959	S	861	1188	2049	0.00014
Chloracidobacterium validum	2821543	S	766	17	783	0.00005
Sulfidibacter corallicola	2818388	S	1706	39	1745	0.00012
Nitrospira moscoviensis	42253	S	1897	122	2019	0.00014
Nitrospira japonica	1325564	S	1037	84	1121	0.00008
Candidatus Nitrospira inopinata	1715989	S	790	49	839	0.00006
Nitrospira sp. KM1	1936990	S	667	41	708	0.00005
Treponema brennaborense	81028	S	153	154	307	0.00002
Treponema primitia	88058	S	113	43	156	0.00001
Spirochaeta thermophila	154	S	401	11	412	0.00003
Spirochaeta africana	46355	S	165	8	173	0.00001
Sphaerochaeta associata	1129264	S	110	11	121	0.00001
Breznakiella homolactica	2798577	S	154	15	169	0.00001
Turneriella parva	29510	S	295	3	298	0.00002
Pyramidobacter piscolens	638849	S	523	28	551	0.00004
Fretibacterium fastidiosum	651822	S	450	7	457	0.00003
Aminomonas paucivorans	81412	S	396	35	431	0.00003
Cloacibacillus porcorum	1197717	S	360	80	440	0.00003
Thermanaerovibrio acidaminovorans	81462	S	194	59	253	0.00002
Thermanaerovibrio velox	108007	S	114	18	132	0.00001
Jonquetella anthropi	428712	S	204	34	238	0.00002
Candidatus Bipolaricaulis anaerobius	2026885	S	457	22	479	0.00003
Thermosulfurimonas marina	2047767	S	144	23	167	0.00001
Caldithrix abyssi	187145	S	304	3	307	0.00002
Desulfurispirillum indicum	936456	S	229	139	368	0.00002
Fusarium acuminatum	5515	S	5432	629	6061	0.00041
Fusarium avenaceum	40199	S	494	38	532	0.00004
Fusarium longipes	694270	S	213	17	230	0.00002
Fusarium sambucinum	5128	S	173	132	305	0.00002
Fusarium poae	36050	S	168	94	262	0.00002
Fusarium pseudograminearum	101028	S	149	128	277	0.00002
Fusarium sporotrichioides	5514	S	144	26	170	0.00001
Fusarium fujikuroi	5127	S	162	41	203	0.00001
Fusarium pseudonygamai	47755	S	140	82	222	0.00001
Fusarium thapsinum	120644	S	120	63	183	0.00001
Fusarium nygamai	42673	S	109	81	190	0.00001
Fusarium decemcellulare	57161	S	522	17	539	0.00004
Fusarium oxysporum	5507	S	472	349	821	0.00006
Fusarium scirpi	2211609	S	197	59	256	0.00002
Fusarium equiseti	61235	S	179	59	238	0.00002
Fusarium heterosporum	42747	S	172	34	206	0.00001
Fusarium graminum	86546	S	167	33	200	0.00001
Fusarium chlamydosporum	86545	S	147	50	197	0.00001
Fusarium nelsonii	77846	S	133	48	181	0.00001
Fusarium lateritium	5523	S	348	17	365	0.00002
Fusarium dimerum	57145	S	340	15	355	0.00002
Trichoderma pleuroti	500994	S	528	218	746	0.00005
Trichoderma reesei	51453	S	498	139	637	0.00004
Trichoderma citrinoviride	58853	S	429	187	616	0.00004
Trichoderma gamsii	398673	S	378	241	619	0.00004
Trichoderma atroviride	63577	S	312	254	566	0.00004
Trichoderma afroharzianum	1567482	S	283	286	569	0.00004
Trichoderma hamatum	49224	S	265	70	335	0.00002
Trichoderma harzianum	5544	S	263	274	537	0.00004
Trichoderma asperellum	101201	S	244	65	309	0.00002
Trichoderma koningiopsis	337941	S	236	134	370	0.00003
Trichoderma erinaceum	202914	S	211	130	341	0.00002
Metarhizium album	92629	S	813	37	850	0.00006
Metarhizium rileyi	1649241	S	460	123	583	0.00004
Metarhizium guizhouense	169041	S	380	270	650	0.00004
Metarhizium acridum	92637	S	266	256	522	0.00004
Metarhizium anisopliae	5530	S	201	408	609	0.00004
Metarhizium majus	1650735	S	174	105	279	0.00002
Metarhizium brunneum	500148	S	160	177	337	0.00002
Metarhizium humberi	2596975	S	136	110	246	0.00002
Metarhizium robertsii	568076	S	106	100	206	0.00001
Ustilaginoidea virens	1159556	S	814	58	872	0.00006
Pochonia chlamydosporia	280754	S	632	57	689	0.00005
Beauveria felina	37994	S	803	60	863	0.00006
Beauveria pseudobassiana	931006	S	625	92	717	0.00005
Beauveria brongniartii	118266	S	339	84	423	0.00003
Beauveria rudraprayagi	1481906	S	282	326	608	0.00004
Beauveria bassiana	176275	S	260	315	575	0.00004
Cordyceps fumosorosea	114497	S	1189	94	1283	0.00009
Purpureocillium lilacinum	33203	S	1414	134	1548	0.00010
Drechmeria coniospora	98403	S	1048	66	1114	0.00008
Clonostachys rosea	29856	S	779	79	858	0.00006
Colletotrichum higginsianum	80884	S	1399	430	1829	0.00012
Thermothielavioides terrestris	2587410	S	1633	131	1764	0.00012
Thermothelomyces thermophilus	78579	S	1256	73	1329	0.00009
Neurospora crassa	5141	S	589	39	628	0.00004
Pyricularia pennisetigena	1578925	S	507	74	581	0.00004
Pyricularia oryzae	318829	S	482	119	601	0.00004
Pyricularia grisea	148305	S	426	61	487	0.00003
Neopestalotiopsis rosae	1562205	S	267	233	500	0.00003
Neopestalotiopsis clavispora	289240	S	234	221	455	0.00003
Botrytis cinerea	40559	S	523	7	530	0.00004
Penicillium chrysogenum	5076	S	335	74	409	0.00003
Penicillium citrinum	5077	S	312	71	383	0.00003
Penicillium aurantiogriseum	36655	S	265	103	368	0.00002
Penicillium expansum	27334	S	253	104	357	0.00002
Penicillium italicum	40296	S	213	81	294	0.00002
Penicillium digitatum	36651	S	172	38	210	0.00001
Aspergillus puulaauensis	1220207	S	336	25	361	0.00002
Aspergillus luchuensis	1069201	S	331	47	378	0.00003
Aspergillus fumigatus	746128	S	321	35	356	0.00002
Aspergillus chevalieri	182096	S	265	50	315	0.00002
Paecilomyces niveus	5093	S	277	16	293	0.00002
Paecilomyces variotii	264951	S	228	34	262	0.00002
Talaromyces rugulosus	121627	S	402	44	446	0.00003
Ampelomyces quisqualis	50730	S	703	123	826	0.00006
Paraphaeosphaeria minitans	565426	S	699	389	1088	0.00007
Zymoseptoria tritici	1047171	S	522	23	545	0.00004
Cercospora beticola	122368	S	408	7	415	0.00003
Eremothecium gossypii	33169	S	190	259	449	0.00003
Yarrowia lipolytica	4952	S	153	2	155	0.00001
Pseudozyma flocculosa	84751	S	1939	31	1970	0.00013
Sporisorium graminicola	280036	S	488	129	617	0.00004
Ustilago maydis	5270	S	357	16	373	0.00003
Malassezia restricta	76775	S	216	71	287	0.00002
Phlebiopsis gigantea	82310	S	834	64	898	0.00006
Rhizoctonia solani	456999	S	302	54	356	0.00002
Marasmius oreades	181124	S	774	132	906	0.00006
Cryptococcus neoformans	5207	S	180	81	261	0.00002
Phytophthora cinnamomi	4785	S	1294	156	1450	0.00010
Phytophthora fragariae	53985	S	1003	103	1106	0.00007
Phytophthora cryptogea	4786	S	583	34	617	0.00004
Phytophthora infestans	4787	S	548	983	1531	0.00010
Phytophthora cactorum	29920	S	415	44	459	0.00003
Phytophthora boehmeriae	109152	S	331	28	359	0.00002
Phytophthora parasitica	4792	S	276	25	301	0.00002
Pythium aphanidermatum	65070	S	506	7	513	0.00003
