name	taxonomy_id	taxonomy_lvl	kraken_assigned_reads	added_reads	new_est_reads	fraction_total_reads
Streptomyces sp. CdTB01	1725411	S	27946	8755	36701	0.00103
Streptomyces sp. A2-16	2781734	S	27238	9204	36442	0.00102
Streptomyces sp. SN-593	659352	S	24596	6395	30991	0.00087
Streptomyces sp. SCSIO 64649	2878388	S	22691	4408	27099	0.00076
Streptomyces sp. CB01881	2078691	S	20048	4111	24159	0.00068
Streptomyces sp. So13.3	2136173	S	19822	4106	23928	0.00067
Streptomyces sp. ZYC-3	2797636	S	17310	3755	21065	0.00059
Streptomyces sp. NHF165	2175864	S	16963	3205	20168	0.00056
Streptomyces sp. P3	2135430	S	16754	4609	21363	0.00060
Streptomyces sp. MA3_2.13	2867410	S	16380	2285	18665	0.00052
Streptomyces sp. ST1015	1848900	S	16329	3771	20100	0.00056
Streptomyces sp. BH-MK-02	2880933	S	16102	3845	19947	0.00056
Streptomyces sp. 3214.6	1882757	S	15801	5067	20868	0.00058
Streptomyces sp. SCUT-3	2684469	S	14693	6290	20983	0.00059
Streptomyces sp. LRE541	2931983	S	14342	3605	17947	0.00050
Streptomyces sp. 3025	2923272	S	14151	2735	16886	0.00047
Streptomyces sp. NA02950	2742137	S	14017	3049	17066	0.00048
Streptomyces sp. Z423-1	2730915	S	13506	4275	17781	0.00050
Streptomyces sp. RTd22	1841249	S	13144	5685	18829	0.00053
Streptomyces sp. 891-h	2720714	S	12874	2575	15449	0.00043
Streptomyces sp. GQFP	2907545	S	12825	2417	15242	0.00043
Streptomyces sp. YIM 121038	2136401	S	12773	4071	16844	0.00047
Streptomyces sp. MBT27	1488356	S	12596	4080	16676	0.00047
Streptomyces sp. Rer75	2750011	S	12551	5949	18500	0.00052
Streptomyces sp. SAT1	1849967	S	12283	4986	17269	0.00048
Streptomyces sp. HM190	2695266	S	12198	4248	16446	0.00046
Streptomyces sp. GMY02	1333528	S	12139	2374	14513	0.00041
Streptomyces sp. MST-110588	2833628	S	11924	3196	15120	0.00042
Streptomyces sp. NEAU-sy36	2751189	S	11911	4805	16716	0.00047
Streptomyces sp. WAC 01438	2203204	S	11909	4399	16308	0.00046
Streptomyces sp. AMCC400023	2056258	S	11547	4999	16546	0.00046
Streptomyces sp. W1SF4	2305220	S	11534	4415	15949	0.00045
Streptomyces sp. NA04227	2742136	S	11392	2894	14286	0.00040
Streptomyces sp. DSM 40868	2721173	S	11378	4495	15873	0.00044
Streptomyces sp. GS7	2692234	S	11360	3305	14665	0.00041
Streptomyces sp. C8S0	2585716	S	11219	3489	14708	0.00041
Streptomyces sp. RPA4-2	2721244	S	10907	3464	14371	0.00040
Streptomyces sp. Go-475	2072505	S	10864	5357	16221	0.00045
Streptomyces sp. MG28	2865673	S	10680	4098	14778	0.00041
Streptomyces sp. Go 40/10	2825844	S	10595	5027	15622	0.00044
Streptomyces sp. QHH-9511	2684468	S	10570	3159	13729	0.00038
Streptomyces sp. JB150	2714844	S	10475	3728	14203	0.00040
Streptomyces sp. BJ20	2930049	S	10419	4600	15019	0.00042
Streptomyces sp. BHT-5-2	2866715	S	10057	3366	13423	0.00038
Streptomyces sp. MG62	2838015	S	10009	4049	14058	0.00039
Streptomyces sp. CMB-StM0423	2059884	S	9735	4728	14463	0.00040
Streptomyces sp. 135	2838850	S	9383	3268	12651	0.00035
Streptomyces sp. SirexAA-E	862751	S	9352	3004	12356	0.00035
Streptomyces sp. SM18	1736046	S	9327	2790	12117	0.00034
Streptomyces sp. HSG2	2797167	S	8512	2080	10592	0.00030
Streptomyces sp. fd1-xmd	1812480	S	8471	3892	12363	0.00035
Streptomyces sp. Tu 2975	2676871	S	8454	2884	11338	0.00032
Streptomyces sp. HP-A2021	2927875	S	8366	4926	13292	0.00037
Streptomyces sp. WAC 01529	2203205	S	8320	3148	11468	0.00032
Streptomyces sp. SYP-A7193	2662065	S	8213	5080	13293	0.00037
Streptomyces sp. INR7	2607753	S	8101	4276	12377	0.00035
Streptomyces sp. S4.7	2705439	S	7444	2637	10081	0.00028
Streptomyces sp. TN58	234612	S	7368	3536	10904	0.00031
Streptomyces sp. jing01	2726118	S	7094	4166	11260	0.00032
Streptomyces sp. S1D4-11	2721246	S	6478	4765	11243	0.00031
Streptomyces sp. CB09001	2083284	S	6478	4389	10867	0.00030
Streptomyces sp. SUK 48	2582831	S	6342	4078	10420	0.00029
Streptomyces sp. WAC 06738	2203210	S	6099	6020	12119	0.00034
Streptomyces sp. WY228	2855836	S	6070	3305	9375	0.00026
Streptomyces sp. CNQ-509	444103	S	5669	5486	11155	0.00031
Streptomyces sp. 2323.1	1938841	S	5411	3333	8744	0.00024
Streptomyces sp. ADI95-16	1522758	S	5360	4775	10135	0.00028
Streptomyces sp. YPW6	2840373	S	5349	2828	8177	0.00023
Streptomyces sp. HF10	2692233	S	5339	3845	9184	0.00026
Streptomyces sp. Mg1	465541	S	5056	4799	9855	0.00028
Streptomyces sp. CCM_MD2014	1561022	S	5043	4596	9639	0.00027
Streptomyces sp. 769	1262452	S	4714	3569	8283	0.00023
Streptomyces sp. AgN23	1188315	S	4536	4012	8548	0.00024
Streptomyces sp. RPA4-5	2721245	S	4349	2821	7170	0.00020
Streptomyces sp. S063	2005885	S	3852	2689	6541	0.00018
Streptomyces sp. S8	1837283	S	3619	3143	6762	0.00019
Streptomyces sp. 3211	1964449	S	3527	4640	8167	0.00023
Streptomyces sp. NEAU-S7GS2	2202000	S	3337	2754	6091	0.00017
Streptomyces sp. EAS-AB2608	2779671	S	3241	5344	8585	0.00024
Streptomyces sp. PBH53	1577075	S	3176	4853	8029	0.00022
Streptomyces sp. ID38640	1265399	S	3163	2239	5402	0.00015
Streptomyces sp. XC 2026	2782004	S	3084	2656	5740	0.00016
Streptomyces sp. WA6-1-16	2879427	S	3035	3088	6123	0.00017
Streptomyces sp. MOE7	1961713	S	2947	3534	6481	0.00018
Streptomyces sp. Sge12	1972846	S	2909	4713	7622	0.00021
Streptomyces sp. M2	646637	S	2782	16171	18953	0.00053
Streptomyces sp. CRSS-Y-16	2906474	S	2702	16620	19322	0.00054
Streptomyces sp. HNA39	2850561	S	2651	3041	5692	0.00016
Streptomyces sp. RLB1-33	2721243	S	2624	7713	10337	0.00029
Streptomyces sp. Tue 6075	1661694	S	2395	2745	5140	0.00014
Streptomyces sp. 11-1-2	1851167	S	2391	4440	6831	0.00019
Streptomyces sp. CB00271	2750025	S	2137	2887	5024	0.00014
Streptomyces sp. CFMR 7	1649184	S	2044	3517	5561	0.00016
Streptomyces sp. CLI2509	1984801	S	1994	7396	9390	0.00026
Streptomyces sp. WAC00303	2933779	S	1951	2796	4747	0.00013
Streptomyces sp. NA02536	2742133	S	1764	4671	6435	0.00018
Streptomyces sp. M56	1495638	S	1736	4585	6321	0.00018
Streptomyces sp. CB04723	2748873	S	1689	3006	4695	0.00013
Streptomyces sp. Tu6071	355249	S	1548	5124	6672	0.00019
Streptomyces sp. PAMC 26508	1265601	S	1360	5243	6603	0.00018
Streptomyces sp. endophyte_N2	2153485	S	1291	3763	5054	0.00014
Streptomyces sp. HU2014	2939414	S	1290	4427	5717	0.00016
Streptomyces sp. A144	2871487	S	1249	6052	7301	0.00020
Streptomyces sp. S501	2420135	S	1141	4749	5890	0.00016
Streptomyces sp. SGAir0924	2109593	S	1140	6006	7146	0.00020
Streptomyces sp. CB09030	2913412	S	1121	3760	4881	0.00014
Streptomyces sp. V17-9	2831149	S	1085	5450	6535	0.00018
Streptomyces sp. WAC00288	2094021	S	1072	4462	5534	0.00015
Streptomyces sp. SS52	2563602	S	1039	5285	6324	0.00018
Streptomyces sp. WA1-19	2884220	S	1031	5535	6566	0.00018
Streptomyces sp. VN1	1821625	S	1022	4340	5362	0.00015
Streptomyces sp. BSE6.1	2605730	S	995	4753	5748	0.00016
Streptomyces sp. NA03103	2742134	S	931	6398	7329	0.00021
Streptomyces sp. CC0208	2306165	S	885	24019	24904	0.00070
Streptomyces sp. A1-5	2738410	S	815	3809	4624	0.00013
Streptomyces sp. S1A1-7	2594459	S	800	8248	9048	0.00025
Streptomyces sp. 2114.2	1881022	S	776	4840	5616	0.00016
Streptomyces sp. LBUM 1480	2609808	S	715	7278	7993	0.00022
Streptomyces sp. GF20	2692235	S	681	3876	4557	0.00013
Streptomyces sp. R527F	1664033	S	663	3779	4442	0.00012
Streptomyces sp. KPB2	2305221	S	652	5668	6320	0.00018
Streptomyces sp. CA-256286	2801033	S	575	3570	4145	0.00012
Streptomyces sp. RLB3-17	2594455	S	498	8559	9057	0.00025
Streptomyces sp. NBU3104	2911367	S	495	3297	3792	0.00011
Streptomyces sp. FR-008	206662	S	491	4065	4556	0.00013
Streptomyces sp. 604F	1476754	S	432	4114	4546	0.00013
Streptomyces sp. LBUM 1482	2609809	S	385	10184	10569	0.00030
Streptomyces sp. RLB3-6	2594457	S	378	13058	13436	0.00038
Streptomyces sp. PLM4	2929798	S	371	3106	3477	0.00010
Streptomyces sp. GBA 94-10	1218177	S	359	4834	5193	0.00015
Streptomyces sp. OUCMDZ-3434	1535304	S	342	3778	4120	0.00012
Streptomyces sp. S1D4-20	2594462	S	324	9693	10017	0.00028
Streptomyces sp. PVA_94-07	1225337	S	307	4777	5084	0.00014
Streptomyces sp. A10(2020)	2782013	S	289	3413	3702	0.00010
Streptomyces sp. LBUM 1475	2609807	S	281	8719	9000	0.00025
Streptomyces sp. RLB1-9	2594454	S	203	12315	12518	0.00035
Streptomyces sp. S1D4-23	2594463	S	193	11371	11564	0.00032
Streptomyces sp. S1D4-14	2594461	S	170	12215	12385	0.00035
Streptomyces venezuelae	54571	S	66378	25114	91492	0.00256
Streptomyces cadmiisoli	2184053	S	13353	3369	16722	0.00047
Streptomyces aurantiacus	47760	S	12063	2933	14996	0.00042
Streptomyces qaidamensis	1783515	S	11120	4632	15752	0.00044
Streptomyces alboniger	132473	S	7397	2737	10134	0.00028
Streptomyces koyangensis	188770	S	5223	5180	10403	0.00029
Streptomyces hygroscopicus	1912	S	19967	27422	47389	0.00133
Streptomyces rapamycinicus	1226757	S	13910	3126	17036	0.00048
Streptomyces violaceusniger	68280	S	5175	3294	8469	0.00024
Streptomyces yatensis	155177	S	5104	3590	8694	0.00024
Streptomyces malaysiensis	92644	S	1296	3769	5065	0.00014
Streptomyces chartreusis	1969	S	27431	11677	39108	0.00109
Streptomyces griseus	1911	S	10750	9231	19981	0.00056
Streptomyces sp. M54	2759525	S	1115	2782	3897	0.00011
Streptomyces anulatus	1892	S	7686	7736	15422	0.00043
Streptomyces microflavus	1919	S	3885	16611	20496	0.00057
Streptomyces globisporus	1908	S	3051	21568	24619	0.00069
Streptomyces griseorubiginosus	67304	S	26377	8682	35059	0.00098
Streptomyces albus	1888	S	25787	12759	38546	0.00108
Streptomyces lincolnensis	1915	S	25764	7469	33233	0.00093
Streptomyces lydicus	47763	S	23847	15768	39615	0.00111
Streptomyces formicae	1616117	S	21582	6828	28410	0.00079
Streptomyces buecherae	2763006	S	19975	5077	25052	0.00070
Streptomyces bathyalis	2710756	S	19944	3330	23274	0.00065
Streptomyces bingchenggensis	379067	S	18821	3576	22397	0.00063
Streptomyces aquilus	2548456	S	18282	5426	23708	0.00066
Streptomyces tsukubensis	83656	S	18143	4637	22780	0.00064
Streptomyces niveus	193462	S	18119	8188	26307	0.00074
Streptomyces spectabilis	68270	S	17895	5814	23709	0.00066
Streptomyces cattleya	29303	S	17603	5097	22700	0.00064
Streptomyces armeniacus	83291	S	17524	2465	19989	0.00056
Streptomyces seoulensis	73044	S	16538	6321	22859	0.00064
Streptomyces cyaneochromogenes	2496836	S	16471	4824	21295	0.00060
Streptomyces ferrugineus	1413221	S	15955	5079	21034	0.00059
Streptomyces xanthii	2768069	S	15626	4735	20361	0.00057
Streptomyces roseirectus	2768066	S	15475	3792	19267	0.00054
Streptomyces capitiformicae	2014920	S	15404	2338	17742	0.00050
Streptomyces rimosus	1927	S	14204	46967	61171	0.00171
Streptomyces asoensis	249586	S	14117	4205	18322	0.00051
Streptomyces durmitorensis	319947	S	13849	3015	16864	0.00047
Streptomyces griseoviridis	45398	S	13536	4413	17949	0.00050
Streptomyces genisteinicus	2768068	S	13326	4187	17513	0.00049
Streptomyces griseochromogenes	68214	S	13249	3678	16927	0.00047
Streptomyces albulus	68570	S	13012	3910	16922	0.00047
Streptomyces davaonensis	348043	S	13011	3662	16673	0.00047
Streptomyces xinghaiensis	1038928	S	12976	3937	16913	0.00047
Streptomyces liangshanensis	2717324	S	12938	3301	16239	0.00045
Streptomyces alboflavus	67267	S	12844	3565	16409	0.00046
Streptomyces actuosus	1885	S	12712	5381	18093	0.00051
Streptomyces vietnamensis	362257	S	12698	4213	16911	0.00047
Streptomyces aureoverticillatus	66871	S	12168	3277	15445	0.00043
Streptomyces rectiverticillatus	173860	S	12104	3887	15991	0.00045
Streptomyces clavuligerus	1901	S	12072	2977	15049	0.00042
Streptomyces nigra	1827580	S	12054	4726	16780	0.00047
Streptomyces globosus	68209	S	12044	4405	16449	0.00046
Streptomyces olivoreticuli	68246	S	12025	3397	15422	0.00043
Streptomyces phaeolivaceus	2653200	S	12023	3317	15340	0.00043
Streptomyces griseocarneus	51201	S	11998	4208	16206	0.00045
Streptomyces paludis	2282738	S	11977	2631	14608	0.00041
Streptomyces lunaelactis	1535768	S	11779	2448	14227	0.00040
Streptomyces antibioticus	1890	S	11701	4181	15882	0.00044
Streptomyces luteoverticillatus	66425	S	11696	3890	15586	0.00044
Streptomyces avermitilis	33903	S	11530	3324	14854	0.00042
Streptomyces ficellus	1977088	S	11353	4062	15415	0.00043
Streptomyces collinus	42684	S	11297	7572	18869	0.00053
Streptomyces dengpaensis	2049881	S	11294	3169	14463	0.00040
Streptomyces nodosus	40318	S	11056	2864	13920	0.00039
Streptomyces broussonetiae	2686304	S	10969	3309	14278	0.00040
Streptomyces hundungensis	1077946	S	10762	3408	14170	0.00040
Streptomyces lavendulae	1914	S	10675	3683	14358	0.00040
Streptomyces galilaeus	33899	S	10624	3604	14228	0.00040
Streptomyces harbinensis	1176198	S	10569	2833	13402	0.00037
Streptomyces incarnatus	665007	S	10532	2946	13478	0.00038
Streptomyces subrutilus	36818	S	10525	3898	14423	0.00040
Streptomyces exfoliatus	1905	S	10443	3557	14000	0.00039
Streptomyces fodineus	1904616	S	10289	3620	13909	0.00039
Streptomyces parvulus	146923	S	10239	4518	14757	0.00041
Streptomyces atratus	1893	S	10227	2075	12302	0.00034
Streptomyces katrae	68223	S	10225	3808	14033	0.00039
Streptomyces ambofaciens	1889	S	10167	6013	16180	0.00045
Streptomyces glaucescens	1907	S	10162	4377	14539	0.00041
Streptomyces gilvosporeus	553510	S	9987	3210	13197	0.00037
Streptomyces calvus	67282	S	9938	3776	13714	0.00038
Streptomyces vinaceus	1960	S	9804	3499	13303	0.00037
Streptomyces roseochromogenus	285450	S	9740	3059	12799	0.00036
Streptomyces deccanensis	424188	S	9686	3976	13662	0.00038
Streptomyces peucetius	1950	S	9656	2637	12293	0.00034
Streptomyces prasinus	67345	S	9468	3062	12530	0.00035
Streptomyces pristinaespiralis	38300	S	9352	3805	13157	0.00037
Streptomyces kanamyceticus	1967	S	9298	3121	12419	0.00035
Streptomyces chromofuscus	42881	S	9296	3569	12865	0.00036
Streptomyces inhibens	2293571	S	9282	2773	12055	0.00034
Streptomyces tendae	1932	S	9180	3777	12957	0.00036
Streptomyces viridosporus	67581	S	9177	3630	12807	0.00036
Streptomyces dangxiongensis	1442032	S	9069	3124	12193	0.00034
Streptomyces mobaraensis	35621	S	9012	340675	349687	0.00978
Streptomyces cyanogenus	80860	S	8745	3837	12582	0.00035
Streptomyces pactum	68249	S	8707	3500	12207	0.00034
Streptomyces tuirus	68278	S	8611	4328	12939	0.00036
Streptomyces hawaiiensis	67305	S	8575	3702	12277	0.00034
Streptomyces angustmyceticus	285578	S	8549	3417	11966	0.00033
Streptomyces nitrosporeus	28894	S	8534	2406	10940	0.00031
Streptomyces gardneri	66892	S	8525	3391	11916	0.00033
Streptomyces fagopyri	2662397	S	8496	2901	11397	0.00032
Streptomyces tirandamycinicus	2174846	S	8474	2790	11264	0.00032
Streptomyces pratensis	1169025	S	8365	2033	10398	0.00029
Streptomyces coeruleorubidus	116188	S	8070	3802	11872	0.00033
Streptomyces rutgersensis	53451	S	8002	3915	11917	0.00033
Streptomyces spongiicola	1690221	S	7979	3418	11397	0.00032
Streptomyces pluripotens	1355015	S	7885	1837	9722	0.00027
Streptomyces finlayi	67296	S	7875	1802	9677	0.00027
Streptomyces huasconensis	1854574	S	7763	3014	10777	0.00030
Streptomyces qinzhouensis	2599401	S	7745	1865	9610	0.00027
Streptomyces nojiriensis	66374	S	7710	3255	10965	0.00031
Streptomyces gobiensis	2875706	S	7021	1341	8362	0.00023
Streptomyces leeuwenhoekii	1437453	S	5410	3681	9091	0.00025
Streptomyces cyaneogriseus	68192	S	5181	3925	9106	0.00025
Streptomyces auratus	114687	S	4581	2956	7537	0.00021
Streptomyces decoyicus	249567	S	4542	2460	7002	0.00020
Streptomyces antimycoticus	68175	S	4219	4189	8408	0.00024
Streptomyces lydicamycinicus	1546107	S	3906	2275	6181	0.00017
Streptomyces platensis	58346	S	3467	2517	5984	0.00017
Streptomyces xiamenensis	408015	S	3296	2714	6010	0.00017
Streptomyces albidoflavus	1886	S	1068	15836	16904	0.00047
Streptomyces coelicolor	1902	S	1022	10843	11865	0.00033
Streptomyces sampsonii	42239	S	460	3637	4097	0.00011
Streptomyces filamentosus	67294	S	2292	2801	5093	0.00014
Streptomyces alfalfae	1642299	S	2170	12037	14207	0.00040
Streptomyces olivaceus	47716	S	2045	7338	9383	0.00026
Streptomyces californicus	67351	S	1860	5923	7783	0.00022
Streptomyces cavourensis	67258	S	1860	3320	5180	0.00014
Streptomyces fungicidicus	68203	S	1552	4434	5986	0.00017
Streptomyces fradiae	1906	S	1447	21283	22730	0.00064
Streptomyces mirabilis	68239	S	1391	8155	9546	0.00027
Streptomyces griseofuscus	146922	S	1191	5237	6428	0.00018
Streptomyces murinus	33900	S	1179	3295	4474	0.00013
Streptomyces autolyticus	75293	S	1110	3635	4745	0.00013
Streptomyces noursei	1971	S	921	3528	4449	0.00012
Streptomyces albireticuli	1940	S	912	3769	4681	0.00013
Streptomyces cinereoruber	67260	S	804	4108	4912	0.00014
Streptomyces lividans	1916	S	779	8582	9361	0.00026
Streptomyces scabiei	1930	S	672	5802	6474	0.00018
Streptomyces violaceoruber	1935	S	602	2591	3193	0.00009
Streptomyces rubrolavendulae	285473	S	520	3704	4224	0.00012
Streptomyces rochei	1928	S	459	3385	3844	0.00011
Kitasatospora sp. MMS16-BH015	2018025	S	16438	5593	22031	0.00062
Kitasatospora sp. NA04385	2742135	S	13708	7459	21167	0.00059
Kitasatospora setae	2066	S	14184	7428	21612	0.00060
Kitasatospora aureofaciens	1894	S	11315	4768	16083	0.00045
Kitasatospora albolonga	68173	S	4600	3605	8205	0.00023
Streptacidiphilus sp. P02-A3a	2704468	S	16169	5111	21280	0.00060
Streptacidiphilus sp. PB12-B1b	2705012	S	13616	5529	19145	0.00054
Streptacidiphilus bronchialis	2126346	S	12094	4010	16104	0.00045
Yinghuangia sp. ASG 101	2896848	S	19918	3363	23281	0.00065
Microbacterium sp. 4R-513	2567934	S	11090	1971	13061	0.00037
Microbacterium sp. No. 7	1714373	S	10957	4516	15473	0.00043
Microbacterium sp. JZ31	1906274	S	8442	2266	10708	0.00030
Microbacterium sp. 10M-3C3	2483401	S	8129	2840	10969	0.00031
Microbacterium sp. SSW1-51	2851650	S	6737	1819	8556	0.00024
Microbacterium sp. YJN-G	2763257	S	6415	2078	8493	0.00024
Microbacterium sp. BH-3-3-3	1906742	S	6291	1459	7750	0.00022
Microbacterium sp. SSW1-36	2851648	S	5941	1345	7286	0.00020
Microbacterium sp. ABRD_28	2268461	S	5859	768	6627	0.00019
Microbacterium sp. LKL04	912630	S	5478	1256	6734	0.00019
Microbacterium sp. XT11	367477	S	5430	1143	6573	0.00018
Microbacterium sp. A18JL241	2782166	S	5352	1269	6621	0.00019
Microbacterium sp. H1-D42	2925844	S	5350	896	6246	0.00017
Microbacterium sp. Y-01	2048898	S	5207	2215	7422	0.00021
Microbacterium sp. cx-55	2875948	S	5080	719	5799	0.00016
Microbacterium sp. PM5	2014534	S	5028	903	5931	0.00017
Microbacterium sp. NIBRBAC000506063	2734618	S	5012	1882	6894	0.00019
Microbacterium sp. CBA3102	2603598	S	4282	1175	5457	0.00015
Microbacterium sp. 1S1	2606451	S	4065	2100	6165	0.00017
Microbacterium sp. TPU 3598	1938334	S	3931	1181	5112	0.00014
Microbacterium sp. Nx66	2766784	S	3294	2549	5843	0.00016
Microbacterium sp. RG1	2489212	S	2149	1547	3696	0.00010
Microbacterium sp. 1.5R	1916917	S	1031	6874	7905	0.00022
Microbacterium sp. CGR1	1696072	S	924	6351	7275	0.00020
Microbacterium sp. PAMC22086	2861281	S	898	1868	2766	0.00008
Microbacterium sp. SGAir0570	2070348	S	833	2752	3585	0.00010
Microbacterium sp. str. 'China'	2103230	S	622	3338	3960	0.00011
Microbacterium sp. PAMC 28756	1795053	S	273	4139	4412	0.00012
Microbacterium foliorum	104336	S	12707	2487	15194	0.00043
Microbacterium hominis	162426	S	11120	28778	39898	0.00112
Microbacterium oleivorans	273677	S	10830	1979	12809	0.00036
Microbacterium atlanticum	2782168	S	10625	2196	12821	0.00036
Microbacterium cremeum	2782169	S	10293	2033	12326	0.00034
Microbacterium lemovicicum	1072463	S	8196	1752	9948	0.00028
Microbacterium resistens	156977	S	7815	1358	9173	0.00026
Microbacterium sediminis	904291	S	7504	3160	10664	0.00030
Microbacterium oryzae	743009	S	7481	2096	9577	0.00027
Microbacterium pygmaeum	370764	S	6845	804	7649	0.00021
Microbacterium testaceum	2033	S	6674	1133	7807	0.00022
Microbacterium wangchenii	2541726	S	6108	1305	7413	0.00021
Microbacterium aurum	36805	S	5939	1727	7666	0.00021
Microbacterium caowuchunii	2614638	S	5935	1066	7001	0.00020
Microbacterium lushaniae	2614639	S	5811	1270	7081	0.00020
Microbacterium luteum	2782167	S	5575	2118	7693	0.00022
Microbacterium chocolatum	84292	S	5480	1157	6637	0.00019
Microbacterium protaetiae	2509458	S	5459	1128	6587	0.00018
Microbacterium esteraromaticum	57043	S	5351	1125	6476	0.00018
Microbacterium oxydans	82380	S	5322	3801	9123	0.00026
Microbacterium hydrocarbonoxydans	273678	S	4497	764	5261	0.00015
Microbacterium schleiferi	69362	S	3622	1149	4771	0.00013
Microbacterium fandaimingii	2708079	S	2535	208	2743	0.00008
Microbacterium binotii	462710	S	2132	1489	3621	0.00010
Microbacterium chengjingii	2769067	S	1865	95	1960	0.00005
Microbacterium amylolyticum	936337	S	1799	357	2156	0.00006
Microbacterium endophyticum	1526412	S	1328	91	1419	0.00004
Microbacterium paraoxydans	199592	S	903	5663	6566	0.00018
Microbacterium paludicola	300019	S	840	2888	3728	0.00010
Agromyces sp. H17E-10	2932244	S	11502	3643	15145	0.00042
Agromyces sp. LHK192	2498704	S	10231	2875	13106	0.00037
Agromyces sp. CFWR-12	2929802	S	7890	4406	12296	0.00034
Agromyces flavus	589382	S	11231	3442	14673	0.00041
Agromyces soli	659012	S	10464	3690	14154	0.00040
Agromyces aureus	453304	S	9815	2699	12514	0.00035
Agromyces protaetiae	2509455	S	8327	2326	10653	0.00030
Agromyces marinus	1389020	S	7948	2823	10771	0.00030
Agromyces archimandritae	2781962	S	7574	2141	9715	0.00027
Agromyces intestinalis	2592652	S	7352	3902	11254	0.00031
Agromyces badenianii	2080742	S	6336	2021	8357	0.00023
Agromyces laixinhei	2585717	S	6049	1352	7401	0.00021
Curtobacterium sp. L6-1	2841594	S	6913	2183	9096	0.00025
Curtobacterium sp. BH-2-1-1	1905847	S	6552	2089	8641	0.00024
Curtobacterium sp. YC1	2795488	S	5256	2308	7564	0.00021
Curtobacterium sp. MR_MD2014	1561023	S	5165	2324	7489	0.00021
Curtobacterium sp. TC1	2862880	S	4429	2190	6619	0.00019
Curtobacterium sp. 24E2	2804758	S	4111	2159	6270	0.00018
Curtobacterium sp. SGAir0471	2070337	S	3418	2666	6084	0.00017
Curtobacterium sp. TXMA1	2876939	S	3158	2553	5711	0.00016
Curtobacterium sp. C1	2898151	S	1324	3943	5267	0.00015
Curtobacterium sp. Csp2	2495430	S	1087	3661	4748	0.00013
Curtobacterium sp. Csp1	2495429	S	247	5449	5696	0.00016
Curtobacterium flaccumfaciens	2035	S	10614	4781	15395	0.00043
Curtobacterium luteum	33881	S	6565	2263	8828	0.00025
Rathayibacter sp. VKM Ac-2759	2609252	S	8516	2925	11441	0.00032
Rathayibacter sp. VKM Ac-2760	2609253	S	7787	3954	11741	0.00033
Rathayibacter sp. VKM Ac-2804	2609257	S	5681	4086	9767	0.00027
Rathayibacter sp. VKM Ac-2801	2609255	S	3445	3118	6563	0.00018
Rathayibacter sp. VKM Ac-2762	2609254	S	1475	3851	5326	0.00015
Rathayibacter sp. VKM Ac-2805	2609258	S	1367	3679	5046	0.00014
Rathayibacter festucae	110937	S	8547	8811	17358	0.00049
Rathayibacter tanaceti	1671680	S	5184	1319	6503	0.00018
Rathayibacter tritici	33888	S	3142	961	4103	0.00011
Rathayibacter iranicus	59737	S	3023	409	3432	0.00010
Rathayibacter rathayi	33887	S	2903	789	3692	0.00010
Rathayibacter toxicus	145458	S	1108	98	1206	0.00003
Agrococcus sp. SCSIO52902	2933290	S	13209	6521	19730	0.00055
Agrococcus sp. Marseille-Q4369	2810513	S	11593	4095	15688	0.00044
Agrococcus sp. SGAir0287	2070347	S	9395	2846	12241	0.00034
Agrococcus carbonis	684552	S	11270	5165	16435	0.00046
Agrococcus jejuensis	399736	S	10135	3195	13330	0.00037
Leifsonia sp. 21MFCrub1.1	1798223	S	9130	11498	20628	0.00058
Leifsonia sp. ZF2019	2781978	S	8808	2484	11292	0.00032
Leifsonia sp. PS1209	2724914	S	8635	2432	11067	0.00031
Leifsonia shinshuensis	150026	S	11771	3458	15229	0.00043
Leifsonia xyli	1575	S	6409	909	7318	0.00020
Clavibacter michiganensis	28447	S	37897	44524	82421	0.00231
Clavibacter zhangzhiyongii	2768071	S	5100	2455	7555	0.00021
Clavibacter sp. A6099	2860285	S	2750	1770	4520	0.00013
Leucobacter sp. H25R-14	2932245	S	5473	896	6369	0.00018
Leucobacter sp. NB 10	2873270	S	5095	1380	6475	0.00018
Leucobacter sp. Psy1	2875729	S	4027	490	4517	0.00013
Leucobacter sp. CX169	2813744	S	3598	930	4528	0.00013
Leucobacter sp. H21R-36	2932246	S	1699	4253	5952	0.00017
Leucobacter sp. H21R-40	2932247	S	1636	4109	5745	0.00016
Leucobacter muris	1935379	S	5968	2097	8065	0.00023
Leucobacter triazinivorans	1784719	S	5559	3521	9080	0.00025
Leucobacter luti	340320	S	1975	187	2162	0.00006
Leucobacter viscericola	2714935	S	1389	135	1524	0.00004
Leucobacter insecticola	2714934	S	1362	116	1478	0.00004
Leucobacter denitrificans	683042	S	958	140	1098	0.00003
Leucobacter coleopterorum	2714933	S	938	93	1031	0.00003
Protaetiibacter intestinalis	2419774	S	8342	3030	11372	0.00032
Protaetiibacter sp. SSC-01	2759943	S	8018	2986	11004	0.00031
Protaetiibacter larvae	2592654	S	6009	1942	7951	0.00022
Salinibacterium sp. ZJ450	2708338	S	5998	939	6937	0.00019
Salinibacterium sp. ZJ70	2708084	S	4988	1268	6256	0.00018
Salinibacterium sp. dk2585	2603292	S	3999	688	4687	0.00013
Salinibacterium sp. UTAS2018	2508880	S	1361	130	1491	0.00004
Salinibacterium sp. M195	2583374	S	1096	125	1221	0.00003
Salinibacterium hongtaonis	2079791	S	2012	225	2237	0.00006
Cryobacterium sp. LW097	1978566	S	4728	1045	5773	0.00016
Cryobacterium sp. PAMC25264	2861288	S	2531	1598	4129	0.00012
Cryobacterium soli	2220095	S	3612	1947	5559	0.00016
Cryobacterium arcticum	670052	S	2970	2335	5305	0.00015
Frondihabitans sp. PAMC 28766	1795630	S	7947	1080	9027	0.00025
Frondihabitans sp. 762G35	1446794	S	7073	1512	8585	0.00024
Microterricola viridarii	412690	S	13521	3388	16909	0.00047
Plantibacter sp. M259	2583822	S	2530	2301	4831	0.00014
Plantibacter sp. PA-3-X8	2480625	S	2487	2336	4823	0.00013
Plantibacter flavus	150123	S	2975	2468	5443	0.00015
Microcella flavibacter	1804990	S	7750	3736	11486	0.00032
Microcella alkaliphila	279828	S	4526	792	5318	0.00015
Cnuibacter physcomitrellae	1619308	S	9588	2094	11682	0.00033
Frigoribacterium sp. NBH87	2596916	S	9397	2796	12193	0.00034
Herbiconiux sp. SALV-R1	2735133	S	9056	1839	10895	0.00030
Gryllotalpicola protaetiae	2419771	S	9023	1782	10805	0.00030
Mycetocola zhujimingii	2079792	S	3126	387	3513	0.00010
Mycetocola sp. JXN-3	2116510	S	2809	435	3244	0.00009
Mycetocola spongiae	2859226	S	2249	314	2563	0.00007
Subtercola sp. AK-R2A1-2	2895559	S	4691	449	5140	0.00014
Subtercola sp. PAMC28395	2846775	S	2763	281	3044	0.00009
Amnibacterium sp. L3-i23	2905871	S	7314	1777	9091	0.00025
Humibacter sp. WJ7-1	2599293	S	7311	1616	8927	0.00025
Chryseoglobus sp. 28M-23	2772253	S	1357	2676	4033	0.00011
Chryseoglobus indicus	2750620	S	1260	2613	3873	0.00011
Marisediminicola antarctica	674079	S	5301	669	5970	0.00017
Gulosibacter sediminis	1729695	S	5271	1533	6804	0.00019
Diaminobutyricimonas sp. LJ205	2683590	S	4590	874	5464	0.00015
Glaciihabitans sp. INWT7	2596912	S	4148	334	4482	0.00013
Agreia sp. COWG	2773266	S	4098	508	4606	0.00013
Rhodoluna limnophila	232537	S	249	30	279	0.00001
Candidatus Rhodoluna planktonica	535712	S	183	13	196	0.00001
Rhodoluna lacicola	529884	S	135	17	152	0.00000
Aquiluna borgnonia	2499157	S	307	26	333	0.00001
Candidatus Aquiluna sp. UB-MaderosW2red	1855377	S	148	8	156	0.00000
Pseudoclavibacter sp. Marseille-Q3772	2866588	S	857	162	1019	0.00003
Aurantimicrobium photophilum	1987356	S	291	27	318	0.00001
Aurantimicrobium minutum	708131	S	130	47	177	0.00000
Pontimonas salivibrio	1159327	S	345	16	361	0.00001
Arthrobacter sp. FW305-BF8	2879617	S	21173	6304	27477	0.00077
Arthrobacter sp. QXT-31	1357915	S	13137	3994	17131	0.00048
Arthrobacter sp. NicSoilC5	2831000	S	12634	6751	19385	0.00054
Arthrobacter sp. PGP41	2079227	S	9787	3428	13215	0.00037
Arthrobacter sp. QL17	2895818	S	6648	1593	8241	0.00023
Arthrobacter sp. PM3	2017685	S	6400	1009	7409	0.00021
Arthrobacter sp. NicSoilB8	2830998	S	6246	1749	7995	0.00022
Arthrobacter sp. 24S4-2	2575374	S	5832	1417	7249	0.00020
Arthrobacter sp. U41	1849032	S	5429	1652	7081	0.00020
Arthrobacter sp. UKPF54-2	2600159	S	5290	2400	7690	0.00022
Arthrobacter sp. FB24	290399	S	5273	1731	7004	0.00020
Arthrobacter sp. NicSoilB4	2830997	S	5248	1779	7027	0.00020
Arthrobacter sp. PAMC25564	2565366	S	5130	1510	6640	0.00019
Arthrobacter sp. KBS0702	2578107	S	4950	2123	7073	0.00020
Arthrobacter sp. ERGS1:01	1704044	S	4424	923	5347	0.00015
Arthrobacter sp. FW306-2-2C-D06B	2879618	S	3880	823	4703	0.00013
Arthrobacter sp. PAMC25284	2861279	S	3714	1062	4776	0.00013
Arthrobacter sp. Helios	2828862	S	3134	558	3692	0.00010
Arthrobacter sp. NtRootA1	2830983	S	2898	923	3821	0.00011
Arthrobacter sp. zg-Y462	2886936	S	2588	574	3162	0.00009
Arthrobacter sp. StoSoilB20	2830995	S	2531	731	3262	0.00009
Arthrobacter sp. PAMC 25486	1494608	S	2378	425	2803	0.00008
Arthrobacter sp. StoSoilB5	2830992	S	2226	676	2902	0.00008
Arthrobacter sp. zg-Y809	2886940	S	2133	736	2869	0.00008
Arthrobacter sp. D5-1	1477518	S	1687	1187	2874	0.00008
Arthrobacter sp. YN	2020486	S	1652	702	2354	0.00007
Arthrobacter sp. FW306-06-A	2879621	S	1448	5138	6586	0.00018
Arthrobacter sp. NicSoilB11	2830999	S	1421	5709	7130	0.00020
Arthrobacter sp. StoSoilB19	2830994	S	1367	6300	7667	0.00021
Arthrobacter sp. FW306-07-I	2879622	S	1021	5779	6800	0.00019
Arthrobacter sp. C1-1	2813727	S	946	147	1093	0.00003
Arthrobacter sp. FW306-05-C	2879620	S	887	4721	5608	0.00016
Arthrobacter sp. StoSoilA2	2830990	S	703	1288	1991	0.00006
Arthrobacter sp. StoSoilB13	2830993	S	655	1242	1897	0.00005
Arthrobacter sp. AQ5-05	2184581	S	133	1817	1950	0.00005
Arthrobacter agilis	37921	S	11413	1660	13073	0.00037
Arthrobacter crystallopoietes	37928	S	9694	1856	11550	0.00032
Arthrobacter sulfonylureivorans	2486855	S	5069	837	5906	0.00017
Arthrobacter woluwensis	156980	S	4752	1132	5884	0.00016
Arthrobacter dokdonellae	2211210	S	4338	784	5122	0.00014
Arthrobacter jiangjiafuii	2817475	S	3046	858	3904	0.00011
Arthrobacter alpinus	656366	S	2686	3272	5958	0.00017
Arthrobacter sunyaminii	2816859	S	1964	627	2591	0.00007
Kocuria rosea	1275	S	42552	12845	55397	0.00155
Kocuria turfanensis	388357	S	10005	3250	13255	0.00037
Kocuria flava	446860	S	9543	4493	14036	0.00039
Kocuria palustris	71999	S	4840	1852	6692	0.00019
Kocuria rhizophila	72000	S	3814	4739	8553	0.00024
Kocuria varians	1272	S	3124	2020	5144	0.00014
Kocuria sp. TGY1127_2	2711328	S	1074	173	1247	0.00003
Kocuria sp. KD4	2719588	S	812	1081	1893	0.00005
Kocuria sp. BT304	1702043	S	410	1656	2066	0.00006
Kocuria indica	1049583	S	647	1032	1679	0.00005
Pseudarthrobacter sp. L1SW	2851598	S	8911	3551	12462	0.00035
Pseudarthrobacter sp. BIM B-2242	2772401	S	5470	1440	6910	0.00019
Pseudarthrobacter sp. NBSH8	2596911	S	2561	1028	3589	0.00010
Pseudarthrobacter sp. NIBRBAC000502772	2590775	S	2324	1804	4128	0.00012
Pseudarthrobacter sp. SSS035	2931399	S	1999	1895	3894	0.00011
Pseudarthrobacter sp. NIBRBAC000502770	2590785	S	1594	4901	6495	0.00018
Pseudarthrobacter sp. NIBRBAC000502771	2590774	S	1511	5311	6822	0.00019
Pseudarthrobacter phenanthrenivorans	361575	S	9843	4642	14485	0.00041
Pseudarthrobacter chlorophenolicus	85085	S	8931	3438	12369	0.00035
Pseudarthrobacter equi	728066	S	6571	2688	9259	0.00026
Pseudarthrobacter psychrotolerans	2697569	S	3308	1407	4715	0.00013
Pseudarthrobacter sulfonivorans	121292	S	2046	2360	4406	0.00012
Micrococcus luteus	1270	S	10830	18031	28861	0.00081
Micrococcus sp. KD337-16	2856555	S	4546	2669	7215	0.00020
Micrococcus sp. KBS0714	1179670	S	162	1268	1430	0.00004
Micrococcus yunnanensis	566027	S	132	971	1103	0.00003
Sinomonas atrocyanea	37927	S	10123	3290	13413	0.00038
Sinomonas sp. R1AF57	2020377	S	8108	1850	9958	0.00028
Glutamicibacter protophormiae	37930	S	3093	2202	5295	0.00015
Glutamicibacter creatinolyticus	162496	S	2819	739	3558	0.00010
Glutamicibacter halophytocola	1933880	S	1550	303	1853	0.00005
Glutamicibacter mishrai	1775880	S	1016	236	1252	0.00004
Glutamicibacter arilaitensis	256701	S	960	355	1315	0.00004
Glutamicibacter nicotianae	37929	S	794	2447	3241	0.00009
Glutamicibacter sp. ZJUTW	1155384	S	202	844	1046	0.00003
Paenarthrobacter ureafaciens	37931	S	2516	4645	7161	0.00020
Paenarthrobacter aurescens	43663	S	2452	1776	4228	0.00012
Paenarthrobacter sp. YJN-5	2735316	S	759	1875	2634	0.00007
Paenarthrobacter sp. YJN-D	2735317	S	519	1085	1604	0.00004
Paenarthrobacter nicotinovorans	29320	S	448	835	1283	0.00004
Rothia kristinae	37923	S	5293	2934	8227	0.00023
Rothia mucilaginosa	43675	S	1507	301	1808	0.00005
Rothia nasimurium	85336	S	629	372	1001	0.00003
Rothia aeria	172042	S	558	234	792	0.00002
Rothia dentocariosa	2047	S	358	154	512	0.00001
Rothia terrae	396015	S	284	119	403	0.00001
Rothia sp. ZJ932	2810516	S	216	34	250	0.00001
Rothia amarae	169480	S	198	86	284	0.00001
Citricoccus sp. SGAir0253	2567881	S	8320	2273	10593	0.00030
Nesterenkonia sp. NBAIMH1	2600320	S	2501	166	2667	0.00007
Paeniglutamicibacter sp. Y32M11	2853258	S	1421	240	1661	0.00005
Psychromicrobium lacuslunae	1618207	S	1031	172	1203	0.00003
Neomicrococcus aestuarii	556325	S	732	391	1123	0.00003
Auritidibacter sp. NML130574	2170745	S	682	71	753	0.00002
Renibacterium salmoninarum	1646	S	569	37	606	0.00002
Cellulomonas sp. Y8	2591145	S	17493	8119	25612	0.00072
Cellulomonas sp. H30R-01	2704467	S	17176	7278	24454	0.00068
Cellulomonas sp. JZ18	2654191	S	14645	6779	21424	0.00060
Cellulomonas sp. C5510	2871170	S	13872	5977	19849	0.00056
Cellulomonas sp. zg-ZUI188	2819978	S	13850	4168	18018	0.00050
Cellulomonas sp. zg-ZUI222	2816956	S	11904	4890	16794	0.00047
Cellulomonas sp. zg-ZUI157	2819979	S	11839	4457	16296	0.00046
Cellulomonas sp. EW123	2608402	S	10261	6644	16905	0.00047
Cellulomonas sp. PSBB021	2003551	S	9652	8266	17918	0.00050
Cellulomonas fimi	1708	S	15276	13092	28368	0.00079
Cellulomonas shaoxiangyii	2566013	S	12822	5734	18556	0.00052
Cellulomonas iranensis	76862	S	12566	6330	18896	0.00053
Cellulomonas flavigena	1711	S	11703	4780	16483	0.00046
Cellulomonas gilvus	11	S	10490	4888	15378	0.00043
Cellulomonas taurus	2729175	S	8662	2990	11652	0.00033
Actinotalea sp. JY-7876	2758442	S	15710	6019	21729	0.00061
Oerskovia sp. KBS0722	1179673	S	10204	3453	13657	0.00038
Pseudactinotalea sp. HY158	2654547	S	8264	1267	9531	0.00027
Paraoerskovia marina	545619	S	6812	1885	8697	0.00024
Janibacter melonis	262209	S	14464	5227	19691	0.00055
Janibacter limosus	53458	S	9026	2547	11573	0.00032
Janibacter indicus	857417	S	4879	7523	12402	0.00035
Janibacter sp. YB324	2761047	S	2773	5795	8568	0.00024
Phycicoccus sp. HDW14	2714941	S	19802	6985	26787	0.00075
Phycicoccus endophyticus	1690220	S	15448	4832	20280	0.00057
Pedococcus dokdonensis	443156	S	21532	6754	28286	0.00079
Intrasporangium calvum	53358	S	16905	4732	21637	0.00061
Tetrasphaera sp. HKS02	1813880	S	15822	4391	20213	0.00057
Arsenicicoccus sp. oral taxon 190	1658671	S	12156	4903	17059	0.00048
Cellulosimicrobium cellulans	1710	S	26616	28285	54901	0.00154
Cellulosimicrobium sp. BI34T	2587808	S	10465	4959	15424	0.00043
Cellulosimicrobium sp. JZ28	1906273	S	2157	5074	7231	0.00020
Cellulosimicrobium sp. 72-3	2731680	S	1050	4711	5761	0.00016
Cellulosimicrobium sp. TH-20	1980001	S	968	4485	5453	0.00015
Xylanimonas protaetiae	2509457	S	11034	5200	16234	0.00045
Xylanimonas cellulosilytica	186189	S	9739	3715	13454	0.00038
Xylanimonas allomyrinae	2509459	S	9165	3098	12263	0.00034
Isoptericola variabilis	139208	S	12790	7054	19844	0.00056
Isoptericola dokdonensis	372663	S	11572	4753	16325	0.00046
Ornithinimicrobium avium	2283195	S	14392	3995	18387	0.00051
Ornithinimicrobium flavum	1288636	S	11648	3891	15539	0.00043
Ornithinimicrobium sp. HY006	2508882	S	9637	3379	13016	0.00036
Ornithinimicrobium sp. INDO-MA30-4	2908651	S	1388	260	1648	0.00005
Ornithinimicrobium ciconiae	2594265	S	7591	1251	8842	0.00025
Ornithinimicrobium pratense	2593973	S	6952	2074	9026	0.00025
Serinicoccus chungangensis	767452	S	10197	3592	13789	0.00039
Serinicoccus hydrothermalis	1758689	S	9259	4301	13560	0.00038
Serinicoccus profundi	1078471	S	8702	3234	11936	0.00033
Serinicoccus marinus	247333	S	7881	3829	11710	0.00033
Brachybacterium sp. CBA3105	2887346	S	8114	1924	10038	0.00028
Brachybacterium sp. SGAir0954	2571029	S	7970	2260	10230	0.00029
Brachybacterium sp. P6-10-X1	1903186	S	6736	1205	7941	0.00022
Brachybacterium saurashtrense	556288	S	6674	1921	8595	0.00024
Brachybacterium ginsengisoli	1331682	S	6555	1936	8491	0.00024
Brachybacterium faecium	43669	S	6369	1960	8329	0.00023
Brachybacterium vulturis	2017484	S	4615	1687	6302	0.00018
Brachybacterium avium	2017485	S	4182	1519	5701	0.00016
Dermabacter vaginalis	1630135	S	1637	1109	2746	0.00008
Dermabacter jinjuensis	1667168	S	1463	1300	2763	0.00008
Devriesea agamarum	472569	S	824	49	873	0.00002
Brevibacterium sp. CS2	2575923	S	7197	3000	10197	0.00029
Brevibacterium sp. SMBL_HHYL_HB1	2777556	S	3066	726	3792	0.00011
Brevibacterium sp. 'Marine'	2725563	S	1283	903	2186	0.00006
Brevibacterium sp. HY170	2898795	S	1252	401	1653	0.00005
Brevibacterium sp. W7.2	2823518	S	1028	5242	6270	0.00018
Brevibacterium casei	33889	S	7823	5645	13468	0.00038
Brevibacterium luteolum	199591	S	4147	1716	5863	0.00016
Brevibacterium linens	1703	S	3784	2404	6188	0.00017
Brevibacterium atlanticum	2697563	S	2592	580	3172	0.00009
Brevibacterium oceani	358099	S	2481	591	3072	0.00009
Brevibacterium aurantiacum	273384	S	2394	1651	4045	0.00011
Brevibacterium sandarakinum	629680	S	2233	437	2670	0.00007
Brevibacterium limosum	2697565	S	1935	752	2687	0.00008
Brevibacterium siliguriense	1136497	S	1406	439	1845	0.00005
Brevibacterium pigmentatum	1496080	S	1090	854	1944	0.00005
Georgenia yuyongxinii	2589797	S	13109	3423	16532	0.00046
Georgenia sp. TF02-10	2917725	S	13064	5007	18071	0.00051
Georgenia wutianyii	2585135	S	11616	4260	15876	0.00044
Georgenia faecalis	2483799	S	11076	3217	14293	0.00040
Dermacoccus nishinomiyaensis	1274	S	8138	3646	11784	0.00033
Dermacoccus sp. PAMC28757	2762331	S	5730	2182	7912	0.00022
Luteipulveratus mongoliensis	571913	S	11647	1758	13405	0.00038
Allobranchiibius sp. GilTou73	2904523	S	9697	2293	11990	0.00034
Yimella sp. cx-51	2770551	S	5374	1169	6543	0.00018
Haloactinobacterium kanbiaonis	2675754	S	13342	2034	15376	0.00043
Ruania sp. LR1S40	2897774	S	7066	1588	8654	0.00024
Ruania sp. M4N3S171	2897773	S	4055	609	4664	0.00013
Ruania zhangjianzhongii	2603206	S	7474	789	8263	0.00023
Ruania alkalisoli	2779775	S	5031	901	5932	0.00017
Pengzhenrongella sicca	2819238	S	15806	4636	20442	0.00057
Luteimicrobium xylanilyticum	1133546	S	12486	4007	16493	0.00046
Beutenbergia cavernae	84757	S	15752	2736	18488	0.00052
Miniimonas sp. S16	2171623	S	10565	5651	16216	0.00045
Sanguibacter keddieii	60920	S	10202	3185	13387	0.00037
Sanguibacter sp. HDW7	2714931	S	8591	2809	11400	0.00032
Gephyromycinifex aptenodytis	2716227	S	3908	510	4418	0.00012
Austwickia chelonae	100225	S	3065	267	3332	0.00009
Dermatophilus congolensis	1863	S	811	83	894	0.00003
Kytococcus sedentarius	1276	S	7507	2838	10345	0.00029
Demequina sp. TMPB413	2881056	S	2562	213	2775	0.00008
Jonesia denitrificans	43674	S	426	82	508	0.00001
Tropheryma whipplei	2039	S	127	0	127	0.00000
Mycolicibacterium litorale	758802	S	23920	6268	30188	0.00084
Mycolicibacterium gadium	1794	S	19550	2546	22096	0.00062
Mycolicibacterium rhodesiae	36814	S	19540	3048	22588	0.00063
Mycolicibacterium arabiense	1286181	S	15289	2245	17534	0.00049
Mycolicibacterium sp. YH-1	2908837	S	10070	5352	15422	0.00043
Mycolicibacterium smegmatis	1772	S	14335	5799	20134	0.00056
Mycolicibacterium moriokaense	39691	S	13766	1619	15385	0.00043
Mycolicibacterium rutilum	370526	S	13644	3853	17497	0.00049
Mycolicibacterium monacense	85693	S	12535	6009	18544	0.00052
Mycolicibacterium mageritense	53462	S	12223	1973	14196	0.00040
Mycolicibacterium sediminis	1286180	S	12030	2078	14108	0.00039
Mycolicibacterium madagascariense	212765	S	11997	1736	13733	0.00038
Mycolicibacterium phlei	1771	S	11917	3863	15780	0.00044
Mycolicibacterium baixiangningiae	2761578	S	11766	1827	13593	0.00038
Mycolicibacterium chubuense	1800	S	11449	2451	13900	0.00039
Mycolicibacterium vaccae	1810	S	11112	2099	13211	0.00037
Mycolicibacterium neoaurum	1795	S	10826	2060	12886	0.00036
Mycolicibacterium hassiacum	46351	S	10567	2759	13326	0.00037
Mycolicibacterium celeriflavum	1249101	S	10486	1940	12426	0.00035
Mycolicibacterium pulveris	36813	S	10386	1664	12050	0.00034
Mycolicibacterium parafortuitum	39692	S	10336	1964	12300	0.00034
Mycolicibacterium fortuitum	1766	S	10328	3491	13819	0.00039
Mycolicibacterium psychrotolerans	216929	S	10059	2156	12215	0.00034
Mycolicibacterium chitae	1792	S	9650	2202	11852	0.00033
Mycolicibacterium gilvum	1804	S	9261	3245	12506	0.00035
Mycolicibacterium aurum	1791	S	9148	1149	10297	0.00029
Mycolicibacterium duvalii	39688	S	9078	1703	10781	0.00030
Mycolicibacterium poriferae	39694	S	8866	1791	10657	0.00030
Mycolicibacterium fluoranthenivorans	258505	S	8791	1089	9880	0.00028
Mycolicibacterium thermoresistibile	1797	S	8628	1833	10461	0.00029
Mycolicibacterium tokaiense	39695	S	8559	1289	9848	0.00028
Mycolicibacterium phocaicum	319706	S	8341	4233	12574	0.00035
Mycolicibacterium confluentis	28047	S	7831	1142	8973	0.00025
Mycolicibacterium fallax	1793	S	7681	2877	10558	0.00030
Mycolicibacterium boenickei	146017	S	7653	10103	17756	0.00050
Mycolicibacterium mengxianglii	2736649	S	6928	715	7643	0.00021
Mycolicibacterium insubricum	444597	S	6889	1833	8722	0.00024
Mycolicibacterium aichiense	1799	S	6887	1128	8015	0.00022
Mycolicibacterium anyangense	1431246	S	6720	1042	7762	0.00022
Mycolicibacterium austroafricanum	39687	S	6423	24881	31304	0.00088
Mycolicibacterium helvum	1534349	S	6238	713	6951	0.00019
Mycobacterium doricum	126673	S	5721	1269	6990	0.00020
Mycolicibacterium alvei	67081	S	5590	1458	7048	0.00020
Mycolicibacterium mucogenicum	56689	S	5262	2087	7349	0.00021
Mycolicibacterium sarraceniae	1534348	S	4540	563	5103	0.00014
Mycolicibacterium septicum	98668	S	4004	2664	6668	0.00019
Mycolicibacterium farcinogenes	1802	S	2540	8032	10572	0.00030
Mycolicibacterium vanbaalenii	110539	S	1136	17983	19119	0.00053
Mycolicibacterium nivoides	2487344	S	842	3939	4781	0.00013
Mycobacterium sp. JS623	212767	S	59992	4809	64801	0.00181
Mycobacterium sp. IDR2000157661	2867005	S	9815	1708	11523	0.00032
Mycobacterium sp. TY59	2775496	S	7845	1298	9143	0.00026
Mycobacterium sp. YC-RL4	1682113	S	7140	2402	9542	0.00027
Mycobacterium sp. DL592	2675524	S	6658	1041	7699	0.00022
Mycobacterium sp. MS1601	1936029	S	6528	881	7409	0.00021
Mycobacterium sp. EPa45	1545728	S	6507	1055	7562	0.00021
Mycobacterium sp. DL440	2675523	S	6321	1324	7645	0.00021
Mycobacterium sp. WY10	1920667	S	790	2366	3156	0.00009
Mycobacterium sp. PYR15	2051552	S	333	2886	3219	0.00009
Mycobacterium sp. 20KCMC460	2903536	S	237	7344	7581	0.00021
Mycobacterium sp. MOTT36Y	1168287	S	160	2018	2178	0.00006
Mycobacterium saskatchewanense	220927	S	8185	1532	9717	0.00027
Mycobacterium parmense	185642	S	7627	1379	9006	0.00025
Mycobacterium kubicae	120959	S	7261	1153	8414	0.00024
Mycobacterium shigaense	722731	S	6146	848	6994	0.00020
Mycobacterium simiae	1784	S	5816	485	6301	0.00018
Mycobacterium florentinum	292462	S	5770	1224	6994	0.00020
Mycobacterium lentiflavum	141349	S	5455	1226	6681	0.00019
Mycobacterium stomatepiae	470076	S	5268	1007	6275	0.00018
Mycobacterium heidelbergense	53376	S	5198	1186	6384	0.00018
Mycobacterium avium	1764	S	12778	11151	23929	0.00067
Mycobacterium colombiense	339268	S	8575	1418	9993	0.00028
Mycobacterium mantenii	560555	S	8078	963	9041	0.00025
Mycobacterium marseillense	701042	S	6259	1399	7658	0.00021
Mycobacterium intracellulare	1767	S	6060	44066	50126	0.00140
Mycobacterium paraintracellulare	1138383	S	1360	8809	10169	0.00028
Mycobacterium grossiae	1552759	S	12772	3583	16355	0.00046
Mycobacterium rufum	318424	S	10775	2992	13767	0.00039
Mycobacterium dioxanotrophicus	482462	S	9728	2219	11947	0.00033
Mycobacterium holsaticum	152142	S	9690	1453	11143	0.00031
Mycobacterium paraterrae	577492	S	8228	868	9096	0.00025
Mycobacterium branderi	43348	S	8036	933	8969	0.00025
Mycobacterium diernhoferi	1801	S	7979	1493	9472	0.00026
Mycobacterium goodii	134601	S	7967	2693	10660	0.00030
Mycobacterium frederiksbergense	117567	S	7829	2258	10087	0.00028
Mycobacterium paragordonae	1389713	S	7577	869	8446	0.00024
Mycobacterium conspicuum	44010	S	7492	882	8374	0.00023
Mycobacterium cookii	1775	S	7118	684	7802	0.00022
Mycobacterium canettii	78331	S	2327	1549	3876	0.00011
Mycobacterium tuberculosis	1773	S	1385	30162	31547	0.00088
Mycobacterium gordonae	1778	S	6177	492	6669	0.00019
Mycobacterium koreense	1069220	S	5822	1590	7412	0.00021
Mycobacterium noviomagense	459858	S	5282	407	5689	0.00016
Mycobacterium paraseoulense	590652	S	5051	988	6039	0.00017
Mycobacterium heckeshornense	110505	S	4991	379	5370	0.00015
Mycobacterium riyadhense	486698	S	4900	199	5099	0.00014
Mycobacterium vicinigordonae	1719132	S	4882	251	5133	0.00014
Mycobacterium kansasii	1768	S	4756	6755	11511	0.00032
Mycobacterium malmoense	1780	S	4619	697	5316	0.00015
Mycobacterium lacus	169765	S	4597	328	4925	0.00014
Mycobacterium shinjukuense	398694	S	4581	429	5010	0.00014
Mycobacterium seoulense	386911	S	4352	987	5339	0.00015
Mycobacterium virginiense	1795032	S	4343	1094	5437	0.00015
Mycobacterium xenopi	1789	S	4190	470	4660	0.00013
Mycobacterium ostraviense	2738409	S	4164	405	4569	0.00013
Mycobacterium spongiae	886343	S	3657	99	3756	0.00011
Mycobacterium basiliense	2094119	S	3626	126	3752	0.00010
Mycobacterium crocinum	388459	S	3024	1634	4658	0.00013
Mycobacterium haemophilum	29311	S	2478	119	2597	0.00007
Mycobacterium marinum	1781	S	1118	4431	5549	0.00016
Mycobacterium senegalense	1796	S	1030	5289	6319	0.00018
Mycobacterium novum	2492438	S	559	7188	7747	0.00022
Mycobacterium lepromatosis	480418	S	519	13	532	0.00001
Mycobacterium leprae	1769	S	508	14	522	0.00001
Mycobacterium ulcerans	1809	S	478	2316	2794	0.00008
Mycobacterium pallens	370524	S	260	2422	2682	0.00008
Mycobacterium shottsii	133549	S	236	415	651	0.00002
Mycobacterium pseudoshottsii	265949	S	114	697	811	0.00002
Mycolicibacter sp. MYC340	2855503	S	4106	1028	5134	0.00014
Mycolicibacter sp. MYC098	2872309	S	3650	921	4571	0.00013
Mycolicibacter sp. MYC017	2875777	S	2509	2033	4542	0.00013
Mycolicibacter sp. MYC123	2855502	S	641	2771	3412	0.00010
Mycolicibacter sp. MYC101	2872311	S	628	2660	3288	0.00009
Mycolicibacter terrae	1788	S	4663	1455	6118	0.00017
Mycolicibacter hiberniae	29314	S	4527	960	5487	0.00015
Mycolicibacter minnesotensis	1118379	S	3251	565	3816	0.00011
Mycolicibacter sinensis	875328	S	654	6873	7527	0.00021
Mycobacteroides abscessus	36809	S	7205	5622	12827	0.00036
Mycobacteroides chelonae	1774	S	4594	4602	9196	0.00026
Mycobacteroides saopaulense	1578165	S	2854	328	3182	0.00009
Mycobacteroides immunogenum	83262	S	2852	532	3384	0.00009
Mycobacteroides salmoniphilum	404941	S	2505	231	2736	0.00008
[Mycobacterium] stephanolepidis	1520670	S	1435	304	1739	0.00005
Mycolicibacillus parakoreensis	1069221	S	6286	1739	8025	0.00022
Hoyosella subflava	639313	S	2689	157	2846	0.00008
Rhodococcus sp. X156	2499145	S	12914	4468	17382	0.00049
Rhodococcus sp. MTM3W5.2	1805827	S	9628	2319	11947	0.00033
Rhodococcus sp. SGAir0479	2567884	S	8691	2575	11266	0.00032
Rhodococcus sp. W8901	2742603	S	8139	2176	10315	0.00029
Rhodococcus sp. PBTS 1	1653478	S	7963	2066	10029	0.00028
Rhodococcus sp. ABRD24	2507582	S	4933	888	5821	0.00016
Rhodococcus sp. R79	2811421	S	4814	3091	7905	0.00022
Rhodococcus sp. USK10	2789739	S	3862	2604	6466	0.00018
Rhodococcus sp. B7740	1564114	S	3738	532	4270	0.00012
Rhodococcus sp. P1Y	1302308	S	3647	347	3994	0.00011
Rhodococcus sp. WMMA185	679318	S	3133	414	3547	0.00010
Rhodococcus sp. USK13	2806442	S	2402	1729	4131	0.00012
Rhodococcus sp. WAY2	2663121	S	2294	2042	4336	0.00012
Rhodococcus sp. RDE2	2885078	S	1902	1832	3734	0.00010
Rhodococcus sp. WB9	2594007	S	1353	1820	3173	0.00009
Rhodococcus sp. ZPP	2749906	S	1223	3482	4705	0.00013
Rhodococcus sp. S2-17	1990687	S	1081	3196	4277	0.00012
Rhodococcus sp. DMU1	2722825	S	1007	3740	4747	0.00013
Rhodococcus sp. M8	1925550	S	984	3015	3999	0.00011
Rhodococcus sp. 21391	2683591	S	521	2415	2936	0.00008
Rhodococcus sp. P-2	2795031	S	459	570	1029	0.00003
Rhodococcus sp. WB1	1033922	S	459	3894	4353	0.00012
Rhodococcus sp. 2G	1570939	S	418	1681	2099	0.00006
Rhodococcus sp. p52	935199	S	306	1623	1929	0.00005
Rhodococcus sp. DMF-1	2907624	S	244	1917	2161	0.00006
Rhodococcus sp. LW-XY12	2856851	S	225	1933	2158	0.00006
Rhodococcus sp. PSBB049	2812863	S	214	3059	3273	0.00009
Rhodococcus sp. YL-1	1045808	S	210	945	1155	0.00003
Rhodococcus sp. AQ5-07	2054902	S	192	687	879	0.00002
Rhodococcus sp. 008	1723645	S	175	1109	1284	0.00004
Rhodococcus sp. NJ-530	2490853	S	149	873	1022	0.00003
Rhodococcus sp. H-CA8f	1727214	S	133	596	729	0.00002
Rhodococcus sp. BH4	1807790	S	125	837	962	0.00003
Rhodococcus opacus	37919	S	22300	22660	44960	0.00126
Rhodococcus equi	43767	S	12848	4812	17660	0.00049
Rhodococcus fascians	1828	S	10387	2308	12695	0.00036
Rhodococcus rhodochrous	1829	S	7354	4224	11578	0.00032
Rhodococcus triatomae	300028	S	6466	1875	8341	0.00023
Rhodococcus coprophilus	38310	S	6051	1081	7132	0.00020
Rhodococcus koreensis	99653	S	5849	1749	7598	0.00021
Rhodococcus jostii	132919	S	4063	1685	5748	0.00016
Rhodococcus erythropolis	1833	S	1798	8132	9930	0.00028
Rhodococcus qingshengii	334542	S	1549	8622	10171	0.00028
Rhodococcus pyridinivorans	103816	S	3589	13547	17136	0.00048
Rhodococcus ruber	1830	S	3472	11044	14516	0.00041
Rhodococcus globerulus	33008	S	2918	348	3266	0.00009
Rhodococcus aetherivorans	191292	S	1003	9165	10168	0.00028
Nocardia asteroides	1824	S	47116	16008	63124	0.00177
Nocardia brasiliensis	37326	S	26549	7236	33785	0.00095
Nocardia terpenica	455432	S	18046	3228	21274	0.00060
Nocardia cyriacigeorgica	135487	S	16983	7229	24212	0.00068
Nocardia farcinica	37329	S	14106	8687	22793	0.00064
Nocardia wallacei	480035	S	10993	3132	14125	0.00040
Nocardia arthritidis	228602	S	10682	1340	12022	0.00034
Nocardia sp. CS682	1047172	S	9782	2342	12124	0.00034
Nocardia gipuzkoensis	2749991	S	9089	3319	12408	0.00035
Nocardia huaxiensis	2755382	S	9076	1792	10868	0.00030
Nocardia yamanashiensis	209247	S	9031	1810	10841	0.00030
Nocardia tengchongensis	2055889	S	8980	2250	11230	0.00031
Nocardia nova	37330	S	8767	1236	10003	0.00028
Nocardia otitidiscaviarum	1823	S	8739	1732	10471	0.00029
Nocardia yunnanensis	2382165	S	8734	2135	10869	0.00030
Nocardia iowensis	204891	S	8573	1862	10435	0.00029
Nocardia mangyaensis	2213200	S	8234	2185	10419	0.00029
Nocardia seriolae	37332	S	8095	2183	10278	0.00029
Corynebacterium cyclohexanicum	322009	S	7798	2913	10711	0.00030
Corynebacterium frankenforstense	1230998	S	5708	1630	7338	0.00021
Corynebacterium xerosis	1725	S	5657	3041	8698	0.00024
Corynebacterium sphenisci	191493	S	5498	1609	7107	0.00020
Corynebacterium bovis	36808	S	5126	1146	6272	0.00018
Corynebacterium halotolerans	225326	S	4073	887	4960	0.00014
Corynebacterium nuruki	1032851	S	3935	892	4827	0.00014
Corynebacterium freneyi	134034	S	3860	1409	5269	0.00015
Corynebacterium vitaeruminis	38305	S	3305	959	4264	0.00012
Corynebacterium humireducens	1223514	S	3201	885	4086	0.00011
Corynebacterium sp. CNCTC7651	2815361	S	1545	291	1836	0.00005
Corynebacterium sp. NML98-0116	702967	S	957	337	1294	0.00004
Corynebacterium sp. 1864	2820399	S	263	459	722	0.00002
Corynebacterium sp. FDAARGOS 1242	2778078	S	200	449	649	0.00002
Corynebacterium sp. 4H37-19	2684405	S	166	18	184	0.00001
Corynebacterium maris	575200	S	3132	481	3613	0.00010
Corynebacterium variabile	1727	S	2780	1503	4283	0.00012
Corynebacterium marinum	349751	S	2727	945	3672	0.00010
Corynebacterium doosanense	1121358	S	2684	1160	3844	0.00011
Corynebacterium timonense	441500	S	2657	616	3273	0.00009
Corynebacterium yudongzhengii	2080740	S	2436	429	2865	0.00008
Corynebacterium liangguodongii	2079535	S	2410	525	2935	0.00008
Corynebacterium mycetoides	38302	S	2211	971	3182	0.00009
Corynebacterium comes	2675218	S	2152	509	2661	0.00007
Corynebacterium terpenotabidum	89154	S	2075	581	2656	0.00007
Corynebacterium provencense	1737425	S	2065	480	2545	0.00007
Corynebacterium glyciniphilum	1404244	S	2011	247	2258	0.00006
Corynebacterium uterequi	1072256	S	1957	330	2287	0.00006
Corynebacterium atypicum	191610	S	1927	516	2443	0.00007
Corynebacterium imitans	156978	S	1853	1243	3096	0.00009
Corynebacterium sanguinis	2594913	S	1838	1125	2963	0.00008
Corynebacterium jeikeium	38289	S	1785	4267	6052	0.00017
Corynebacterium urealyticum	43771	S	1753	1892	3645	0.00010
Corynebacterium ureicelerivorans	401472	S	1646	517	2163	0.00006
Corynebacterium uberis	2883169	S	1546	189	1735	0.00005
Corynebacterium lujinxingii	2763010	S	1539	494	2033	0.00006
Corynebacterium efficiens	152794	S	1414	252	1666	0.00005
Corynebacterium qintianiae	2709392	S	1409	373	1782	0.00005
Corynebacterium falsenii	108486	S	1389	548	1937	0.00005
Corynebacterium glaucum	187491	S	1348	281	1629	0.00005
Corynebacterium genitalium	38288	S	1257	264	1521	0.00004
Corynebacterium testudinoris	136857	S	1210	244	1454	0.00004
Corynebacterium coyleae	53374	S	1209	291	1500	0.00004
Corynebacterium incognita	2754725	S	1120	250	1370	0.00004
Corynebacterium aurimucosum	169292	S	1112	528	1640	0.00005
Corynebacterium striatum	43770	S	1093	891	1984	0.00006
Corynebacterium glucuronolyticum	39791	S	1085	253	1338	0.00004
Corynebacterium occultum	2675219	S	1057	192	1249	0.00003
Corynebacterium tuberculostearicum	38304	S	1050	610	1660	0.00005
Corynebacterium lactis	1231000	S	944	148	1092	0.00003
Corynebacterium kroppenstedtii	161879	S	907	90	997	0.00003
Corynebacterium aquilae	203263	S	904	142	1046	0.00003
Corynebacterium riegelii	156976	S	869	208	1077	0.00003
Corynebacterium endometrii	2488819	S	832	167	999	0.00003
Corynebacterium zhongnanshanii	2768834	S	800	115	915	0.00003
Corynebacterium matruchotii	43768	S	799	59	858	0.00002
Corynebacterium renale	1724	S	795	98	893	0.00002
Corynebacterium flavescens	28028	S	658	195	853	0.00002
Corynebacterium camporealensis	161896	S	640	162	802	0.00002
Corynebacterium lizhenjunii	2709394	S	629	116	745	0.00002
Corynebacterium minutissimum	38301	S	618	569	1187	0.00003
Corynebacterium urogenitale	2487892	S	616	112	728	0.00002
Corynebacterium epidermidicanis	1050174	S	603	101	704	0.00002
Corynebacterium singulare	161899	S	585	529	1114	0.00003
Corynebacterium simulans	146827	S	582	408	990	0.00003
Corynebacterium kalinowskii	2675216	S	582	326	908	0.00003
Corynebacterium gerontici	2079234	S	479	97	576	0.00002
Corynebacterium phocae	161895	S	463	69	532	0.00001
Corynebacterium cystitidis	35757	S	462	29	491	0.00001
Corynebacterium propinquum	43769	S	435	187	622	0.00002
Corynebacterium macginleyi	38290	S	405	97	502	0.00001
Corynebacterium diphtheriae	1717	S	392	653	1045	0.00003
Corynebacterium argentoratense	42817	S	391	88	479	0.00001
Corynebacterium pseudodiphtheriticum	37637	S	362	113	475	0.00001
Corynebacterium choanae	1862358	S	352	38	390	0.00001
Corynebacterium pelargi	1471400	S	348	110	458	0.00001
Corynebacterium deserti	1408191	S	327	111	438	0.00001
Corynebacterium ulcerans	65058	S	317	152	469	0.00001
Corynebacterium stationis	1705	S	312	76	388	0.00001
Corynebacterium pseudopelargi	2080757	S	308	102	410	0.00001
Corynebacterium kefirresidentii	1979527	S	305	192	497	0.00001
Corynebacterium glutamicum	1718	S	299	4802	5101	0.00014
Corynebacterium casei	160386	S	298	323	621	0.00002
Corynebacterium resistens	258224	S	292	153	445	0.00001
Corynebacterium hindlerae	699041	S	264	438	702	0.00002
Corynebacterium ammoniagenes	1697	S	253	53	306	0.00001
Corynebacterium accolens	38284	S	241	502	743	0.00002
Corynebacterium mustelae	571915	S	233	19	252	0.00001
Corynebacterium segmentosum	43990	S	218	455	673	0.00002
Corynebacterium anserum	2684406	S	216	27	243	0.00001
Corynebacterium amycolatum	43765	S	190	1257	1447	0.00004
Corynebacterium pseudotuberculosis	1719	S	188	241	429	0.00001
Corynebacterium suranareeae	2506452	S	155	43	198	0.00001
Corynebacterium rouxii	2719119	S	154	83	237	0.00001
Corynebacterium callunae	1721	S	146	47	193	0.00001
Corynebacterium silvaticum	2320431	S	146	57	203	0.00001
Corynebacterium crudilactis	1652495	S	134	173	307	0.00001
Gordonia sp. PP30	2935861	S	7499	2062	9561	0.00027
Gordonia sp. KTR9	337191	S	5603	1138	6741	0.00019
Gordonia sp. YC-JH1	2059875	S	5338	3553	8891	0.00025
Gordonia sp. PDNC005	2811424	S	4068	604	4672	0.00013
Gordonia sp. WA4-43	2878678	S	914	3044	3958	0.00011
Gordonia sp. JH63	2698900	S	713	2262	2975	0.00008
Gordonia sp. 135	2676309	S	403	2660	3063	0.00009
Gordonia sp. 1D	1737359	S	223	3305	3528	0.00010
Gordonia polyisoprenivorans	84595	S	11875	2343	14218	0.00040
Gordonia terrae	2055	S	8778	4916	13694	0.00038
Gordonia insulae	2420509	S	7088	985	8073	0.00023
Gordonia phthalatica	1136941	S	6531	2547	9078	0.00025
Gordonia amarae	36821	S	6157	1205	7362	0.00021
Gordonia jinghuaiqii	2758710	S	6052	1179	7231	0.00020
Gordonia bronchialis	2054	S	5867	1342	7209	0.00020
Gordonia iterans	1004901	S	5771	1917	7688	0.00022
Gordonia rubripertincta	36822	S	5259	3019	8278	0.00023
Gordonia pseudoamarae	2831662	S	5000	936	5936	0.00017
Gordonia otitidis	249058	S	4524	731	5255	0.00015
Gordonia zhaorongruii	2597659	S	3570	641	4211	0.00012
Gordonia alkanivorans	84096	S	1384	5035	6419	0.00018
Gordonia amicalis	89053	S	986	7039	8025	0.00022
Gordonia hongkongensis	1701090	S	786	2440	3226	0.00009
Skermania piniformis	39122	S	6278	754	7032	0.00020
Tsukamurella paurometabola	2061	S	12403	6069	18472	0.00052
Tsukamurella tyrosinosolvens	57704	S	10689	4735	15424	0.00043
Tsukamurella pulmonis	47312	S	7426	2641	10067	0.00028
Tsukamurella sp. PLM1	2929795	S	7298	2374	9672	0.00027
Dietzia sp. oral taxon 368	712270	S	4183	7663	11846	0.00033
Dietzia lutea	546160	S	4970	2820	7790	0.00022
Dietzia psychralcaliphila	139021	S	4583	1297	5880	0.00016
Dietzia timorensis	499555	S	3513	1858	5371	0.00015
Tomitella gaofuii	2760083	S	7433	2273	9706	0.00027
Tomitella fengzijianii	2597660	S	6666	2200	8866	0.00025
Segniliparus rotundus	286802	S	3375	196	3571	0.00010
Lawsonella clevelandensis	1528099	S	498	59	557	0.00002
Nocardioides sp. G188	2849501	S	72294	24332	96626	0.00270
Nocardioides sp. zg-1228	2763008	S	54699	26480	81179	0.00227
Nocardioides sp. LMS-CY	2840457	S	47320	17033	64353	0.00180
Nocardioides sp. JS614	196162	S	45962	15009	60971	0.00171
Nocardioides sp. S5	2017486	S	44457	24636	69093	0.00193
Nocardioides sp. HDW12B	2714939	S	41618	14961	56579	0.00158
Nocardioides sp. TF02-7	2917724	S	36403	12953	49356	0.00138
Nocardioides sp. W7	2931390	S	32967	12318	45285	0.00127
Nocardioides sp. zg-579	2663857	S	32210	17881	50091	0.00140
Nocardioides sp. cx-173	2898796	S	32029	12112	44141	0.00123
Nocardioides sp. S-1144	2582905	S	31870	13494	45364	0.00127
Nocardioides sp. SCSIO 67246	2872154	S	28888	8403	37291	0.00104
Nocardioides sp. InS609-2	2760705	S	27532	7003	34535	0.00097
Nocardioides sp. 603	2483798	S	26119	13270	39389	0.00110
Nocardioides sp. CF8	110319	S	24924	11357	36281	0.00101
Nocardioides sp. MC1495	2736757	S	22542	8811	31353	0.00088
Nocardioides sp. JQ2195	2592334	S	20379	4683	25062	0.00070
Nocardioides sp. zg-536	2803858	S	19435	9254	28689	0.00080
Nocardioides sp. WS12	2486272	S	17309	3371	20680	0.00058
Nocardioides sp. dk884	2662361	S	16646	19443	36089	0.00101
Nocardioides sp. ZJ1313	2685869	S	16541	19480	36021	0.00101
Nocardioides sp. Kera G14	2884264	S	16268	3787	20055	0.00056
Nocardioides anomalus	2712223	S	53584	17849	71433	0.00200
Nocardioides cynanchi	2558918	S	50666	13298	63964	0.00179
Nocardioides mesophilus	433659	S	43406	14392	57798	0.00162
Nocardioides okcheonensis	2894081	S	41187	20872	62059	0.00174
Nocardioides ungokensis	1643322	S	39898	15330	55228	0.00155
Nocardioides euryhalodurans	2518370	S	34415	11563	45978	0.00129
Nocardioides dongkuii	2760089	S	29587	16151	45738	0.00128
Nocardioides humi	449461	S	27767	10090	37857	0.00106
Nocardioides aromaticivorans	200618	S	26595	11063	37658	0.00105
Nocardioides aquaticus	160826	S	24041	8113	32154	0.00090
Nocardioides rotundus	1774216	S	23335	9794	33129	0.00093
Nocardioides marinisabuli	419476	S	22399	13726	36125	0.00101
Nocardioides dokdonensis	450734	S	20885	10717	31602	0.00088
Nocardioides seonyuensis	2518371	S	20640	6109	26749	0.00075
Nocardioides sambongensis	2589074	S	19836	6252	26088	0.00073
Nocardioides piscis	2714938	S	17886	7458	25344	0.00071
Nocardioides houyundeii	2045452	S	17113	5772	22885	0.00064
Nocardioides panacisoli	627624	S	16690	4551	21241	0.00059
Nocardioides daphniae	402297	S	13010	6523	19533	0.00055
Nocardioides jishulii	2575440	S	11078	4434	15512	0.00043
Nocardioides baekrokdamisoli	1804624	S	7870	1109	8979	0.00025
Nocardioides yefusunii	2500546	S	7844	2543	10387	0.00029
Aeromicrobium sp. Leaf245	1736306	S	12428	4096	16524	0.00046
Aeromicrobium sp. A1-2	2107713	S	10341	1572	11913	0.00033
Aeromicrobium sp. zg-629	2663859	S	9502	3333	12835	0.00036
Aeromicrobium erythreum	2041	S	13739	4389	18128	0.00051
Aeromicrobium chenweiae	2079793	S	13222	4733	17955	0.00050
Aeromicrobium choanae	1736691	S	12722	4103	16825	0.00047
Aeromicrobium yanjiei	2662028	S	11536	3828	15364	0.00043
Aeromicrobium marinum	219314	S	10880	2552	13432	0.00038
Friedmanniella luteola	546871	S	34711	7406	42117	0.00118
Marmoricola scoriae	642780	S	25633	10454	36087	0.00101
Pimelobacter simplex	2045	S	22996	9213	32209	0.00090
Mumia sp. ZJ1417	2708082	S	15005	2861	17866	0.00050
Micropruina glycogenica	75385	S	7162	1120	8282	0.00023
Microlunatus sagamiharensis	546874	S	24500	5963	30463	0.00085
Microlunatus soli	630515	S	12797	1350	14147	0.00040
Microlunatus phosphovorus	29405	S	12200	1541	13741	0.00038
Microlunatus sp. Gsoil 973	2672569	S	11809	990	12799	0.00036
Microlunatus elymi	2596828	S	10991	1298	12289	0.00034
Tessaracoccus sp. J1M15	2829499	S	6211	1868	8079	0.00023
Tessaracoccus sp. MC1865	2760310	S	4484	1169	5653	0.00016
Tessaracoccus defluvii	1285901	S	6470	4048	10518	0.00029
Tessaracoccus aquimaris	1332264	S	6345	2932	9277	0.00026
Tessaracoccus flavescens	399497	S	5314	3995	9309	0.00026
Tessaracoccus flavus	1610493	S	4790	3480	8270	0.00023
Tessaracoccus timonensis	2161816	S	2696	1292	3988	0.00011
Brevilactibacter coleopterorum	2714937	S	9503	4357	13860	0.00039
Brevilactibacter sp. MC1595	2819349	S	8984	3660	12644	0.00035
Acidipropionibacterium acidipropionici	1748	S	5637	3330	8967	0.00025
Acidipropionibacterium jensenii	1749	S	5222	3187	8409	0.00024
Acidipropionibacterium virtanenii	2057246	S	3631	695	4326	0.00012
Propionibacterium acidifaciens	556499	S	5729	1256	6985	0.00020
Propionibacterium freudenreichii	1744	S	4204	3805	8009	0.00022
Propionibacterium australiense	119981	S	4136	692	4828	0.00014
Auraticoccus monumenti	675864	S	13649	2638	16287	0.00046
Raineyella fluvialis	2662261	S	7148	1032	8180	0.00023
Cutibacterium avidum	33010	S	2977	746	3723	0.00010
Cutibacterium granulosum	33011	S	1531	274	1805	0.00005
Cutibacterium acnes	1747	S	1027	8969	9996	0.00028
Cutibacterium modestum	2559073	S	633	63	696	0.00002
Arachnia propionica	1750	S	4173	511	4684	0.00013
Arachnia rubra	1547448	S	2106	247	2353	0.00007
Vaginimicrobium propionicum	1871034	S	185	71	256	0.00001
Kribbella flavida	182640	S	76918	18438	95356	0.00267
Kribbella qitaiheensis	1544730	S	58876	9597	68473	0.00192
Actinopolymorpha singaporensis	117157	S	23944	2870	26814	0.00075
Amycolatopsis sp. Hca4	2742131	S	48016	17411	65427	0.00183
Amycolatopsis sp. DSM 110486	2865832	S	44049	9157	53206	0.00149
Amycolatopsis sp. WQ 127309	2932773	S	43491	12307	55798	0.00156
Amycolatopsis sp. FDAARGOS 1241	2778070	S	31161	7109	38270	0.00107
Amycolatopsis sp. CA-230715	2745196	S	27015	4340	31355	0.00088
Amycolatopsis sp. YIM 10	2653857	S	23778	7021	30799	0.00086
Amycolatopsis sp. FU40	2914159	S	17749	7991	25740	0.00072
Amycolatopsis sp. BJA-103	1911175	S	16263	6374	22637	0.00063
Amycolatopsis sp. AA4	1896961	S	15589	8173	23762	0.00066
Amycolatopsis sp. TNS106	2861750	S	10988	6261	17249	0.00048
Amycolatopsis sp. EV170708-02-1	2919322	S	8430	7835	16265	0.00046
Amycolatopsis mediterranei	33910	S	52071	49232	101303	0.00283
Amycolatopsis pretoriensis	218821	S	44225	14077	58302	0.00163
Amycolatopsis acidiphila	715473	S	31183	6964	38147	0.00107
Amycolatopsis keratiniphila	129921	S	13027	10300	23327	0.00065
Amycolatopsis japonica	208439	S	7119	6438	13557	0.00038
Amycolatopsis thermalba	944492	S	21509	9051	30560	0.00085
Amycolatopsis albispora	1804986	S	21441	12619	34060	0.00095
Amycolatopsis methanolica	1814	S	21096	8409	29505	0.00083
Amycolatopsis aidingensis	2842453	S	18599	2320	20919	0.00059
Amycolatopsis orientalis	31958	S	16307	5340	21647	0.00061
Pseudonocardia sp. DSM 110487	2865833	S	139140	21026	160166	0.00448
Pseudonocardia sp. CGMCC 4.1532	2761535	S	34988	21375	56363	0.00158
Pseudonocardia sp. HH130630-07	1690815	S	24302	10775	35077	0.00098
Pseudonocardia sp. AL041005-10	445576	S	20042	9835	29877	0.00084
Pseudonocardia sp. HH130629-09	1641402	S	16531	11277	27808	0.00078
Pseudonocardia sp. EC080625-04	1096868	S	454	26175	26629	0.00074
Pseudonocardia broussonetiae	2736640	S	50236	17802	68038	0.00190
Pseudonocardia dioxanivorans	240495	S	48509	13797	62306	0.00174
Pseudonocardia abyssalis	2792008	S	26744	14632	41376	0.00116
Pseudonocardia autotrophica	2074	S	26318	7598	33916	0.00095
Saccharothrix sp. 6-C	2781735	S	51579	18474	70053	0.00196
Saccharothrix syringae	103733	S	37787	13833	51620	0.00144
Saccharothrix espanaensis	103731	S	28564	8911	37475	0.00105
Saccharopolyspora erythraea	1836	S	36100	10807	46907	0.00131
Saccharopolyspora gregorii	33914	S	13788	2994	16782	0.00047
Saccharopolyspora spinosa	60894	S	7647	5109	12756	0.00036
Saccharopolyspora pogona	333966	S	6413	7770	14183	0.00040
Saccharopolyspora sp. ASAGF58	2719023	S	4451	5987	10438	0.00029
Kutzneria sp. CA-103260	2802641	S	43041	9956	52997	0.00148
Kutzneria albida	43357	S	24623	6073	30696	0.00086
Saccharomonospora marina	632569	S	13293	3370	16663	0.00047
Saccharomonospora azurea	40988	S	9789	3236	13025	0.00036
Saccharomonospora cyanea	40989	S	8845	3548	12393	0.00035
Saccharomonospora xinjiangensis	75294	S	7669	1402	9071	0.00025
Saccharomonospora glauca	40990	S	6900	2739	9639	0.00027
Saccharomonospora viridis	1852	S	5744	969	6713	0.00019
Lentzea guizhouensis	1586287	S	47300	10664	57964	0.00162
Kibdelosporangium phytohabitans	860235	S	35977	4625	40602	0.00114
Actinosynnema pretiosum	42197	S	10499	21563	32062	0.00090
Actinosynnema mirum	40567	S	1119	10708	11827	0.00033
Actinoalloteichus hoggarensis	1470176	S	11078	1627	12705	0.00036
Actinoalloteichus hymeniacidonis	340345	S	8138	844	8982	0.00025
Actinoalloteichus sp. GBA129-24	1612551	S	451	5992	6443	0.00018
Actinoalloteichus fjordicus	1612552	S	392	6290	6682	0.00019
Alloactinosynnema sp. L-07	1653480	S	24530	5817	30347	0.00085
Allokutzneria albata	211114	S	23079	5910	28989	0.00081
Prauserella marina	530584	S	11147	1084	12231	0.00034
Allosaccharopolyspora coralli	2665642	S	9224	2131	11355	0.00032
Micromonospora sp. WMMC415	2675222	S	21188	7932	29120	0.00081
Micromonospora sp. HM134	2583243	S	16352	7249	23601	0.00066
Micromonospora sp. WMMA2032	2039870	S	16295	10521	26816	0.00075
Micromonospora sp. B006	2201999	S	13734	10456	24190	0.00068
Micromonospora sp. L5	648999	S	1269	13138	14407	0.00040
Micromonospora terminaliae	1914461	S	32321	16208	48529	0.00136
Micromonospora krabiensis	307121	S	24872	8551	33423	0.00094
Micromonospora carbonacea	47853	S	23677	10548	34225	0.00096
Micromonospora echinaurantiaca	47857	S	23425	11248	34673	0.00097
Micromonospora coriariae	285665	S	22644	8051	30695	0.00086
Micromonospora inositola	47865	S	21403	10478	31881	0.00089
Micromonospora echinofusca	47858	S	20820	9430	30250	0.00085
Micromonospora purpureochromogenes	47872	S	19322	10199	29521	0.00083
Micromonospora auratinigra	261654	S	18618	9750	28368	0.00079
Micromonospora viridifaciens	1881	S	18493	8012	26505	0.00074
Micromonospora siamensis	299152	S	18473	8831	27304	0.00076
Micromonospora ferruginea	2749844	S	18306	10493	28799	0.00081
Micromonospora coxensis	356852	S	18005	9925	27930	0.00078
Micromonospora echinospora	1877	S	17211	5973	23184	0.00065
Micromonospora chokoriensis	356851	S	16845	5441	22286	0.00062
Micromonospora zamorensis	709883	S	16483	5265	21748	0.00061
Micromonospora sagamiensis	47875	S	16430	6257	22687	0.00063
Micromonospora narathiwatensis	299146	S	16004	7472	23476	0.00066
Micromonospora maris	1003110	S	15845	4844	20689	0.00058
Micromonospora endophytica (Xie et al. 2001) Li et al. 2019	515350	S	15085	4616	19701	0.00055
Micromonospora rifamycinica	291594	S	14769	6609	21378	0.00060
Micromonospora craniellae	2294034	S	11451	7201	18652	0.00052
Micromonospora tulbaghiae	479978	S	11127	11774	22901	0.00064
Micromonospora aurantiaca	47850	S	7243	47781	55024	0.00154
Actinoplanes sp. N902-109	649831	S	66554	20762	87316	0.00244
Actinoplanes sp. L3-i22	2836373	S	60432	44039	104471	0.00292
Actinoplanes sp. OR16	946334	S	48249	23853	72102	0.00202
Actinoplanes friuliensis	196914	S	72626	12531	85157	0.00238
Actinoplanes ianthinogenes	122358	S	48288	20864	69152	0.00193
Actinoplanes missouriensis	1866	S	46049	16237	62286	0.00174
Actinoplanes teichomyceticus	1867	S	44008	19917	63925	0.00179
Actinoplanes derwentensis	113562	S	37945	6250	44195	0.00124
Couchioplanes caeruleus	56438	S	90158	24129	114287	0.00320
Phytohabitans suffuscus	624315	S	41581	10841	52422	0.00147
Phytohabitans flavus	1076124	S	34532	6927	41459	0.00116
Dactylosporangium vinaceum	53362	S	62227	7427	69654	0.00195
Plantactinospora sp. KBS50	2024580	S	24909	6501	31410	0.00088
Plantactinospora sp. BC1	2108470	S	5367	15678	21045	0.00059
Plantactinospora sp. BB1	2071627	S	5253	15181	20434	0.00057
Actinocatenispora sera	390989	S	22439	6788	29227	0.00082
Actinocatenispora thailandica	227318	S	22174	6367	28541	0.00080
Catellatospora sp. IY07-71	2728827	S	36673	8644	45317	0.00127
Polymorphospora rubra	338584	S	27732	6468	34200	0.00096
Natronosporangium hydrolyticum	2811111	S	14484	1064	15548	0.00043
Verrucosispora sp. NA02020	2742132	S	11589	9141	20730	0.00058
Salinispora tropica	168695	S	8756	1552	10308	0.00029
Blastococcus sp. PRF04-17	2933797	S	169703	62141	231844	0.00649
Blastococcus saxobsidens	138336	S	123105	40241	163346	0.00457
Modestobacter marinus	477641	S	139592	51803	191395	0.00535
Modestobacter sp. L9-4	2851567	S	75609	30992	106601	0.00298
Geodermatophilus obscurus	1861	S	166762	59365	226127	0.00633
Actinomadura sp. NAK00032	2742128	S	34983	14710	49693	0.00139
Actinomadura sp. WMMA1423	2591108	S	33755	11911	45666	0.00128
Actinomadura sp. WMMB 499	1219491	S	30412	8352	38764	0.00108
Actinomadura madurae	1993	S	40579	14647	55226	0.00154
Actinomadura verrucosospora	46165	S	40175	14358	54533	0.00153
Actinomadura graeca	2750812	S	27626	7482	35108	0.00098
Thermomonospora amylolytica	1411117	S	26164	11075	37239	0.00104
Thermomonospora curvata	2020	S	17251	5797	23048	0.00064
Nonomuraea nitratireducens	2656914	S	41635	9809	51444	0.00144
Nonomuraea sp. ATCC 55076	1909395	S	40444	14002	54446	0.00152
Nonomuraea gerenzanensis	93944	S	37930	13727	51657	0.00145
Nonomuraea coxensis	404386	S	33701	10675	44376	0.00124
Streptosporangium sp. 'caverna'	2202249	S	37158	8547	45705	0.00128
Streptosporangium roseum	2001	S	27218	7953	35171	0.00098
Thermobispora bispora	2006	S	17218	4368	21586	0.00060
Nocardiopsis sp. MT53	2865672	S	14460	3757	18217	0.00051
Nocardiopsis sp. HDS12	2831968	S	4498	4330	8828	0.00025
Nocardiopsis gilva	280236	S	11347	2523	13870	0.00039
Nocardiopsis dassonvillei	2014	S	7803	7918	15721	0.00044
Nocardiopsis alba	53437	S	7400	1465	8865	0.00025
Thermobifida halotolerans	483545	S	8983	3055	12038	0.00034
Thermobifida alba	53522	S	8612	3555	12167	0.00034
Thermobifida fusca	2021	S	4246	759	5005	0.00014
Streptomonospora litoralis	2498135	S	12814	2749	15563	0.00044
Spiractinospora alimapuensis	2820884	S	8684	622	9306	0.00026
Frankia inefficax	298654	S	30025	3860	33885	0.00095
Frankia sp. QA3	710111	S	12338	5235	17573	0.00049
Frankia sp. ArI3	1858	S	9317	6189	15506	0.00043
Candidatus Frankia datiscae	2716812	S	12169	1972	14141	0.00040
Frankia casuarinae	106370	S	10431	1178	11609	0.00032
Frankia alni	1859	S	10411	7180	17591	0.00049
Actinomyces sp. oral taxon 414	712122	S	4472	905	5377	0.00015
Actinomyces sp. MAS-1	2755559	S	2918	581	3499	0.00010
Actinomyces sp. Z16	2079536	S	2629	862	3491	0.00010
Actinomyces sp. Chiba101	1851395	S	2284	987	3271	0.00009
Actinomyces sp. 432	2057798	S	2123	450	2573	0.00007
Actinomyces sp. oral taxon 171	706438	S	1181	849	2030	0.00006
Actinomyces sp. oral taxon 169	712116	S	636	1008	1644	0.00005
Actinomyces sp. HMT897	2789424	S	522	1457	1979	0.00006
Actinomyces sp. oral taxon 897	2081702	S	498	1418	1916	0.00005
Actinomyces sp. HMT 175	2789425	S	394	1398	1792	0.00005
Actinomyces radicidentis	111015	S	5694	2385	8079	0.00023
Actinomyces howellii	52771	S	4468	711	5179	0.00014
Actinomyces respiraculi	2744574	S	3168	763	3931	0.00011
Actinomyces slackii	52774	S	2893	495	3388	0.00009
Actinomyces procaprae	2560010	S	2736	919	3655	0.00010
Actinomyces viscosus	1656	S	2263	870	3133	0.00009
Actinomyces faecalis	2722820	S	2249	331	2580	0.00007
Actinomyces qiguomingii	2057800	S	2060	271	2331	0.00007
Actinomyces weissii	675090	S	1981	401	2382	0.00007
Actinomyces naeslundii	1655	S	1825	952	2777	0.00008
Actinomyces marmotae	2737173	S	1708	873	2581	0.00007
Actinomyces oris	544580	S	1636	4053	5689	0.00016
Actinomyces gaoshouyii	1960083	S	1594	753	2347	0.00007
Actinomyces wuliandei	2057743	S	1516	371	1887	0.00005
Actinomyces lilanjuaniae	2321394	S	1321	294	1615	0.00005
Actinomyces trachealis	2763540	S	933	174	1107	0.00003
Actinomyces pacaensis	1852377	S	301	37	338	0.00001
Schaalia sp. 19OD2882	2794089	S	1967	262	2229	0.00006
Schaalia sp. JY-X169	2758572	S	519	20	539	0.00002
Schaalia sp. ZJ405	2709403	S	416	38	454	0.00001
Schaalia odontolytica	1660	S	2733	615	3348	0.00009
Schaalia meyeri	52773	S	1345	229	1574	0.00004
Schaalia cardiffensis	181487	S	741	106	847	0.00002
Schaalia turicensis	131111	S	353	435	788	0.00002
Flaviflexus salsibiostraticola	1282737	S	2695	742	3437	0.00010
Flaviflexus sp. dk850	2758573	S	1258	548	1806	0.00005
Flaviflexus ciconiae	2496867	S	889	120	1009	0.00003
Trueperella pecoris	2733571	S	1843	574	2417	0.00007
Trueperella pyogenes	1661	S	1306	784	2090	0.00006
Trueperella bialowiezensis	312285	S	819	47	866	0.00002
Pauljensenia hongkongensis	178339	S	2360	812	3172	0.00009
Nanchangia anserum	2692125	S	2061	241	2302	0.00006
Actinobaculum sp. 313	2495645	S	780	44	824	0.00002
Actinotignum schaalii	59505	S	756	56	812	0.00002
Arcanobacterium haemolyticum	28264	S	231	108	339	0.00001
Arcanobacterium phocisimile	1302235	S	111	39	150	0.00000
Changpingibacter yushuensis	2758440	S	496	148	644	0.00002
Mobiluncus curtisii	2051	S	347	112	459	0.00001
Varibaculum sp. EMRHCC_39	2811781	S	205	66	271	0.00001
Boudabousia tangfeifanii	1912795	S	180	15	195	0.00001
Jiangella sp. DSM 45060	1798224	S	28861	8954	37815	0.00106
Jiangella alkaliphila	419479	S	27765	8283	36048	0.00101
Nakamurella multipartita	53461	S	18533	3717	22250	0.00062
Nakamurella panacisegetis	1090615	S	9952	1435	11387	0.00032
Nakamurella sp. PAMC28650	2762325	S	9268	1023	10291	0.00029
Nakamurella antarctica	1902245	S	1568	123	1691	0.00005
Bifidobacterium choerinum	35760	S	3214	1509	4723	0.00013
Bifidobacterium pseudolongum	1694	S	3075	1190	4265	0.00012
Bifidobacterium scardovii	158787	S	2731	277	3008	0.00008
Bifidobacterium longum	216816	S	2639	4703	7342	0.00021
Bifidobacterium bifidum	1681	S	1831	558	2389	0.00007
Bifidobacterium pullorum	78448	S	1715	790	2505	0.00007
Bifidobacterium animalis	28025	S	1497	1140	2637	0.00007
Bifidobacterium adolescentis	1680	S	1402	319	1721	0.00005
Bifidobacterium subtile	77635	S	1315	179	1494	0.00004
Bifidobacterium asteroides	1684	S	1150	37	1187	0.00003
Bifidobacterium lemurum	1603886	S	1079	261	1340	0.00004
Bifidobacterium breve	1685	S	1004	1041	2045	0.00006
Bifidobacterium eulemuris	1765219	S	994	232	1226	0.00003
Bifidobacterium thermophilum	33905	S	771	200	971	0.00003
Bifidobacterium dentium	1689	S	726	57	783	0.00002
Bifidobacterium angulatum	1683	S	691	186	877	0.00002
Bifidobacterium actinocoloniiforme	638619	S	656	25	681	0.00002
Bifidobacterium catenulatum	1686	S	474	731	1205	0.00003
Bifidobacterium pseudocatenulatum	28026	S	455	356	811	0.00002
Bifidobacterium imperatoris	2020965	S	230	123	353	0.00001
Bifidobacterium saguini	762210	S	174	85	259	0.00001
Parascardovia denticolens	78258	S	467	72	539	0.00002
Catenulispora acidiphila	304895	S	32861	5114	37975	0.00106
Jatrophihabitans telluris	2038343	S	14636	1470	16106	0.00045
Jatrophihabitans sp. GAS493	1907575	S	12776	1374	14150	0.00040
Stackebrandtia nassauensis	283811	S	15124	1472	16596	0.00046
Natronoglycomyces albus	2811108	S	2030	78	2108	0.00006
Kineococcus radiotolerans	131568	S	15992	4714	20706	0.00058
Epidermidibacterium keratini	1891644	S	8733	4410	13143	0.00037
Actinopolyspora erythraea	414996	S	7027	772	7799	0.00022
Acidothermus cellulolyticus	28049	S	4951	284	5235	0.00015
Candidatus Planktophila lacus	1884913	S	161	41	202	0.00001
Candidatus Planktophila versatilis	1884905	S	155	58	213	0.00001
Candidatus Planktophila sulfonica	1884904	S	121	61	182	0.00001
Conexibacter sp. SYSU D00693	2812560	S	226983	57152	284135	0.00795
Conexibacter sp. DBS9H8	2937801	S	50437	5104	55541	0.00155
Conexibacter sp. S30A1	2937800	S	50034	5599	55633	0.00156
Conexibacter woesei	191495	S	233715	44100	277815	0.00777
Miltoncostaea marina	2843215	S	39407	10101	49508	0.00139
Miltoncostaea oceani	2843216	S	36677	5602	42279	0.00118
Rubrobacter tropicus	2653851	S	82396	6856	89252	0.00250
Rubrobacter xylanophilus	49319	S	71241	10468	81709	0.00229
Rubrobacter marinus	2653852	S	53908	5292	59200	0.00166
Rubrobacter radiotolerans	42256	S	19146	2845	21991	0.00062
Rubrobacter indicoceani	2051957	S	11044	986	12030	0.00034
Baekduia soli	496014	S	198656	34183	232839	0.00651
Aquihabitans sp. G128	2849779	S	36341	7329	43670	0.00122
Aquihabitans sp. Kera 3	2884263	S	33837	5518	39355	0.00110
Iamia sp. SCSIO 61187	2722752	S	42459	6739	49198	0.00138
Actinomarinicola tropica	2789776	S	34339	6790	41129	0.00115
Ilumatobacter coccineus	467094	S	14057	892	14949	0.00042
Acidimicrobium ferrooxidans	53635	S	4837	394	5231	0.00015
Eggerthella guodeyinii	2690837	S	3270	1424	4694	0.00013
Eggerthella lenta	84112	S	3219	2090	5309	0.00015
Eggerthella sp. YY7918	502558	S	606	255	861	0.00002
Gordonibacter urolithinfaciens	1335613	S	1787	1263	3050	0.00009
Gordonibacter pamelaeae	471189	S	1675	1509	3184	0.00009
Arabiibacter massiliensis	1870985	S	3514	646	4160	0.00012
Adlercreutzia equolifaciens	446660	S	1568	890	2458	0.00007
Adlercreutzia hattorii	2707299	S	804	953	1757	0.00005
Raoultibacter timonensis	1907662	S	1599	121	1720	0.00005
Berryella intestinalis	1531429	S	1410	1547	2957	0.00008
Slackia heliotrinireducens	84110	S	1185	37	1222	0.00003
Denitrobacterium detoxificans	79604	S	748	309	1057	0.00003
Olsenella timonensis	1805478	S	3061	894	3955	0.00011
Olsenella uli	133926	S	1517	146	1663	0.00005
Olsenella sp. oral taxon 807	712411	S	1066	59	1125	0.00003
Parolsenella catena	2003188	S	1570	795	2365	0.00007
Parolsenella massiliensis	1871022	S	1564	738	2302	0.00006
Thermophilibacter immobilis	2779519	S	1925	656	2581	0.00007
Parafannyhessea umbonata	604330	S	1910	1098	3008	0.00008
Atopobium sp. oral taxon 416	712157	S	519	53	572	0.00002
Collinsella aerofaciens	74426	S	2778	1287	4065	0.00011
Collinsella stercoris	147206	S	1867	244	2111	0.00006
Coriobacterium glomerans	33871	S	1089	35	1124	0.00003
Euzebya pacifica	1608957	S	13566	1125	14691	0.00041
Egibacter rhizosphaerae	1670831	S	13338	800	14138	0.00040
Egicoccus halophilus	1670830	S	13030	2020	15050	0.00042
Paenibacillus sp. B01	2660554	S	4782	1751	6533	0.00018
Paenibacillus sp. RUD330	2023772	S	2516	323	2839	0.00008
Paenibacillus sp. 32O-W	1695218	S	1948	224	2172	0.00006
Paenibacillus sp. R14(2021)	2859228	S	993	171	1164	0.00003
Paenibacillus sp. H1-7	2282849	S	874	95	969	0.00003
Paenibacillus sp. sptzw28	715179	S	688	75	763	0.00002
Paenibacillus sp. URB8-2	2741301	S	620	182	802	0.00002
Paenibacillus sp. FSL R7-0273	1536772	S	581	140	721	0.00002
Paenibacillus sp. BIHB4019	1870819	S	482	46	528	0.00001
Paenibacillus sp. HWE-109	1306526	S	462	45	507	0.00001
Paenibacillus sp. PAMC21692	2762320	S	449	489	938	0.00003
Paenibacillus sp. PK3_47	2072642	S	448	77	525	0.00001
Paenibacillus sp. YPD9-1	2908839	S	444	66	510	0.00001
Paenibacillus sp. JZ16	1906272	S	443	146	589	0.00002
Paenibacillus sp. FSL R7-0331	1536773	S	429	108	537	0.00002
Paenibacillus sp. FSL H7-0357	1536774	S	419	71	490	0.00001
Paenibacillus sp. CAA11	1532905	S	301	72	373	0.00001
Paenibacillus sp. FSL P4-0081	1536769	S	298	264	562	0.00002
Paenibacillus sp. FSL R5-0912	1536771	S	260	214	474	0.00001
Paenibacillus sp. YPG26	2878915	S	236	57	293	0.00001
Paenibacillus sp. 19GGS1-52	2758563	S	192	23	215	0.00001
Paenibacillus sp. Y412MC10	481743	S	180	576	756	0.00002
Paenibacillus sp. 481	2835869	S	171	20	191	0.00001
Paenibacillus sp. IHB B 3084	867076	S	149	109	258	0.00001
Paenibacillus sp. JNUCC-31	2777983	S	134	50	184	0.00001
Paenibacillus sp. DCT19	2211212	S	126	26	152	0.00000
Paenibacillus sp. E222	2748863	S	121	57	178	0.00000
Paenibacillus sp. JNUCC-32	2777984	S	102	344	446	0.00001
Paenibacillus albicereus	2726185	S	4013	1410	5423	0.00015
Paenibacillus mucilaginosus	61624	S	3814	289	4103	0.00011
Paenibacillus lycopersici	2704462	S	3122	465	3587	0.00010
Paenibacillus rhizovicinus	2704463	S	1694	271	1965	0.00005
Paenibacillus konkukensis	2020716	S	1488	186	1674	0.00005
Paenibacillus dendritiformis	130049	S	1374	303	1677	0.00005
Paenibacillus macerans	44252	S	1302	142	1444	0.00004
Paenibacillus cellulositrophicus	562959	S	1225	147	1372	0.00004
Paenibacillus beijingensis	1126833	S	1208	169	1377	0.00004
Paenibacillus chitinolyticus	79263	S	1077	156	1233	0.00003
Paenibacillus thiaminolyticus	49283	S	1073	239	1312	0.00004
Paenibacillus stellifer	169760	S	906	194	1100	0.00003
Paenibacillus ihbetae	1870820	S	832	146	978	0.00003
Paenibacillus durus	44251	S	822	375	1197	0.00003
Paenibacillus albus	2495582	S	629	102	731	0.00002
Paenibacillus donghaensis	414771	S	627	84	711	0.00002
Paenibacillus cellulosilyticus	375489	S	621	93	714	0.00002
Paenibacillus sabinae	365617	S	614	192	806	0.00002
Paenibacillus tritici	1873425	S	561	105	666	0.00002
Paenibacillus riograndensis	483937	S	219	220	439	0.00001
Paenibacillus sonchi	373687	S	162	326	488	0.00001
Paenibacillus protaetiae	2509456	S	536	97	633	0.00002
Paenibacillus naphthalenovorans	162209	S	507	89	596	0.00002
Paenibacillus polymyxa	1406	S	454	2172	2626	0.00007
Paenibacillus agaridevorans	171404	S	436	574	1010	0.00003
Paenibacillus azoreducens	116718	S	426	61	487	0.00001
Paenibacillus borealis	160799	S	409	183	592	0.00002
Paenibacillus guangzhouensis	1473112	S	395	46	441	0.00001
Paenibacillus algicola	2565926	S	393	77	470	0.00001
Paenibacillus physcomitrellae	1619311	S	381	167	548	0.00002
Paenibacillus swuensis	1178515	S	378	65	443	0.00001
Paenibacillus tianjinensis	2810347	S	372	80	452	0.00001
Paenibacillus sophorae	1333845	S	369	167	536	0.00002
Paenibacillus yonginensis	1462996	S	344	197	541	0.00002
Paenibacillus jilunlii	682956	S	268	235	503	0.00001
Paenibacillus lautus	1401	S	261	417	678	0.00002
Paenibacillus lutimineralis	2707005	S	257	42	299	0.00001
Paenibacillus graminis	189425	S	257	173	430	0.00001
Paenibacillus barcinonensis	198119	S	248	52	300	0.00001
Paenibacillus bovis	1616788	S	243	41	284	0.00001
Paenibacillus xylanilyticus	248903	S	232	60	292	0.00001
Paenibacillus alvei	44250	S	221	35	256	0.00001
Paenibacillus psychroresistens	1778678	S	201	14	215	0.00001
Paenibacillus odorifer	189426	S	199	45	244	0.00001
Paenibacillus lentus	1338368	S	188	24	212	0.00001
Paenibacillus baekrokdamisoli	1712516	S	170	22	192	0.00001
Paenibacillus kribbensis	172713	S	145	69	214	0.00001
Paenibacillus xylanexedens	528191	S	136	124	260	0.00001
Paenibacillus pabuli	1472	S	127	59	186	0.00001
Paenibacillus larvae	1464	S	125	29	154	0.00000
Paenibacillus terrae	159743	S	118	73	191	0.00001
Paenibacillus crassostreae	1763538	S	100	20	120	0.00000
Brevibacillus marinus	2496837	S	1539	317	1856	0.00005
Brevibacillus agri	51101	S	1137	423	1560	0.00004
Brevibacillus composti	2796470	S	1028	332	1360	0.00004
Brevibacillus sp. MMS20-4M-10-Y	2895522	S	542	98	640	0.00002
Brevibacillus brevis	1393	S	547	662	1209	0.00003
Brevibacillus choshinensis	54911	S	483	152	635	0.00002
Brevibacillus laterosporus	1465	S	166	485	651	0.00002
Cohnella sp. LGH	1619153	S	1394	438	1832	0.00005
Cohnella sp. MFER-1	2728023	S	691	92	783	0.00002
Cohnella candidum	2674991	S	1968	282	2250	0.00006
Cohnella cholangitidis	2598458	S	602	106	708	0.00002
Cohnella abietis	2507935	S	175	20	195	0.00001
Thermobacillus composti	377615	S	3603	525	4128	0.00012
Saccharibacillus brassicae	2583377	S	2891	378	3269	0.00009
Aneurinibacillus soli	1500254	S	197	279	476	0.00001
Bacillus sp. FJAT-18017	1705566	S	253	116	369	0.00001
Bacillus sp. OxB-1	98228	S	248	97	345	0.00001
Bacillus sp. 1NLA3E	666686	S	201	131	332	0.00001
Bacillus sp. NSP9.1	1071078	S	193	26	219	0.00001
Bacillus sp. KH172YL63	2709784	S	172	83	255	0.00001
Bacillus sp. SB49	1071080	S	172	41	213	0.00001
Bacillus sp. S3	486398	S	154	78	232	0.00001
Bacillus sp. FJAT-42376	2014076	S	115	66	181	0.00001
Bacillus sp. Y1	352858	S	114	69	183	0.00001
Bacillus velezensis	492670	S	182	9539	9721	0.00027
Bacillus amyloliquefaciens	1390	S	102	3185	3287	0.00009
Bacillus subtilis	1423	S	228	10172	10400	0.00029
Bacillus paralicheniformis	1648923	S	206	172	378	0.00001
Bacillus atrophaeus	1452	S	101	3178	3279	0.00009
Bacillus cereus	1396	S	205	2927	3132	0.00009
Bacillus thuringiensis	1428	S	144	16125	16269	0.00046
Bacillus mycoides	1405	S	141	269	410	0.00001
Bacillus pseudomycoides	64104	S	126	74	200	0.00001
Bacillus wiedmannii	1890302	S	101	206	307	0.00001
[Brevibacterium] frigoritolerans	450367	S	672	350	1022	0.00003
Bacillus glycinifermentans	1664069	S	425	189	614	0.00002
Bacillus infantis	324767	S	220	85	305	0.00001
Bacillus pumilus	1408	S	171	220	391	0.00001
Bacillus badius	1455	S	130	73	203	0.00001
Bacillus methanolicus	1471	S	100	68	168	0.00000
Geobacillus subterraneus	129338	S	958	1252	2210	0.00006
Geobacillus stearothermophilus	1422	S	506	1449	1955	0.00005
Geobacillus genomosp. 3	1921421	S	493	271	764	0.00002
Geobacillus sp. 46C-IIa	1963025	S	245	264	509	0.00001
Geobacillus thermocatenulatus	33938	S	169	417	586	0.00002
Hydrogenibacillus sp. N12	2866627	S	3874	717	4591	0.00013
Priestia megaterium	1404	S	2757	5497	8254	0.00023
Anoxybacillus sediminis	2613334	S	1518	518	2036	0.00006
Anoxybacillus amylolyticus	294699	S	139	45	184	0.00001
Anoxybacillus flavithermus	33934	S	120	160	280	0.00001
Parageobacillus caldoxylosilyticus	81408	S	189	106	295	0.00001
Parageobacillus thermoglucosidasius	1426	S	183	122	305	0.00001
Parageobacillus genomosp. 1	1295642	S	148	71	219	0.00001
Parageobacillus sp. KH3-4	2916802	S	130	74	204	0.00001
Parageobacillus toebii	153151	S	116	89	205	0.00001
Metabacillus sp. cB07	2806989	S	158	88	246	0.00001
Metabacillus sp. KUDC1714	2745198	S	120	66	186	0.00001
Metabacillus dongyingensis	2874282	S	127	72	199	0.00001
Metabacillus sediminilitoris	2567941	S	104	61	165	0.00000
Peribacillus simplex	1478	S	210	157	367	0.00001
Peribacillus asahii	228899	S	119	82	201	0.00001
Peribacillus muralis	264697	S	110	35	145	0.00000
Peribacillus butanolivorans	421767	S	109	47	156	0.00000
Cytobacillus oceanisediminis	665099	S	188	163	351	0.00001
Salicibibacter halophilus	2502791	S	148	42	190	0.00001
Salicibibacter cibarius	2743000	S	126	32	158	0.00000
Salicibibacter cibi	2743001	S	120	20	140	0.00000
Salicibibacter kimchii	2099786	S	114	13	127	0.00000
Rossellomorea marisflavi	189381	S	422	221	643	0.00002
Rossellomorea vietnamensis	218284	S	124	65	189	0.00001
Neobacillus drentensis	220684	S	368	216	584	0.00002
Neobacillus mesonae	1193713	S	169	74	243	0.00001
Weizmannia coagulans	1398	S	491	282	773	0.00002
Halobacillus sp. SSBR10-3	2932257	S	114	31	145	0.00000
Mesobacillus foraminis	279826	S	157	56	213	0.00001
Mesobacillus sp. S13	2880221	S	142	74	216	0.00001
Mesobacillus jeotgali	129985	S	136	64	200	0.00001
Salisediminibacterium selenitireducens	85683	S	259	49	308	0.00001
Salisediminibacterium beveridgei	632773	S	170	32	202	0.00001
Alkalihalobacillus clausii	79880	S	221	52	273	0.00001
Terribacillus goriensis	386490	S	114	31	145	0.00000
Niallia circulans	1397	S	104	46	150	0.00000
Caldalkalibacillus thermarum	296745	S	173	45	218	0.00001
Salimicrobium jeotgali	1230341	S	164	34	198	0.00001
Sutcliffiella horikoshii	79883	S	110	40	150	0.00000
Mangrovibacillus cuniculi	2593652	S	110	82	192	0.00001
Halalkalibacterium halodurans	86665	S	109	114	223	0.00001
Pradoshia sp. D12	2651284	S	106	43	149	0.00000
Alicyclobacillus acidocaldarius	405212	S	4334	448	4782	0.00013
Alicyclobacillus acidoterrestris	1450	S	516	95	611	0.00002
Alicyclobacillus mengziensis	2931921	S	389	32	421	0.00001
Alicyclobacillus sp. SO9	2665646	S	238	20	258	0.00001
Alicyclobacillus sp. TC	2606450	S	101	14	115	0.00000
Tumebacillus avium	1903704	S	2639	1260	3899	0.00011
Tumebacillus algifaecis	1214604	S	993	403	1396	0.00004
Kyrpidia spormannii	2055160	S	643	300	943	0.00003
Kyrpidia tusciae	33943	S	402	264	666	0.00002
Effusibacillus dendaii	2743772	S	317	50	367	0.00001
Planococcus glaciei	459472	S	1717	680	2397	0.00007
Planococcus sp. 107-1	2908840	S	272	155	427	0.00001
Planococcus sp. MB-3u-03	2058136	S	202	168	370	0.00001
Planococcus plakortidis	1038856	S	403	304	707	0.00002
Planococcus maritimus	192421	S	299	167	466	0.00001
Planococcus lenghuensis	2213202	S	295	88	383	0.00001
Planococcus rifietoensis	200991	S	206	175	381	0.00001
Planococcus massiliensis	1499687	S	184	49	233	0.00001
Planococcus antarcticus	161360	S	168	70	238	0.00001
Planococcus halotolerans	2233542	S	159	67	226	0.00001
Sporosarcina sp. Te-1	2818390	S	145	79	224	0.00001
Sporosarcina sp. Marseille-Q4063	2810514	S	108	81	189	0.00001
Sporosarcina ureae	1571	S	195	151	346	0.00001
Staphylospora marina	2490858	S	825	152	977	0.00003
Kroppenstedtia eburnea	714067	S	605	89	694	0.00002
Kroppenstedtia pulmonis	1380685	S	120	12	132	0.00000
Novibacillus thermophilus	1471761	S	497	93	590	0.00002
Polycladomyces abyssicola	1125966	S	460	48	508	0.00001
Laceyella sacchari	37482	S	321	84	405	0.00001
Thermoactinomyces vulgaris	2026	S	213	51	264	0.00001
Exiguobacterium alkaliphilum	1428684	S	655	292	947	0.00003
Exiguobacterium sp. Helios	2735868	S	147	132	279	0.00001
Exiguobacterium sp. N4-1P	2051906	S	139	166	305	0.00001
Exiguobacterium mexicanum	340146	S	504	254	758	0.00002
Exiguobacterium acetylicum	41170	S	270	436	706	0.00002
Exiguobacterium sibiricum	332410	S	164	88	252	0.00001
Exiguobacterium antarcticum	132920	S	139	61	200	0.00001
Staphylococcus aureus	1280	S	131	912	1043	0.00003
Salinicoccus halodurans	407035	S	143	58	201	0.00001
Listeria monocytogenes	1639	S	115	4564	4679	0.00013
Sporolactobacillus terrae	269673	S	215	40	255	0.00001
Limosilactobacillus fermentum	1613	S	402	424	826	0.00002
Limosilactobacillus pontis	35787	S	291	155	446	0.00001
Limosilactobacillus mucosae	97478	S	148	59	207	0.00001
Limosilactobacillus panis	47493	S	121	49	170	0.00000
Levilactobacillus zymae	267363	S	402	136	538	0.00002
Levilactobacillus brevis	1580	S	217	84	301	0.00001
Levilactobacillus suantsaii	2292255	S	119	44	163	0.00000
Lactobacillus delbrueckii	1584	S	348	621	969	0.00003
Lacticaseibacillus rhamnosus	47715	S	150	48	198	0.00001
Lacticaseibacillus casei	1582	S	135	163	298	0.00001
Schleiferilactobacillus harbinensis	304207	S	440	54	494	0.00001
Lactiplantibacillus pentosus	1589	S	170	47	217	0.00001
Lactiplantibacillus plantarum	1590	S	109	144	253	0.00001
Secundilactobacillus paracollinoides	240427	S	104	36	140	0.00000
Streptococcus suis	1307	S	140	518	658	0.00002
Streptococcus sanguinis	1305	S	107	193	300	0.00001
Faecalibacterium prausnitzii	853	S	3438	3306	6744	0.00019
Dysosmobacter sp. Marseille-Q4140	2830675	S	1381	535	1916	0.00005
Dysosmobacter welbionis	2093857	S	1000	638	1638	0.00005
Flavonifractor plautii	292800	S	2242	546	2788	0.00008
Vescimonas coprocola	2714355	S	616	529	1145	0.00003
Vescimonas fastidiosa	2714353	S	463	651	1114	0.00003
Ethanoligenens harbinense	253239	S	1056	55	1111	0.00003
Ruthenibacterium lactatiformans	1550024	S	1023	297	1320	0.00004
Oscillibacter sp. NSJ-62	2763056	S	777	244	1021	0.00003
Anaerotruncus colihominis	169435	S	770	388	1158	0.00003
Caproiciproducens sp. NJN-50	2507162	S	753	82	835	0.00002
Caproicibacter fermentans	2576756	S	587	32	619	0.00002
Acutalibacter muris	1796620	S	583	27	610	0.00002
Pusillibacter faecalis	2714358	S	436	307	743	0.00002
Ruminococcus champanellensis	1161942	S	228	14	242	0.00001
Caproicibacterium amylolyticum	2766537	S	177	13	190	0.00001
Caproicibacterium lactatifermentans	2666138	S	149	17	166	0.00000
Solibaculum mannosilyticum	2780922	S	271	229	500	0.00001
Pseudoclostridium thermosuccinogenes	84032	S	121	30	151	0.00000
Thermaerobacter sp. FW80	2546351	S	5240	1020	6260	0.00018
Thermaerobacter sp. PB12/4term	2293838	S	3502	791	4293	0.00012
Thermaerobacter marianensis	73919	S	4366	934	5300	0.00015
Intestinimonas butyriciproducens	1297617	S	1029	404	1433	0.00004
Flintibacter sp. KGMB00164	2610895	S	635	76	711	0.00002
Aminipila luticellarii	2507160	S	100	11	111	0.00000
Emergencia timonensis	1776384	S	219	80	299	0.00001
Massilistercora timonensis	2086584	S	319	285	604	0.00002
Carboxydocella thermautotrophica	178899	S	208	23	231	0.00001
Symbiobacterium thermophilum	2734	S	5765	508	6273	0.00018
[Clostridium] hylemonae	89153	S	328	118	446	0.00001
[Clostridium] scindens	29347	S	282	148	430	0.00001
Lachnoclostridium phocaeense	1871021	S	273	221	494	0.00001
Blautia producta	33035	S	215	71	286	0.00001
Blautia sp. NBRC 113351	2877527	S	140	171	311	0.00001
Blautia pseudococcoides	1796616	S	103	24	127	0.00000
Lachnospiraceae bacterium NSJ-29	2763667	S	235	84	319	0.00001
Lachnospiraceae bacterium NSJ-38	2763669	S	179	73	252	0.00001
Lachnospiraceae bacterium sunii NSJ-8	2763672	S	129	134	263	0.00001
Roseburia hominis	301301	S	273	391	664	0.00002
Enterocloster bolteae	208479	S	294	176	470	0.00001
Anaerostipes caccae	105841	S	107	53	160	0.00000
Novisyntrophococcus fermenticellae	2068655	S	100	20	120	0.00000
Clostridium sp. M62/1	411486	S	178	233	411	0.00001
Clostridium sp. SY8519	1042156	S	163	45	208	0.00001
Clostridium perfringens	1502	S	164	84	248	0.00001
Clostridium botulinum	1491	S	161	611	772	0.00002
Hungatella hathewayi	154046	S	343	16	359	0.00001
Candidatus Desulforudis audaxviator	471827	S	1478	98	1576	0.00004
Desulforamulus ruminis	1564	S	252	29	281	0.00001
Desulforamulus ferrireducens	1833852	S	154	89	243	0.00001
Acididesulfobacillus acetoxydans	1561005	S	483	20	503	0.00001
Candidatus Formimonas warabiya	1761012	S	283	15	298	0.00001
Thermanaerosceptrum fracticalcis	1712410	S	171	26	197	0.00001
Desulfofarcimen acetoxidans	58138	S	117	13	130	0.00000
Dehalobacterium formicoaceticum	51515	S	105	17	122	0.00000
Christensenella sp. Marseille-P3954	2086585	S	1364	793	2157	0.00006
Christensenella minuta	626937	S	432	110	542	0.00002
Heliomicrobium modesticaldum	35701	S	1473	619	2092	0.00006
Eubacterium limosum	1736	S	257	337	594	0.00002
Eubacterium callanderi	53442	S	105	110	215	0.00001
Acetobacterium wieringae	52694	S	108	63	171	0.00000
Acetobacterium sp. KB-1	2184575	S	105	31	136	0.00000
Alkalibacter sp. ES005	2815577	S	143	9	152	0.00000
Desulfitobacterium hafniense	49338	S	219	53	272	0.00001
Desulfitobacterium dehalogenans	36854	S	100	18	118	0.00000
Desulfosporosinus orientis	1563	S	122	30	152	0.00000
Desulfosporosinus youngiae	339862	S	109	43	152	0.00000
Syntrophobotulus glycolicus	51197	S	146	13	159	0.00000
Peptoclostridium acidaminophilum	1731	S	134	42	176	0.00000
Syntrophothermus lipocalidus	86170	S	200	15	215	0.00001
Syntrophomonas wolfei	863	S	127	18	145	0.00000
Desulfoscipio gibsoniae	102134	S	305	27	332	0.00001
Desulfotomaculum nigrificans	1565	S	167	65	232	0.00001
Thermincola potens	863643	S	145	12	157	0.00000
Moorella sp. Hama-1	2138101	S	816	140	956	0.00003
Moorella thermoacetica	1525	S	708	109	817	0.00002
Moorella glycerini	55779	S	575	50	625	0.00002
Ammonifex degensii	42838	S	841	34	875	0.00002
Gelria sp. Kuro-4	2796927	S	1921	169	2090	0.00006
Thermacetogenium phaeum	85874	S	688	627	1315	0.00004
Carboxydothermus hydrogenoformans	129958	S	229	31	260	0.00001
Thermanaeromonas toyohensis	161154	S	205	9	214	0.00001
Mahella australiensis	252966	S	176	97	273	0.00001
Zhaonella formicivorans	2528593	S	143	23	166	0.00000
Iocasia fonsfrigidae	2682810	S	170	36	206	0.00001
Anoxybacter fermentans	1323375	S	155	63	218	0.00001
Thermosediminibacter oceani	291990	S	278	19	297	0.00001
Biomaibacter acetigenes	2316383	S	173	9	182	0.00001
Natranaerofaba carboxydovora	2742683	S	106	11	117	0.00000
Koleobacter methoxysyntrophicus	2751313	S	127	10	137	0.00000
Selenomonas sp. oral taxon 126	712528	S	1055	250	1305	0.00004
Selenomonas sp. oral taxon 920	1884263	S	658	136	794	0.00002
Selenomonas sp. oral taxon 478	712538	S	306	404	710	0.00002
Selenomonas sp. oral taxon 136	713030	S	293	369	662	0.00002
Selenomonas sputigena	69823	S	1869	153	2022	0.00006
Selenomonas timonae	2754044	S	762	312	1074	0.00003
Selenomonas ruminantium	971	S	292	26	318	0.00001
Sporomusa termitida	2377	S	382	49	431	0.00001
Methylomusa anaerophila	1930071	S	254	17	271	0.00001
Megasphaera stantonii	2144175	S	644	364	1008	0.00003
Megasphaera elsdenii	907	S	642	265	907	0.00003
Megasphaera massiliensis	1232428	S	272	98	370	0.00001
Acidaminococcus fermentans	905	S	408	62	470	0.00001
Acidaminococcus intestini	187327	S	136	40	176	0.00000
Phascolarctobacterium faecium	33025	S	158	97	255	0.00001
Limnochorda pilosa	1555112	S	5716	239	5955	0.00017
Peptoniphilus ivorii	54006	S	314	73	387	0.00001
Murdochiella vaginalis	1852373	S	137	140	277	0.00001
Gottschalkia acidurici	1556	S	142	17	159	0.00000
Allobaculum sp. Allo2	2853432	S	203	32	235	0.00001
Allobaculum mucolyticum	2834459	S	131	26	157	0.00000
Faecalibaculum rodentium	1702221	S	234	39	273	0.00001
[Clostridium] innocuum	1522	S	136	107	243	0.00001
Ndongobacter massiliensis	1871025	S	177	157	334	0.00001
Deinococcus sp. NW-56	2080419	S	3639	466	4105	0.00011
Deinococcus sp. TS-293	2737050	S	3305	312	3617	0.00010
Deinococcus sp. KNUC1210	2917691	S	2542	104	2646	0.00007
Deinococcus sp. AJ005	2652443	S	1793	139	1932	0.00005
Deinococcus sp. QL22	2939437	S	1433	105	1538	0.00004
Deinococcus ficus	317577	S	5681	485	6166	0.00017
Deinococcus maricopensis	309887	S	5029	430	5459	0.00015
Deinococcus gobiensis	502394	S	4912	618	5530	0.00015
Deinococcus actinosclerus	1768108	S	4673	2383	7056	0.00020
Deinococcus metallilatus	1211322	S	4415	460	4875	0.00014
Deinococcus irradiatisoli	2202254	S	3350	291	3641	0.00010
Deinococcus wulumuqiensis	980427	S	2861	944	3805	0.00011
Deinococcus peraridilitoris	432329	S	2764	137	2901	0.00008
Deinococcus radiodurans	1299	S	2481	2027	4508	0.00013
Deinococcus radiopugnans	57497	S	2450	277	2727	0.00008
Deinococcus soli (ex Cha et al. 2016)	1309411	S	2060	1617	3677	0.00010
Deinococcus geothermalis	68909	S	1981	275	2256	0.00006
Deinococcus psychrotolerans	2489213	S	1617	44	1661	0.00005
Deinococcus proteolyticus	55148	S	1506	284	1790	0.00005
Deinococcus deserti	310783	S	1405	94	1499	0.00004
Deinococcus radiophilus	32062	S	761	133	894	0.00003
Deinococcus puniceus	1182568	S	720	96	816	0.00002
Thermus thermophilus	274	S	2196	2105	4301	0.00012
Thermus sp. CCB_US3_UF1	1111069	S	891	121	1012	0.00003
Thermus sp. NEB1569	2918899	S	206	331	537	0.00002
Thermus oshimai	56957	S	1075	188	1263	0.00004
Thermus aquaticus	271	S	955	129	1084	0.00003
Thermus brockianus	56956	S	823	143	966	0.00003
Thermus caldilimi	2483360	S	444	102	546	0.00002
Thermus scotoductus	37636	S	223	305	528	0.00001
Thermus parvatiensis	456163	S	129	551	680	0.00002
Oceanithermus profundus	187137	S	5382	560	5942	0.00017
Meiothermus silvanus	52022	S	1695	253	1948	0.00005
Meiothermus taiwanensis	172827	S	1440	442	1882	0.00005
Meiothermus ruber	277	S	1255	408	1663	0.00005
Marinithermus hydrothermalis	186192	S	3284	495	3779	0.00011
Truepera radiovictrix	332249	S	5296	279	5575	0.00016
Synechococcus sp. CBW1004	1353136	S	2289	543	2832	0.00008
Synechococcus sp. RSCCF101	2511069	S	1809	411	2220	0.00006
Synechococcus sp. CBW1107	2789857	S	1589	280	1869	0.00005
Synechococcus sp. SynAce01	1916956	S	1096	111	1207	0.00003
Synechococcus sp. CBW1108	1353147	S	1083	133	1216	0.00003
Synechococcus sp. CB0101	232348	S	941	193	1134	0.00003
Synechococcus sp. JA-3-3Ab	321327	S	916	223	1139	0.00003
Synechococcus sp. NB0720_10	2907159	S	760	196	956	0.00003
Synechococcus sp. LTW-R	2751170	S	727	169	896	0.00003
Synechococcus sp. LA31	2741953	S	699	148	847	0.00002
Synechococcus sp. RS9909	221352	S	657	228	885	0.00002
Synechococcus sp. PCC 7336	195250	S	590	20	610	0.00002
Synechococcus sp. JA-2-3B'a(2-13)	321332	S	541	118	659	0.00002
Synechococcus sp. Minos11	221341	S	524	35	559	0.00002
Synechococcus sp. A10-1-5-1	2936507	S	491	106	597	0.00002
Synechococcus sp. HK01-R	2751171	S	454	71	525	0.00001
Synechococcus sp. KORDI-100	1280380	S	444	28	472	0.00001
Synechococcus sp. WH 8101	59932	S	440	141	581	0.00002
Synechococcus sp. BMK-MC-1	1442551	S	342	128	470	0.00001
Synechococcus sp. NOUM97013	1442555	S	341	50	391	0.00001
Synechococcus sp. PROS-U-1	1400866	S	325	53	378	0.00001
Synechococcus sp. KORDI-52	585425	S	318	92	410	0.00001
Synechococcus sp. KORDI-49	585423	S	284	259	543	0.00002
Synechococcus sp. MEDNS5	1442554	S	259	76	335	0.00001
Synechococcus sp. PROS-7-1	1442556	S	252	103	355	0.00001
Synechococcus sp. BIOS-E4-1	1400864	S	250	24	274	0.00001
Synechococcus sp. A15-44	1050646	S	214	344	558	0.00002
Synechococcus sp. CBW1002	1353134	S	211	1629	1840	0.00005
Synechococcus sp. A15-127	1050624	S	203	185	388	0.00001
Synechococcus sp. BIOS-U3-1	1400865	S	202	21	223	0.00001
Synechococcus sp. CBW1006	1353138	S	198	1346	1544	0.00004
Synechococcus sp. MIT S9220	166309	S	197	27	224	0.00001
Synechococcus sp. A15-62	1050657	S	190	121	311	0.00001
Synechococcus sp. CC9902	316279	S	187	18	205	0.00001
Synechococcus sp. PCC 6312	195253	S	160	7	167	0.00000
Synechococcus sp. ROS8604	1442557	S	158	37	195	0.00001
Synechococcus sp. WH 8109	166314	S	153	106	259	0.00001
Synechococcus sp. TAK9802	1442558	S	149	329	478	0.00001
Synechococcus sp. NIES-970	1827144	S	140	24	164	0.00000
Synechococcus sp. RS9907	221350	S	129	272	401	0.00001
Synechococcus sp. PCC 7003	374981	S	125	35	160	0.00000
Synechococcus sp. PROS-9-1	1968775	S	112	26	138	0.00000
Synechococcus sp. WH 8020	32052	S	103	18	121	0.00000
Synechococcus sp. RS9902	221345	S	100	185	285	0.00001
Synechococcus elongatus	32046	S	894	43	937	0.00003
Cyanobium sp. NIES-981	1851505	S	1981	519	2500	0.00007
Cyanobium sp. NS01	261284	S	1645	479	2124	0.00006
Cyanobium gracile	59930	S	2669	467	3136	0.00009
Parasynechococcus marenigrum	2881428	S	436	106	542	0.00002
Prochlorococcus marinus	1219	S	281	39	320	0.00001
Acaryochloris marina	155978	S	243	148	391	0.00001
Chamaesiphon minutus	1173032	S	422	23	445	0.00001
Nostoc sp. NIES-4103	2005458	S	314	86	400	0.00001
Nostoc sp. UHCC 0702	2814655	S	244	65	309	0.00001
Nostoc sp. C052	2576902	S	224	85	309	0.00001
Nostoc sp. ATCC 53789	76335	S	204	526	730	0.00002
Nostoc sp. TCL26-01	2576904	S	204	37	241	0.00001
Nostoc sp. UHCC 0870	2914041	S	200	87	287	0.00001
Nostoc sp. MS1	2764711	S	194	78	272	0.00001
Nostoc sp. CENA543	1869241	S	160	30	190	0.00001
Nostoc sp. PCC 7524	28072	S	150	38	188	0.00001
Nostoc sp. 'Peltigera membranacea cyanobiont' N6	1261031	S	149	65	214	0.00001
Nostoc sp. 'Lobaria pulmonaria (5183) cyanobiont'	1618022	S	142	43	185	0.00001
Nostoc sp. PCC 7107	317936	S	117	99	216	0.00001
Nostoc linckia	92942	S	253	90	343	0.00001
Nostoc piscinale	224012	S	243	164	407	0.00001
Nostoc edaphicum	264686	S	192	70	262	0.00001
Nostoc flagelliforme	1306274	S	171	82	253	0.00001
Nostoc sphaeroides	446679	S	157	135	292	0.00001
Nostoc punctiforme	272131	S	144	134	278	0.00001
Anabaena sp. WA102	1647413	S	122	423	545	0.00002
Anabaena cylindrica	1165	S	140	55	195	0.00001
Cylindrospermum stagnale	142864	S	262	115	377	0.00001
Calothrix sp. NIES-2100	1954172	S	403	223	626	0.00002
Calothrix sp. NIES-2098	1954171	S	313	167	480	0.00001
Calothrix sp. PCC 7716	2853227	S	291	146	437	0.00001
Calothrix sp. PCC 7507	99598	S	226	55	281	0.00001
Calothrix sp. NIES-3974	2005462	S	183	14	197	0.00001
Calothrix sp. 336/3	1337936	S	128	31	159	0.00000
Calothrix sp. PCC 6303	1170562	S	124	30	154	0.00000
Calothrix brevissima	938406	S	289	165	454	0.00001
Calothrix parasitica	1973486	S	200	15	215	0.00001
Scytonema sp. NIES-4073	2005464	S	471	240	711	0.00002
Scytonema sp. HK-05	1137095	S	345	131	476	0.00001
Brasilonema sennae	1397703	S	207	24	231	0.00001
Sphaerospermopsis torques-reginae	984207	S	197	64	261	0.00001
Sphaerospermopsis kisseleviana	289435	S	172	68	240	0.00001
Nodularia sphaerocarpa	137816	S	142	44	186	0.00001
Anabaenopsis circularis	109266	S	151	159	310	0.00001
Dolichospermum compactum	136073	S	117	300	417	0.00001
Fischerella sp. NIES-3754	1752063	S	201	60	261	0.00001
Fischerella sp. NIES-4106	2005456	S	189	26	215	0.00001
Tolypothrix sp. PCC 7910	2099387	S	191	69	260	0.00001
Tolypothrix tenuis	457083	S	165	99	264	0.00001
Rivularia sp. PCC 7116	373994	S	105	8	113	0.00000
Leptolyngbya sp. 7M	2812896	S	4757	378	5135	0.00014
Leptolyngbya sp. BL0902	1115757	S	761	48	809	0.00002
Leptolyngbya sp. NIES-3755	1752064	S	250	16	266	0.00001
Leptolyngbya boryana	1184	S	304	286	590	0.00002
Kovacikia minuta	2931930	S	867	81	948	0.00003
Leptothermofonsia sichuanensis	2917832	S	463	48	511	0.00001
Leptodesmis sichuanensis	2906798	S	387	50	437	0.00001
Halomicronema hongdechloris	1209493	S	716	30	746	0.00002
Thermosynechococcus sp. NK55a	1394889	S	122	156	278	0.00001
Thermosynechococcus vestitus	146786	S	197	76	273	0.00001
Pseudanabaena sp. PCC 7367	82654	S	225	8	233	0.00001
Pseudanabaena sp. ABRG5-3	685565	S	141	8	149	0.00000
Gloeobacter kilaueensis	1416614	S	2872	80	2952	0.00008
Gloeobacter violaceus	33072	S	2007	875	2882	0.00008
Gloeobacter morelensis	2907343	S	1895	751	2646	0.00007
Anthocerotibacter panamensis	2857077	S	616	17	633	0.00002
Geitlerinema sp. PCC 7407	1173025	S	1585	229	1814	0.00005
Allocoleopsis franciscana	2886352	S	343	35	378	0.00001
Oxynema aestuarii	2874213	S	716	60	776	0.00002
Microcoleus vaginatus	119532	S	697	177	874	0.00002
Oscillatoria nigro-viridis	482564	S	490	179	669	0.00002
Oscillatoria acuminata	118323	S	253	15	268	0.00001
Moorena producens	1155739	S	741	17	758	0.00002
[Phormidium] sp. ETS-05	222819	S	430	24	454	0.00001
Crinalium epipsammum	241425	S	172	21	193	0.00001
Microcystis aeruginosa	1126	S	373	392	765	0.00002
Gloeothece verrucosa	2546359	S	126	10	136	0.00000
Crocosphaera subtropica	2546360	S	109	11	120	0.00000
Geminocystis herdmanii	669359	S	107	22	129	0.00000
Gloeocapsa sp. PCC 7428	1173026	S	200	20	220	0.00001
Chroococcidiopsis sp. CCMEE 29	155894	S	467	78	545	0.00002
Chroococcidiopsis thermalis	54299	S	112	327	439	0.00001
Pleurocapsa sp. PCC 7327	118163	S	261	28	289	0.00001
Gloeomargarita lithophora	1188228	S	242	8	250	0.00001
Thermostichus lividus	33070	S	160	21	181	0.00001
Sphaerobacter thermophilus	2057	S	15143	808	15951	0.00045
Thermomicrobium roseum	500	S	3329	63	3392	0.00009
Roseiflexus sp. RS-1	357808	S	3979	559	4538	0.00013
Roseiflexus castenholzii	120962	S	3841	565	4406	0.00012
Chloroflexus aurantiacus	1108	S	1599	125	1724	0.00005
Chloroflexus aggregans	152260	S	1313	163	1476	0.00004
Candidatus Promineofilum breve	1806508	S	7531	156	7687	0.00022
Tepidiforma bonchosmolovskayae	2601677	S	7466	322	7788	0.00022
Caldilinea aerophila	133453	S	3429	184	3613	0.00010
Anaerolinea thermophila	167964	S	1085	75	1160	0.00003
Pelolinea submarina	913107	S	936	30	966	0.00003
Brevefilum fermentans	1986204	S	408	10	418	0.00001
Dehalogenimonas formicexedens	1839801	S	794	161	955	0.00003
Dehalogenimonas sp. GP	1536648	S	589	118	707	0.00002
Dehalococcoides mccartyi	61435	S	194	382	576	0.00002
Ktedonosporobacter rubrisoli	2509675	S	1902	47	1949	0.00005
Thermobaculum terrenum	166501	S	1664	199	1863	0.00005
Phototrophicus methaneseepsis	2710758	S	801	7	808	0.00002
Fimbriimonas ginsengisoli	1005039	S	4275	27	4302	0.00012
Chthonomonas calidirosea	454171	S	839	8	847	0.00002
Bradyrhizobium sp. 200	2782665	S	47683	9798	57481	0.00161
Bradyrhizobium sp. 170	2782641	S	42423	10011	52434	0.00147
Bradyrhizobium sp. CCBAU 051011	858422	S	32543	5619	38162	0.00107
Bradyrhizobium sp. CCBAU 51753	1325100	S	21612	4319	25931	0.00073
Bradyrhizobium sp. 195	2782662	S	19600	6382	25982	0.00073
Bradyrhizobium sp. CCBAU 53351	1325114	S	16538	7415	23953	0.00067
Bradyrhizobium sp. A19	2898149	S	16372	2677	19049	0.00053
Bradyrhizobium sp. BTAi1	288000	S	15037	2572	17609	0.00049
Bradyrhizobium sp. ORS 278	114615	S	14800	3176	17976	0.00050
Bradyrhizobium sp. ORS 285	115808	S	14732	3108	17840	0.00050
Bradyrhizobium sp. CCGE-LA001	1223566	S	14481	4855	19336	0.00054
Bradyrhizobium sp. SK17	2057741	S	13848	4184	18032	0.00050
Bradyrhizobium sp. 186	2782654	S	12765	3156	15921	0.00045
Bradyrhizobium sp. 1(2017)	1404888	S	11519	3274	14793	0.00041
Bradyrhizobium sp. CCBAU 53421	1325120	S	11417	3247	14664	0.00041
Bradyrhizobium sp. CCBAU 53338	1325111	S	10573	3832	14405	0.00040
Bradyrhizobium sp. CCBAU 53340	1325112	S	10256	3531	13787	0.00039
Bradyrhizobium sp. 6(2017)	1197460	S	8737	3786	12523	0.00035
Bradyrhizobium sp. S2-11-2	2840472	S	7637	5450	13087	0.00037
Bradyrhizobium sp. 41S5	1404443	S	6382	3842	10224	0.00029
Bradyrhizobium sp. S2-20-1	2840469	S	6361	4830	11191	0.00031
Bradyrhizobium sp. S2-11-4	2840473	S	6139	5130	11269	0.00032
Bradyrhizobium sp. I71	2590772	S	5863	4764	10627	0.00030
Bradyrhizobium sp. CCBAU 51765	1325102	S	5730	4815	10545	0.00029
Bradyrhizobium sp. 191	2782659	S	5632	5152	10784	0.00030
Bradyrhizobium sp. C-145	574727	S	4265	3688	7953	0.00022
Bradyrhizobium sp.	376	S	3570	10189	13759	0.00038
Bradyrhizobium sp. 40	2782674	S	2668	5563	8231	0.00023
Bradyrhizobium sp. 144S4	2823807	S	2598	5648	8246	0.00023
Bradyrhizobium sp. 323S2	1404649	S	2332	5163	7495	0.00021
Bradyrhizobium sp. 4	2782678	S	2283	5346	7629	0.00021
Bradyrhizobium sp. 192	2782660	S	1998	4245	6243	0.00017
Bradyrhizobium sp. LCT2	2493093	S	1378	3331	4709	0.00013
Bradyrhizobium sp. SG09	2599805	S	999	6256	7255	0.00020
Bradyrhizobium sp. 187	2782655	S	915	3976	4891	0.00014
Bradyrhizobium sp. TM102	2599819	S	868	5210	6078	0.00017
Bradyrhizobium sp. 1S5	2816456	S	502	5015	5517	0.00015
Bradyrhizobium sp. 38S5	2819348	S	470	5095	5565	0.00016
Bradyrhizobium sp. 172	2782643	S	465	5015	5480	0.00015
Bradyrhizobium sp. CW1	2782686	S	426	5852	6278	0.00018
Bradyrhizobium sp. 131	2782609	S	336	4864	5200	0.00015
Bradyrhizobium sp. 155	2782629	S	301	4803	5104	0.00014
Bradyrhizobium erythrophlei	1437360	S	56037	4252	60289	0.00169
Bradyrhizobium diazoefficiens	1355477	S	44215	70973	115188	0.00322
Bradyrhizobium paxllaeri	190148	S	30467	5081	35548	0.00099
Bradyrhizobium icense	1274631	S	26426	3425	29851	0.00084
Bradyrhizobium lablabi	722472	S	18097	17885	35982	0.00101
Bradyrhizobium japonicum	375	S	16709	21171	37880	0.00106
Bradyrhizobium canariense	255045	S	16391	22261	38652	0.00108
Bradyrhizobium arachidis	858423	S	15640	3988	19628	0.00055
Bradyrhizobium genosp. L	83637	S	14774	2741	17515	0.00049
Bradyrhizobium oligotrophicum	44255	S	13657	2224	15881	0.00044
Bradyrhizobium genosp. B	83627	S	9671	1871	11542	0.00032
Bradyrhizobium vignae	1549949	S	9437	2007	11444	0.00032
Bradyrhizobium cosmicum	1404864	S	9399	2735	12134	0.00034
Bradyrhizobium guangxiense	1325115	S	9319	3579	12898	0.00036
Bradyrhizobium quebecense	2748629	S	9280	4612	13892	0.00039
Bradyrhizobium guangzhouense	1325095	S	9212	3094	12306	0.00034
Bradyrhizobium guangdongense	1325090	S	9181	3052	12233	0.00034
Bradyrhizobium septentrionale	1404411	S	7776	4154	11930	0.00033
Bradyrhizobium daqingense	993502	S	7181	3423	10604	0.00030
Bradyrhizobium amphicarpaeae	1404768	S	6286	2320	8606	0.00024
Bradyrhizobium betae	244734	S	5837	2899	8736	0.00024
Bradyrhizobium symbiodeficiens	1404367	S	5556	7236	12792	0.00036
Bradyrhizobium zhanjiangense	1325107	S	4245	3680	7925	0.00022
Bradyrhizobium elkanii	29448	S	2891	9359	12250	0.00034
Bradyrhizobium ottawaense	931866	S	2185	11639	13824	0.00039
Rhodopseudomonas palustris	1076	S	46056	14843	60899	0.00170
Rhodopseudomonas sp. SK50-23	340268	S	6725	1282	8007	0.00022
Rhodopseudomonas boonkerdii	475937	S	6430	1529	7959	0.00022
Tardiphaga sp. 37S4	1404741	S	3629	2729	6358	0.00018
Tardiphaga sp. vice154	2592814	S	297	4810	5107	0.00014
Tardiphaga sp. vice278	2592815	S	146	3722	3868	0.00011
Tardiphaga sp. vice304	2592817	S	130	2583	2713	0.00008
Tardiphaga robiniae	943830	S	3677	2467	6144	0.00017
Nitrobacter hamburgensis	912	S	9898	1575	11473	0.00032
Nitrobacter winogradskyi	913	S	7766	1265	9031	0.00025
Afipia sp. GAS231	1882747	S	7926	4702	12628	0.00035
Afipia carboxidovorans	40137	S	7762	2049	9811	0.00027
Variibacter gotjawalensis	1333996	S	13912	1067	14979	0.00042
Methylobacterium nodulans	114616	S	27570	3738	31308	0.00088
Methylobacterium sp. 17Sr1-1	2202826	S	10726	5172	15898	0.00044
Methylobacterium sp. WL1	2603276	S	10239	2143	12382	0.00035
Methylobacterium sp. C1	1479019	S	1333	9230	10563	0.00030
Methylobacterium sp. XJLW	739141	S	746	8857	9603	0.00027
Methylobacterium aquaticum	270351	S	22276	9881	32157	0.00090
Methylobacterium durans	2202825	S	20977	3139	24116	0.00067
Methylobacterium radiodurans	2202828	S	14562	3733	18295	0.00051
Methylobacterium tardum	374432	S	14089	4876	18965	0.00053
Methylobacterium currus	2051553	S	14078	5942	20020	0.00056
Methylobacterium organophilum	410	S	11760	6257	18017	0.00050
Methylobacterium terrae	2202827	S	11639	5464	17103	0.00048
Methylobacterium mesophilicum	39956	S	11631	2410	14041	0.00039
Methylobacterium brachiatum	269660	S	11387	4068	15455	0.00043
Methylobacterium indicum	1775910	S	9917	4959	14876	0.00042
Methylobacterium oryzae	334852	S	9585	12305	21890	0.00061
Methylobacterium radiotolerans	31998	S	3945	20278	24223	0.00068
Methylobacterium phyllosphaerae	418223	S	1621	5409	7030	0.00020
Microvirga sp. VF16	2807101	S	60123	9793	69916	0.00196
Microvirga sp. 17 mud 1-3	2082949	S	19243	4271	23514	0.00066
Microvirga ossetica	1882682	S	66112	12099	78211	0.00219
Microvirga thermotolerans	2651334	S	23107	6615	29722	0.00083
Methylorubrum populi	223967	S	18093	7923	26016	0.00073
Methylorubrum extorquens	408	S	16489	25218	41707	0.00117
Methylorubrum sp. B1-46	2897334	S	6561	2659	9220	0.00026
Methylorubrum zatmanii	29429	S	433	2014	2447	0.00007
Rhizobium sp. BG4	2613770	S	4923	942	5865	0.00016
Rhizobium sp. WYJ-E13	2849093	S	4516	578	5094	0.00014
Rhizobium sp. NXC24	2048897	S	3488	509	3997	0.00011
Rhizobium sp. ACO-34A	1571470	S	3034	643	3677	0.00010
Rhizobium sp. WL3	2603277	S	2784	520	3304	0.00009
Rhizobium sp. SL42	2806346	S	2680	481	3161	0.00009
Rhizobium sp. AB2/73	2795216	S	2461	1337	3798	0.00011
Rhizobium sp. 11515TR	2028343	S	2439	679	3118	0.00009
Rhizobium sp. NZLR1	2731096	S	2220	791	3011	0.00008
Rhizobium sp. CIAT894	2020312	S	2118	969	3087	0.00009
Rhizobium sp. NXC14	1981173	S	2048	908	2956	0.00008
Rhizobium sp. C104	2917727	S	1971	1133	3104	0.00009
Rhizobium sp. NLR16a	2731112	S	1909	919	2828	0.00008
Rhizobium sp. K102	2918527	S	1847	1329	3176	0.00009
Rhizobium sp. L51/94	2819999	S	1262	2218	3480	0.00010
Rhizobium sp. X9	2815360	S	867	1743	2610	0.00007
Rhizobium sp. 007	2785056	S	792	1405	2197	0.00006
Rhizobium sp. TAL182	2020313	S	641	2011	2652	0.00007
Rhizobium sp. IE4771	1301032	S	636	1441	2077	0.00006
Rhizobium sp. Kim5	2020311	S	588	1453	2041	0.00006
Rhizobium sp. NIBRBAC000502774	2590777	S	312	1197	1509	0.00004
Rhizobium sp. ZX09	2291939	S	235	1022	1257	0.00004
Rhizobium sp. N324	1703969	S	194	5526	5720	0.00016
Rhizobium sp. Y9	1914541	S	183	700	883	0.00002
Rhizobium sp. B230/85	2819994	S	167	2548	2715	0.00008
Rhizobium leguminosarum	384	S	20058	27031	47089	0.00132
Rhizobium etli	29449	S	5858	7197	13055	0.00037
Rhizobium jaguaris	1312183	S	3938	490	4428	0.00012
Rhizobium phaseoli	396	S	3763	7914	11677	0.00033
Rhizobium pseudoryzae	379684	S	3689	769	4458	0.00012
Rhizobium gallicum	56730	S	3297	4276	7573	0.00021
Rhizobium bangladeshense	1138189	S	2845	688	3533	0.00010
Rhizobium lentis	1138194	S	2413	751	3164	0.00009
Rhizobium tropici	398	S	2267	598	2865	0.00008
Rhizobium binae	1138190	S	2043	764	2807	0.00008
Rhizobium rosettiformans	1368430	S	2001	863	2864	0.00008
Rhizobium daejeonense	240521	S	1948	653	2601	0.00007
Rhizobium rhizoryzae	451876	S	1751	246	1997	0.00006
Rhizobium indicum	2583231	S	1694	1514	3208	0.00009
Rhizobium acidisoli	1538158	S	1311	1094	2405	0.00007
Rhizobium pusense	648995	S	1186	4513	5699	0.00016
Rhizobium oryzihabitans	2267833	S	652	845	1497	0.00004
Rhizobium hidalgonense	1538159	S	612	1436	2048	0.00006
Rhizobium laguerreae	1076926	S	535	936	1471	0.00004
Rhizobium ruizarguesonis	2081791	S	410	3086	3496	0.00010
Agrobacterium tumefaciens	358	S	9769	8699	18468	0.00052
Agrobacterium fabrum	1176649	S	1080	1337	2417	0.00007
Agrobacterium fabacearum	1183401	S	276	3145	3421	0.00010
Agrobacterium vitis	373	S	5326	658	5984	0.00017
Agrobacterium sp. T29	2580515	S	733	534	1267	0.00004
Agrobacterium sp. MA01	2664893	S	562	1072	1634	0.00005
Agrobacterium sp. RAC06	1842536	S	550	1071	1621	0.00005
Agrobacterium sp. CGMCC 11546	2579248	S	293	568	861	0.00002
Agrobacterium sp. S7/73	2820002	S	160	760	920	0.00003
Agrobacterium vaccinii	2735528	S	2122	290	2412	0.00007
Agrobacterium larrymoorei	160699	S	1474	265	1739	0.00005
Agrobacterium rubi	28099	S	1332	398	1730	0.00005
Agrobacterium salinitolerans	1183413	S	1085	377	1462	0.00004
Agrobacterium rhizogenes	359	S	1031	2338	3369	0.00009
Neorhizobium galegae	399	S	11653	3121	14774	0.00041
Neorhizobium sp. NCHU2750	1825976	S	3368	755	4123	0.00012
Neorhizobium sp. SOG26	2060726	S	3237	654	3891	0.00011
Pseudorhizobium flavum	1335061	S	2032	1303	3335	0.00009
Pseudorhizobium banfieldiae	1125847	S	1980	1160	3140	0.00009
Sinorhizobium fredii	380	S	12348	16406	28754	0.00080
Sinorhizobium meliloti	382	S	10203	9030	19233	0.00054
Sinorhizobium americanum	194963	S	4551	1666	6217	0.00017
Sinorhizobium sp. BG8	2613773	S	3816	646	4462	0.00012
Sinorhizobium sp. CCBAU 05631	794846	S	553	803	1356	0.00004
Sinorhizobium medicae	110321	S	3794	529	4323	0.00012
Ensifer adhaerens	106592	S	11062	6254	17316	0.00048
Ensifer mexicanus	375549	S	6052	923	6975	0.00020
Ensifer sp. PDNC004	2811423	S	3567	1426	4993	0.00014
Ensifer sp. T173	555315	S	695	2632	3327	0.00009
Ensifer alkalisoli	1752398	S	4035	782	4817	0.00013
Ensifer sojae	716925	S	3559	1307	4866	0.00014
Shinella sp. HZN7	879274	S	6989	5841	12830	0.00036
Shinella sp. PSBB067	2715959	S	5675	4216	9891	0.00028
Shinella sp. XGS7	2877941	S	5097	5056	10153	0.00028
Shinella sp. H4-D48	2925841	S	2361	909	3270	0.00009
Shinella zoogloeoides	352475	S	6225	8591	14816	0.00041
Shinella oryzae	2871820	S	3279	1407	4686	0.00013
Ciceribacter thiooxidans	1969821	S	4275	867	5142	0.00014
Georhizobium profundi	2341112	S	3859	827	4686	0.00013
Peteryoungia desertarenae	1813451	S	1366	250	1616	0.00005
Mesorhizobium sp. 8	2584466	S	9086	2096	11182	0.00031
Mesorhizobium sp. B2-8-5	2589903	S	7517	2414	9931	0.00028
Mesorhizobium sp. B2-1-1	2589974	S	6872	1518	8390	0.00023
Mesorhizobium sp. J8	2777475	S	6827	2137	8964	0.00025
Mesorhizobium sp. M1A.F.Ca.IN.022.06.1.1	2493680	S	6381	1982	8363	0.00023
Mesorhizobium sp. M1B.F.Ca.ET.045.04.1.1	2493673	S	6016	2241	8257	0.00023
Mesorhizobium sp. Pch-S	2082387	S	5531	733	6264	0.00018
Mesorhizobium sp. M3A.F.Ca.ET.080.04.2.1	2493676	S	5508	1623	7131	0.00020
Mesorhizobium sp. B1-1-8	2589976	S	5506	1335	6841	0.00019
Mesorhizobium sp. DCY119	2108445	S	5473	1216	6689	0.00019
Mesorhizobium sp. M1D.F.Ca.ET.043.01.1.1	2493669	S	5450	3178	8628	0.00024
Mesorhizobium sp. M1E.F.Ca.ET.045.02.1.1	2493672	S	5297	2569	7866	0.00022
Mesorhizobium sp. 131-2-1	2744518	S	4954	2551	7505	0.00021
Mesorhizobium sp. INR15	2654248	S	4783	666	5449	0.00015
Mesorhizobium sp. M4B.F.Ca.ET.058.02.1.1	2493675	S	4690	1924	6614	0.00019
Mesorhizobium sp. PAMC28654	2880934	S	4532	823	5355	0.00015
Mesorhizobium sp. L-2-11	2744521	S	4130	1541	5671	0.00016
Mesorhizobium sp. M9A.F.Ca.ET.002.03.1.2	2493668	S	3911	1747	5658	0.00016
Mesorhizobium sp. M2A.F.Ca.ET.043.05.1.1	2493671	S	3818	3177	6995	0.00020
Mesorhizobium sp. M6A.T.Cr.TU.016.01.1.1	2493677	S	3685	1202	4887	0.00014
Mesorhizobium sp. B4-1-4	2589888	S	3605	846	4451	0.00012
Mesorhizobium sp. B2-1-8	2589967	S	3499	1044	4543	0.00013
Mesorhizobium sp. M7D.F.Ca.US.005.01.1.1	2493678	S	3303	1108	4411	0.00012
Mesorhizobium sp. M8A.F.Ca.ET.057.01.1.1	2493679	S	3213	1187	4400	0.00012
Mesorhizobium sp. 113-3-3	2744516	S	3020	1632	4652	0.00013
Mesorhizobium sp. NZP2077	2483404	S	3008	975	3983	0.00011
Mesorhizobium sp. 113-1-2	2744515	S	2681	1301	3982	0.00011
Mesorhizobium sp. M7A.F.Ce.TU.012.03.2.1	2493681	S	2593	937	3530	0.00010
Mesorhizobium sp. L-8-10	2744523	S	2382	7417	9799	0.00027
Mesorhizobium sp. L-8-3	2744522	S	2192	7010	9202	0.00026
Mesorhizobium sp. NZP2298	2483403	S	2133	1255	3388	0.00009
Mesorhizobium sp. 113-3-9	2744517	S	2068	1523	3591	0.00010
Mesorhizobium sp. NBSH29	2654249	S	2061	141	2202	0.00006
Mesorhizobium sp. M2A.F.Ca.ET.046.03.2.1	2493674	S	2049	5372	7421	0.00021
Mesorhizobium sp. AA22	1854057	S	1955	1223	3178	0.00009
Mesorhizobium sp. M2A.F.Ca.ET.043.02.1.1	2493670	S	1887	4706	6593	0.00018
Mesorhizobium sp. WSM1497	278153	S	677	1388	2065	0.00006
Mesorhizobium sp. 131-3-5	2744520	S	457	1435	1892	0.00005
Mesorhizobium sp. 131-2-5	2744519	S	335	2295	2630	0.00007
Mesorhizobium sp. NZP2234	2483402	S	315	1145	1460	0.00004
Mesorhizobium terrae	2725666	S	5658	1773	7431	0.00021
Mesorhizobium opportunistum	593909	S	5657	2284	7941	0.00022
Mesorhizobium amorphae	71433	S	4608	1071	5679	0.00016
Mesorhizobium loti	381	S	3516	29063	32579	0.00091
Mesorhizobium huakuii	28104	S	3165	2198	5363	0.00015
Mesorhizobium ciceri	39645	S	3165	8065	11230	0.00031
Mesorhizobium australicum	536018	S	3054	940	3994	0.00011
Mesorhizobium erdmanii	1777866	S	2742	763	3505	0.00010
Mesorhizobium japonicum	2066070	S	2622	1958	4580	0.00013
Aquibium microcysteis	675281	S	11469	3140	14609	0.00041
Aquibium oceanicum	1670800	S	8194	1844	10038	0.00028
Aminobacter sp. MSH1	374606	S	5605	3367	8972	0.00025
Aminobacter sp. SR38	2774562	S	1307	5653	6960	0.00019
Aminobacter sp. MDW-2	2666139	S	862	3886	4748	0.00013
Aminobacter aminovorans	83263	S	833	2706	3539	0.00010
Nitratireductor sp. SY7	2599600	S	6925	1242	8167	0.00023
Nitratireductor sp. OM-1	1756988	S	3359	538	3897	0.00011
Nitratireductor kimnyeongensis	430679	S	2059	279	2338	0.00007
Phyllobacterium sp. T1018	555316	S	2462	311	2773	0.00008
Phyllobacterium sp. 628	2718938	S	1395	190	1585	0.00004
Phyllobacterium sp. T1293	555317	S	1210	147	1357	0.00004
Phyllobacterium zundukense	1867719	S	2595	358	2953	0.00008
Roseitalea porphyridii	1852022	S	6201	1034	7235	0.00020
Hoeflea sp. IMCC20628	1620421	S	2367	223	2590	0.00007
Hoeflea phototrophica	244596	S	2223	258	2481	0.00007
Oricola thermophila	2742145	S	4455	605	5060	0.00014
Salaquimonas pukyongi	2712698	S	1575	70	1645	0.00005
Lentilitoribacter sp. Alg239-R112	2305987	S	130	2	132	0.00000
Pseudolabrys taiwanensis	331696	S	33755	5885	39640	0.00111
Pseudolabrys sp. FHR47	2562284	S	21715	4017	25732	0.00072
Xanthobacter dioxanivorans	2528964	S	11804	4030	15834	0.00044
Xanthobacter sp. YC-JY1	2419844	S	3951	4139	8090	0.00023
Xanthobacter autotrophicus	280	S	3608	4090	7698	0.00022
Starkeya sp. ORNL1	2709380	S	13626	2778	16404	0.00046
Starkeya novella	921	S	11455	4246	15701	0.00044
Ancylobacter sp. TS-1	1850374	S	8223	3419	11642	0.00033
Ancylobacter polymorphus	223390	S	8140	3931	12071	0.00034
Ancylobacter pratisalsi	1745854	S	6596	1498	8094	0.00023
Labrys sp. KNU-23	2789216	S	9190	969	10159	0.00028
Azorhizobium caulinodans	7	S	8385	1792	10177	0.00028
Rhodoplanes sp. Z2-YC6860	674703	S	84838	8281	93119	0.00261
Hyphomicrobium denitrificans	53399	S	8464	1033	9497	0.00027
Hyphomicrobium nitrativorans	1427356	S	6206	545	6751	0.00019
Hyphomicrobium sp. MC1	717785	S	4196	329	4525	0.00013
Methyloceanibacter caenitepidi	1384459	S	3634	726	4360	0.00012
Methyloceanibacter sp. wino2	2170729	S	3557	759	4316	0.00012
Aquabacter sp. L1I39	2820278	S	7077	1179	8256	0.00023
Methyloligella sp. GL2	2742204	S	5349	644	5993	0.00017
Rhodomicrobium vannielii	1069	S	4711	327	5038	0.00014
Caenibius sp. WL	2872646	S	2419	498	2917	0.00008
Caenibius tardaugens	169176	S	1680	1329	3009	0.00008
Candidatus Filomicrobium marinum	1608628	S	1808	50	1858	0.00005
Devosia sp. A16	1736675	S	15293	1836	17129	0.00048
Devosia sp. JXJ CY 41	2917991	S	5061	879	5940	0.00017
Devosia sp. SL43	2806348	S	4985	871	5856	0.00016
Devosia sp. 1566	2499144	S	4684	499	5183	0.00014
Devosia sp. I507	2083786	S	3161	889	4050	0.00011
Devosia sp. MC521	2759954	S	1579	255	1834	0.00005
Devosia oryziradicis	2801335	S	7162	1252	8414	0.00024
Devosia ginsengisoli	400770	S	5685	980	6665	0.00019
Devosia beringensis	2657486	S	4971	704	5675	0.00016
Devosia rhizoryzae	2774137	S	4799	492	5291	0.00015
Devosia salina	2860336	S	4557	1412	5969	0.00017
Youhaiella tibetensis	1447062	S	6768	1432	8200	0.00023
Paradevosia shaoguanensis	1335043	S	6331	2271	8602	0.00024
Pelagibacterium halotolerans	531813	S	3042	376	3418	0.00010
Maritalea myrionectae	454601	S	551	20	571	0.00002
Bosea sp. Tri-49	1867715	S	13020	3042	16062	0.00045
Bosea sp. RAC05	1842539	S	12037	3953	15990	0.00045
Bosea sp. F3-2	2599640	S	11610	3799	15409	0.00043
Bosea sp. ANAM02	2020412	S	10072	3819	13891	0.00039
Bosea sp. AS-1	2015316	S	9730	3143	12873	0.00036
Bosea sp. PAMC 26642	1792307	S	9019	1952	10971	0.00031
Bosea vaviloviae	1526658	S	10766	2654	13420	0.00038
Aureimonas sp. SA4125	2826993	S	7977	1486	9463	0.00026
Aureimonas sp. AU20	1349819	S	7529	1075	8604	0.00024
Aureimonas sp. OT7	2816454	S	3537	2778	6315	0.00018
Aureimonas populi	1701758	S	6320	1226	7546	0.00021
Aureimonas mangrovi	2758041	S	5699	1209	6908	0.00019
Aureimonas altamirensis	370622	S	3405	1087	4492	0.00013
Martelella sp. AD-3	686597	S	2030	5731	7761	0.00022
Martelella mediterranea	293089	S	3962	1388	5350	0.00015
Martelella endophytica	1486262	S	3372	742	4114	0.00012
Martelella lutilitoris	2583532	S	1979	1543	3522	0.00010
Aurantimonas sp. HBX-1	2906072	S	9942	2972	12914	0.00036
Methylocystis parvus	134	S	5462	644	6106	0.00017
Methylocystis bryophila	655015	S	5293	536	5829	0.00016
Methylocystis heyeri	391905	S	4852	547	5399	0.00015
Methylocystis sp. SC2	187303	S	3244	822	4066	0.00011
Methylocystis sp. SB2	743836	S	1287	1913	3200	0.00009
Methylocystis rosea	173366	S	3426	2475	5901	0.00017
Methylosinus trichosporium	426	S	7918	1501	9419	0.00026
Methylosinus sp. C49	2699395	S	6239	1167	7406	0.00021
Phreatobacter stygius	1940610	S	14873	2231	17104	0.00048
Phreatobacter cathodiphilus	1868589	S	12792	3800	16592	0.00046
Phreatobacter sp. NMCR1094	2570229	S	9041	1703	10744	0.00030
Pseudorhodoplanes sinuspersici	1235591	S	15396	1140	16536	0.00046
Nordella sp. HKS 07	2712222	S	14897	834	15731	0.00044
Terrihabitans soli	708113	S	6551	745	7296	0.00020
Stappia indica	538381	S	9573	2318	11891	0.00033
Stappia sp. ES.058	1881061	S	4711	609	5320	0.00015
Roseibium aggregatum	187304	S	5160	721	5881	0.00016
Roseibium alexandrii	388408	S	1477	134	1611	0.00005
Pannonibacter phragmitetus	121719	S	6277	4301	10578	0.00030
Labrenzia sp. VG12	2021862	S	2926	352	3278	0.00009
Labrenzia sp. PHM005	2590016	S	1314	104	1418	0.00004
Labrenzia sp. THAF82	2587861	S	1112	73	1185	0.00003
Pseudovibrio sp. FO-BEG1	911045	S	460	178	638	0.00002
Pseudovibrio brasiliensis	1898042	S	454	173	627	0.00002
Chelatococcus sp. CO-6	1702325	S	12280	7585	19865	0.00056
Chelatococcus daeguensis	444444	S	6495	4033	10528	0.00029
Methylocella silvestris	199596	S	5400	630	6030	0.00017
Methylocella tundrae	227605	S	4679	465	5144	0.00014
Methylovirgula ligni	569860	S	4563	544	5107	0.00014
Methylovirgula sp. HY1	2822761	S	3604	216	3820	0.00011
Beijerinckia indica	533	S	2174	173	2347	0.00007
Blastochloris tepida	2233851	S	10577	3636	14213	0.00040
Blastochloris viridis	1079	S	9157	2556	11713	0.00033
Kaustia mangrovi	2593653	S	10815	1073	11888	0.00033
Parvibaculum lavamentivorans	256618	S	4873	3423	8296	0.00023
Pyruvatibacter mobilis	1712261	S	3488	430	3918	0.00011
Candidatus Phaeomarinobacter ectocarpi	1458461	S	1298	65	1363	0.00004
Acuticoccus sp. I52.16.1	2928472	S	13183	1497	14680	0.00041
Kaistia sp. 32K	2795690	S	12625	3181	15806	0.00044
Brucella anthropi	529	S	2366	1499	3865	0.00011
Brucella intermedia	94625	S	1923	450	2373	0.00007
Brucella sp. BTU1	2840456	S	336	387	723	0.00002
Brucella sp. 10RB9215	1149953	S	122	681	803	0.00002
Brucella sp. 09RB8910	1844051	S	102	558	660	0.00002
[Ochrobactrum] quorumnocens	271865	S	777	142	919	0.00003
Brucella pseudogrignonensis	419475	S	607	1127	1734	0.00005
Brucella pituitosa	571256	S	326	724	1050	0.00003
Pseudochrobactrum sp. Wa41.01b-1	2864102	S	209	199	408	0.00001
Pseudochrobactrum sp. XF203	2879116	S	190	166	356	0.00001
Pseudochrobactrum algeriensis	2834768	S	201	193	394	0.00001
Hartmannibacter diazotrophicus	1482074	S	7577	1367	8944	0.00025
Lichenihabitans psoromatis	2528642	S	2728	1491	4219	0.00012
Lichenihabitans sp. PAMC28606	2880932	S	2257	1432	3689	0.00010
Breoghania sp. L-A4	2304600	S	7131	959	8090	0.00023
Cohaesibacter sp. ES.047	1798205	S	1330	58	1388	0.00004
Bartonella apis	1686310	S	409	128	537	0.00002
Sphingomonas sp. S8-45	2938948	S	19948	2442	22390	0.00063
Sphingomonas sp. DM2-R-LB4	2899123	S	17908	5972	23880	0.00067
Sphingomonas sp. Cra20	1327635	S	13128	2076	15204	0.00043
Sphingomonas sp. AK-PDB1-5	2872652	S	12511	2033	14544	0.00041
Sphingomonas sp. HDW15A	2714942	S	12269	1030	13299	0.00037
Sphingomonas sp. CL5.1	2653203	S	11698	3903	15601	0.00044
Sphingomonas sp. LM7	1938607	S	11530	2517	14047	0.00039
Sphingomonas sp. MM-1	745310	S	11312	14754	26066	0.00073
Sphingomonas sp. AP4-R1	2735134	S	10280	1331	11611	0.00032
Sphingomonas sp. S2-65	2903960	S	9211	1877	11088	0.00031
Sphingomonas sp. AAP5	1523415	S	8904	2300	11204	0.00031
Sphingomonas sp. NBWT7	2596913	S	8588	2921	11509	0.00032
Sphingomonas sp. FARSPH	2219696	S	8456	6999	15455	0.00043
Sphingomonas sp. HMP9	1517554	S	6611	2934	9545	0.00027
Sphingomonas sp. PAMC26645	2565555	S	6533	2172	8705	0.00024
Sphingomonas sp. KC8	1030157	S	5808	756	6564	0.00018
Sphingomonas sp. HMP6	1517551	S	5660	1114	6774	0.00019
Sphingomonas sp. LK11	1390395	S	4227	4010	8237	0.00023
Sphingomonas sp. NIC1	1961362	S	3578	10321	13899	0.00039
Sphingomonas sp. IC081	304378	S	1205	7056	8261	0.00023
Sphingomonas lutea	1045317	S	35328	4647	39975	0.00112
Sphingomonas sediminicola	386874	S	30310	2927	33237	0.00093
Sphingomonas daechungensis	1176646	S	29653	2877	32530	0.00091
Sphingomonas ginsengisoli An et al. 2013	363835	S	25458	3497	28955	0.00081
Sphingomonas sinipercae	2714944	S	22864	3131	25995	0.00073
Sphingomonas sabuli	2764186	S	22851	2852	25703	0.00072
Sphingomonas piscis	2714943	S	17598	1667	19265	0.00054
Sphingomonas rhizophila	2071607	S	15737	3807	19544	0.00055
Sphingomonas profundi	2681549	S	14922	2380	17302	0.00048
Sphingomonas alpina	653931	S	14641	1200	15841	0.00044
Sphingomonas sanxanigenens	397260	S	13853	6426	20279	0.00057
Sphingomonas xanthus	2594473	S	10991	2317	13308	0.00037
Sphingomonas taxi	1549858	S	10062	3050	13112	0.00037
Sphingomonas hengshuiensis	1609977	S	10047	1280	11327	0.00032
Sphingomonas koreensis	93064	S	9485	6711	16196	0.00045
Sphingomonas panacis	1560345	S	9375	1370	10745	0.00030
Sphingomonas changnyeongensis	2698679	S	9291	1846	11137	0.00031
Sphingomonas panacisoli	1813879	S	9036	1205	10241	0.00029
Sphingomonas suaedae	2599297	S	7622	963	8585	0.00024
Sphingomonas radiodurans	2890321	S	7144	949	8093	0.00023
Sphingomonas insulae	424800	S	6363	1770	8133	0.00023
Sphingomonas aliaeris	2759526	S	6069	766	6835	0.00019
Sphingomonas paucimobilis	13689	S	5748	3523	9271	0.00026
Sphingomonas sanguinis	33051	S	4535	3749	8284	0.00023
Sphingomonas melonis	152682	S	3999	14354	18353	0.00051
Sphingomonas lacunae	2698828	S	2745	418	3163	0.00009
Sphingomonas paeninsulae	2319844	S	2397	114	2511	0.00007
Sphingopyxis sp. QXT-31	1357916	S	6868	1909	8777	0.00025
Sphingopyxis sp. YF1	2482763	S	6478	1512	7990	0.00022
Sphingopyxis sp. OPL5	2486273	S	6294	1210	7504	0.00021
Sphingopyxis sp. PAMC25046	2565556	S	5661	2528	8189	0.00023
Sphingopyxis sp. BSN-002	2911495	S	5269	959	6228	0.00017
Sphingopyxis sp. 113P3	292913	S	4903	1848	6751	0.00019
Sphingopyxis sp. FD7	1914525	S	4483	1856	6339	0.00018
Sphingopyxis sp. EG6	1874061	S	4273	2132	6405	0.00018
Sphingopyxis sp. MG	1866325	S	261	2362	2623	0.00007
Sphingopyxis macrogoltabida	33050	S	10486	5112	15598	0.00044
Sphingopyxis terrae	33052	S	5841	3360	9201	0.00026
Sphingopyxis lindanitolerans	2054227	S	5390	2665	8055	0.00023
Sphingopyxis fribergensis	1515612	S	4916	1895	6811	0.00019
Sphingopyxis granuli	267128	S	4633	12552	17185	0.00048
Sphingopyxis alaskensis	117207	S	4006	927	4933	0.00014
Sphingobium sp. SYK-6	627192	S	7045	1898	8943	0.00025
Sphingobium sp. YG1	2082188	S	4057	1699	5756	0.00016
Sphingobium sp. CAP-1	2676077	S	3997	2467	6464	0.00018
Sphingobium sp. TKS	1315974	S	3971	5945	9916	0.00028
Sphingobium sp. RAC03	1843368	S	3493	671	4164	0.00012
Sphingobium sp. SCG-1	2072936	S	3460	288	3748	0.00010
Sphingobium sp. EP60837	1855519	S	3252	966	4218	0.00012
Sphingobium sp. Cam5-1	2789327	S	3066	1150	4216	0.00012
Sphingobium sp. KCTC 72723	2733867	S	2844	525	3369	0.00009
Sphingobium sp. MI1205	407020	S	2297	3340	5637	0.00016
Sphingobium sp. PAMC28499	2565554	S	1112	2147	3259	0.00009
Sphingobium sp. YBL2	484429	S	460	2930	3390	0.00009
Sphingobium sp. RSMS	520734	S	435	2436	2871	0.00008
Sphingobium sp. LF-16	2185111	S	117	1827	1944	0.00005
Sphingobium yanoikuyae	13690	S	7135	13481	20616	0.00058
Sphingobium indicum	332055	S	4629	3775	8404	0.00024
Sphingobium phenoxybenzoativorans	1592790	S	4553	1802	6355	0.00018
Sphingobium amiense	135719	S	4548	5475	10023	0.00028
Sphingobium cloacae	120107	S	3827	5521	9348	0.00026
Sphingobium xenophagum	121428	S	3579	2334	5913	0.00017
Sphingobium chlorophenolicum	46429	S	3419	1535	4954	0.00014
Sphingobium baderi	1332080	S	2753	2773	5526	0.00015
Sphingobium herbicidovorans	76947	S	2350	2106	4456	0.00012
Sphingobium fuliginis	336203	S	1532	5748	7280	0.00020
Novosphingobium sp. Gsoil 351	2675225	S	9438	864	10302	0.00029
Novosphingobium sp. Sx8-5	2896849	S	8088	1163	9251	0.00026
Novosphingobium sp. EMRT-2	2571749	S	6818	4041	10859	0.00030
Novosphingobium sp. P6W	1609758	S	5564	1006	6570	0.00018
Novosphingobium sp. THN1	1016987	S	4051	1471	5522	0.00015
Novosphingobium sp. ES2-1	2780074	S	3861	2022	5883	0.00016
Novosphingobium sp. PP1Y	702113	S	2387	2843	5230	0.00015
Novosphingobium sp. KA1	164608	S	1564	7465	9029	0.00025
Novosphingobium resinovorum	158500	S	7230	3532	10762	0.00030
Novosphingobium decolorationis	2698673	S	5598	3062	8660	0.00024
Novosphingobium aromaticivorans	48935	S	5527	2580	8107	0.00023
Novosphingobium ginsenosidimutans	1176536	S	4312	466	4778	0.00013
Novosphingobium pentaromativorans	205844	S	2313	3998	6311	0.00018
Rhizorhabdus wittichii	160791	S	17622	10511	28133	0.00079
Rhizorhabdus dicambivorans	1850238	S	10530	8414	18944	0.00053
Rhizorhabdus phycosphaerae	2711156	S	7356	964	8320	0.00023
Allosphingosinicella indica	941907	S	21382	2722	24104	0.00067
Sphingosinithalassobacter sp. CS137	2762748	S	7912	1620	9532	0.00027
Sphingosinithalassobacter tenebrarum	2711215	S	5842	1736	7578	0.00021
Parasphingopyxis algicola	2026624	S	7336	502	7838	0.00022
Parasphingopyxis sp. CP4	2724527	S	1950	96	2046	0.00006
Sphingorhabdus sp. YGSMI21	2077182	S	2179	384	2563	0.00007
Sphingorhabdus sp. SMR4y	2584094	S	1800	327	2127	0.00006
Sphingorhabdus sp. M41	1806885	S	1475	205	1680	0.00005
Sphingorhabdus lacus	392610	S	1331	67	1398	0.00004
Sphingorhabdus lutea	1913578	S	208	19	227	0.00001
Blastomonas sp. RAC04	1842535	S	1632	2599	4231	0.00012
Blastomonas fulva	1550728	S	1392	2814	4206	0.00012
Tardibacter chloracetimidivorans	1921510	S	4697	3630	8327	0.00023
Hankyongella ginsenosidimutans	1763828	S	4549	869	5418	0.00015
Citromicrobium sp. JL477	1634516	S	4333	1912	6245	0.00017
Novosphingopyxis iocasae	2762729	S	3465	1859	5324	0.00015
Parasphingorhabdus sp. JHSY0214	2806553	S	709	56	765	0.00002
Parasphingorhabdus halotolerans	2725558	S	683	30	713	0.00002
Parasphingorhabdus litoris	394733	S	619	52	671	0.00002
Aquisediminimonas profunda	1550733	S	1957	85	2042	0.00006
Erythrobacter sp. HL-111	1798193	S	5718	1102	6820	0.00019
Erythrobacter sp. HKB08	2502843	S	4322	948	5270	0.00015
Erythrobacter sp. SDW2	2907154	S	4059	1074	5133	0.00014
Erythrobacter sp. JK5	2829500	S	3920	1154	5074	0.00014
Erythrobacter sp. THAF29	2587851	S	2276	528	2804	0.00008
Erythrobacter sp. LQ02-29	2920384	S	1898	2133	4031	0.00011
Erythrobacter sp. A30-3	2785907	S	1885	1438	3323	0.00009
Erythrobacter sp. KY5	2011159	S	1802	147	1949	0.00005
Erythrobacter sp. 3-20A1M	2653850	S	1785	2763	4548	0.00013
Erythrobacter sp. SCSIO 43205	2779361	S	918	172	1090	0.00003
Erythrobacter litoralis	39960	S	7215	3054	10269	0.00029
Erythrobacter neustonensis	1112	S	3194	760	3954	0.00011
Erythrobacter mangrovi	2739433	S	2852	1006	3858	0.00011
Erythrobacter aureus	2182384	S	2348	444	2792	0.00008
Porphyrobacter sp. CACIAM 03H1	2003315	S	6128	1773	7901	0.00022
Porphyrobacter sp. LM 6	1896196	S	3077	1067	4144	0.00012
Porphyrobacter sp. HT-58-2	2023229	S	2812	665	3477	0.00010
Porphyrobacter sp. GA68	2883480	S	2474	1164	3638	0.00010
Qipengyuania flava	192812	S	8114	4423	12537	0.00035
Qipengyuania sediminis	1532023	S	4939	758	5697	0.00016
Qipengyuania soli	2782568	S	3138	593	3731	0.00010
Qipengyuania aurantiaca	2867233	S	2890	970	3860	0.00011
Qipengyuania gelatinilytica	2867231	S	2389	459	2848	0.00008
Qipengyuania seohaensis	266951	S	2049	435	2484	0.00007
Qipengyuania aquimaris	255984	S	1511	1500	3011	0.00008
Qipengyuania psychrotolerans	2867238	S	1493	209	1702	0.00005
Qipengyuania xiapuensis	2867236	S	1455	1429	2884	0.00008
Altererythrobacter sp. B11	2060312	S	6984	3244	10228	0.00029
Altererythrobacter sp. TH136	2067415	S	6765	1289	8054	0.00023
Altererythrobacter sp. BO-6	2604537	S	2644	431	3075	0.00009
Altererythrobacter sp. ZODW24	2185142	S	1087	59	1146	0.00003
Altererythrobacter epoxidivorans	361183	S	2049	586	2635	0.00007
Altererythrobacter ishigakiensis	476157	S	801	67	868	0.00002
Tsuneonella dongtanensis	692370	S	6758	1415	8173	0.00023
Tsuneonella amylolytica	2338327	S	6666	1960	8626	0.00024
Tsuneonella mangrovi	1982042	S	4346	693	5039	0.00014
Tsuneonella flava	2055955	S	1788	525	2313	0.00006
Croceicoccus sp. YJ47	2798724	S	3404	2159	5563	0.00016
Croceicoccus sp. Ery5	1703340	S	1171	1268	2439	0.00007
Croceicoccus sp. Ery15	1703338	S	1025	1591	2616	0.00007
Croceicoccus marinus	450378	S	6483	3366	9849	0.00028
Croceicoccus naphthovorans	1348774	S	2626	2928	5554	0.00016
Aurantiacibacter gangjinensis	502682	S	2514	265	2779	0.00008
Aurantiacibacter atlanticus	1648404	S	1093	352	1445	0.00004
Pelagerythrobacter marensis	543877	S	3428	496	3924	0.00011
Croceibacterium atlanticum	1267766	S	3403	1438	4841	0.00014
Paraurantiacibacter namhicola	645517	S	3267	443	3710	0.00010
Sphingosinicella sp. BN140058	1892855	S	33967	3231	37198	0.00104
Sphingosinicella flava	2771430	S	10707	1578	12285	0.00034
Sphingosinicella microcystinivorans	335406	S	5380	675	6055	0.00017
Polymorphobacter sp. PAMC 29362	2835787	S	3816	2498	6314	0.00018
Polymorphobacter sp. PAMC 29334	2862331	S	3750	2533	6283	0.00018
Sandaracinobacter sp. M6	2759707	S	5051	359	5410	0.00015
Zymomonas mobilis	542	S	374	378	752	0.00002
Azospirillum sp. B510	137722	S	6966	2350	9316	0.00026
Azospirillum sp. TSH100	652764	S	5800	2406	8206	0.00023
Azospirillum sp. TSA2s	709810	S	5588	3720	9308	0.00026
Azospirillum sp. TSH58	664962	S	4211	4825	9036	0.00025
Azospirillum brasilense	192	S	22101	16774	38875	0.00109
Azospirillum thermophilum	2202148	S	14266	3112	17378	0.00049
Azospirillum thiophilum	528244	S	8297	2450	10747	0.00030
Azospirillum ramasamyi	682998	S	5140	2633	7773	0.00022
Azospirillum humicireducens	1226968	S	4333	2195	6528	0.00018
Azospirillum lipoferum	193	S	4301	2765	7066	0.00020
Azospirillum oryzae	286727	S	4108	3072	7180	0.00020
Azospirillum baldaniorum	1064539	S	2665	4610	7275	0.00020
Skermanella mucosa	1789672	S	13282	7518	20800	0.00058
Skermanella sp. TT6	2775420	S	12449	10777	23226	0.00065
Skermanella rosea	1817965	S	10842	7976	18818	0.00053
Skermanella pratensis	2233999	S	10530	4821	15351	0.00043
Nitrospirillum amazonense	28077	S	8954	1004	9958	0.00028
Indioceanicola profundi	2220096	S	6933	917	7850	0.00022
Niveispirillum cyanobacteriorum	1612173	S	3545	372	3917	0.00011
Roseomonas sp. OT10	2897332	S	19222	4589	23811	0.00067
Roseomonas sp. S08	1750527	S	16587	1055	17642	0.00049
Roseomonas sp. FDAARGOS_362	2018065	S	1703	6983	8686	0.00024
Roseomonas gilardii	257708	S	14003	5647	19650	0.00055
Roseomonas haemaphysalidis	2768162	S	12304	1436	13740	0.00038
Roseomonas marmotae	2768161	S	11068	1276	12344	0.00035
Roseomonas mucosa	207340	S	1559	7545	9104	0.00025
Rhodovastum atsumiense	504468	S	17664	1855	19519	0.00055
Roseococcus microcysteis	2771361	S	11125	1019	12144	0.00034
Komagataeibacter xylinus	28448	S	3044	5471	8515	0.00024
Komagataeibacter saccharivorans	265959	S	1203	407	1610	0.00005
Komagataeibacter oboediens	65958	S	911	450	1361	0.00004
Komagataeibacter nataicola	265960	S	910	424	1334	0.00004
Komagataeibacter europaeus	33995	S	798	393	1191	0.00003
Komagataeibacter medellinensis	1177712	S	757	560	1317	0.00004
Acidiphilium multivorum	62140	S	2430	9524	11954	0.00033
Acidiphilium cryptum	524	S	573	3516	4089	0.00011
Sediminicoccus rosea	1225128	S	8611	436	9047	0.00025
Lichenicola cladoniae	1484109	S	7166	353	7519	0.00021
Acidibrevibacterium fodinaquatile	1969806	S	6677	586	7263	0.00020
Acetobacter aceti	435	S	2243	762	3005	0.00008
Acetobacter sp. KACC 21233	2592655	S	607	123	730	0.00002
Acetobacter persici	1076596	S	543	74	617	0.00002
Acetobacter ghanensis	431306	S	356	85	441	0.00001
Acetobacter pasteurianus	438	S	223	556	779	0.00002
Acetobacter senegalensis	446692	S	189	268	457	0.00001
Acetobacter tropicalis	104102	S	177	243	420	0.00001
Acetobacter ascendens	481146	S	164	188	352	0.00001
Acetobacter orientalis	146474	S	163	23	186	0.00001
Gluconacetobacter diazotrophicus	33996	S	4470	864	5334	0.00015
Gluconobacter oxydans	442	S	1445	1396	2841	0.00008
Gluconobacter albidus	318683	S	797	135	932	0.00003
Gluconobacter sphaericus	574987	S	501	107	608	0.00002
Gluconobacter frateurii	38308	S	306	73	379	0.00001
Gluconobacter thailandicus	257438	S	196	131	327	0.00001
Granulibacter bethesdensis	364410	S	2746	252	2998	0.00008
Asaia bogorensis	91915	S	1811	314	2125	0.00006
Neoasaia chiangmaiensis	320497	S	1806	336	2142	0.00006
Kozakia baliensis	153496	S	1236	390	1626	0.00005
Novacetimonas hansenii	436	S	1191	488	1679	0.00005
Oecophyllibacter saccharovorans	2558360	S	803	28	831	0.00002
Swingsia sp. F3b2	2558361	S	391	11	402	0.00001
Neokomagataea tanensis	661191	S	197	33	230	0.00001
Hypericibacter adhaerens	2602016	S	15144	2517	17661	0.00049
Hypericibacter terrae	2602015	S	12519	1631	14150	0.00040
Magnetospirillum sp. XM-1	1663591	S	4268	1257	5525	0.00015
Magnetospirillum sp. ME-1	1639348	S	3589	1144	4733	0.00013
Magnetospirillum gryphiswaldense	55518	S	4826	412535	417361	0.01168
Magnetospirillum magneticum	84159	S	4109	453	4562	0.00013
Rhodospirillum centenum	34018	S	8577	1240	9817	0.00027
Rhodospirillum rubrum	1085	S	4454	535	4989	0.00014
Tistrella mobilis	171437	S	9195	4203	13398	0.00037
Ferrovibrio terrae	2594003	S	6427	411	6838	0.00019
Defluviicoccus vanus	111831	S	4686	427	5113	0.00014
Pararhodospirillum photometricum	1084	S	2792	228	3020	0.00008
Haematospirillum jordaniae	1549855	S	347	33	380	0.00001
Candidatus Endolissoclinum faulkneri	1263979	S	114	1	115	0.00000
Stella humosa	94	S	19185	1354	20539	0.00057
Elioraea tepida	2843330	S	9543	508	10051	0.00028
Thalassospira sp. A40-3	2785908	S	453	172	625	0.00002
Thalassospira sp. B30-1	2785911	S	274	394	668	0.00002
Thalassospira marina	2048283	S	682	46	728	0.00002
Thalassospira indica	1891279	S	572	352	924	0.00003
Thalassospira xiamenensis	220697	S	287	389	676	0.00002
Magnetospira sp. QH-2	1288970	S	1732	63	1795	0.00005
Terasakiella sp. SH-1	2560057	S	262	7	269	0.00001
Paracoccus sp. S8-55	2903900	S	20839	2095	22934	0.00064
Paracoccus sp. MC1862	2760307	S	5230	497	5727	0.00016
Paracoccus sp. AK26	2589076	S	5037	670	5707	0.00016
Paracoccus sp. MA	2895796	S	3638	1639	5277	0.00015
Paracoccus sp. H4-D09	2812658	S	2023	375	2398	0.00007
Paracoccus sp. Arc7-R13	2500532	S	1375	1174	2549	0.00007
Paracoccus sanguinis	1545044	S	6654	1588	8242	0.00023
Paracoccus yeei	147645	S	5343	7249	12592	0.00035
Paracoccus liaowanqingii	2560053	S	4695	489	5184	0.00015
Paracoccus denitrificans	266	S	4133	2733	6866	0.00019
Paracoccus pantotrophus	82367	S	3925	2006	5931	0.00017
Paracoccus zhejiangensis	1077935	S	3923	837	4760	0.00013
Paracoccus aminovorans	34004	S	3854	1001	4855	0.00014
Paracoccus suum	2259340	S	3516	585	4101	0.00011
Paracoccus contaminans	1945662	S	3314	660	3974	0.00011
Paracoccus jeotgali	2065379	S	3298	548	3846	0.00011
Paracoccus aminophilus	34003	S	2679	231	2910	0.00008
Paracoccus tegillarcae	1529068	S	1671	89	1760	0.00005
Paracoccus kondratievae	135740	S	1602	279	1881	0.00005
Paracoccus marcusii	59779	S	1462	1121	2583	0.00007
Paracoccus mutanolyticus	1499308	S	505	1413	1918	0.00005
Cereibacter sphaeroides	1063	S	13032	5275	18307	0.00051
Cereibacter azotoformans	43057	S	1389	4578	5967	0.00017
Rhodobacter sp. CZR27	2033869	S	5372	1399	6771	0.00019
Rhodobacter sp. N10	2807096	S	3966	410	4376	0.00012
Rhodobacter sp. LPB0142	1850250	S	3821	2617	6438	0.00018
Rhodobacter capsulatus	1061	S	5078	937	6015	0.00017
Rhodovulum sp. MB263	308754	S	2622	854	3476	0.00010
Rhodovulum sp. P5	1564506	S	2475	236	2711	0.00008
Rhodovulum sulfidophilum	35806	S	4138	2182	6320	0.00018
Paroceanicella profunda	2579971	S	7932	1811	9743	0.00027
Polymorphum gilvum	991904	S	7748	1860	9608	0.00027
Thioclava electrotropha	1549850	S	2430	564	2994	0.00008
Thioclava nitratireducens	1915078	S	2295	714	3009	0.00008
Pikeienuella piscinae	2748098	S	5346	482	5828	0.00016
Pontivivens ytuae	2789856	S	5255	380	5635	0.00016
Pelagovum pacificum	2588711	S	4952	560	5512	0.00015
Silicimonas algicola	1826607	S	4535	243	4778	0.00013
Frigidibacter mobilis	1335048	S	3938	1498	5436	0.00015
Pukyongiella litopenaei	2605946	S	3449	679	4128	0.00012
Brevirhabdus pacifica	1267768	S	3363	1302	4665	0.00013
Fuscovulum blasticum	1075	S	2795	306	3101	0.00009
Gymnodinialimonas ceratoperidinii	2856823	S	2685	227	2912	0.00008
Falsirhodobacter sp. PG104	2692330	S	2587	334	2921	0.00008
Haematobacter massiliensis	195105	S	2568	928	3496	0.00010
Gemmobacter aquarius	2169400	S	2415	495	2910	0.00008
Pacificitalea manganoxidans	1411902	S	2358	426	2784	0.00008
Pseudopuniceibacterium antarcticum	2613965	S	2317	160	2477	0.00007
Tabrizicola piscis	2494374	S	2269	178	2447	0.00007
Pseudooceanicola algae	1537215	S	2045	178	2223	0.00006
Roseicitreum antarcticum	564137	S	1847	85	1932	0.00005
Monaibacterium sp. h42	2758038	S	1679	320	1999	0.00006
Tritonibacter mobilis	379347	S	1436	527	1963	0.00005
Yoonia vestfoldensis	245188	S	1386	252	1638	0.00005
Qingshengfaniella alkalisoli	2599296	S	1146	57	1203	0.00003
Pseudohalocynthiibacter aestuariivivens	1591409	S	1088	174	1262	0.00004
Rhodophyticola sp. CCM32	2916397	S	1085	28	1113	0.00003
Rhodobaca barguzinensis	441209	S	857	36	893	0.00002
Profundibacter amoris	2171755	S	839	27	866	0.00002
Pseudorhodobacter turbinis	2500533	S	741	43	784	0.00002
Parasedimentitalea marina	2483033	S	631	28	659	0.00002
Aestuarium zhoushanense	2820523	S	600	197	797	0.00002
Cognatishimia activa	1715691	S	543	22	565	0.00002
Planktomarina temperata	1284658	S	377	9	386	0.00001
Roseovarius sp. SCSIO 43702	2823043	S	3855	272	4127	0.00012
Roseovarius sp. THAF9	2587847	S	1949	422	2371	0.00007
Roseovarius sp. THAF8	2587846	S	795	1260	2055	0.00006
Roseovarius sp. THAF27	2587850	S	770	1292	2062	0.00006
Roseovarius sp. TM1035	391613	S	310	625	935	0.00003
Roseovarius indicus	540747	S	4850	1248	6098	0.00017
Roseovarius faecimaris	2494550	S	1805	69	1874	0.00005
Roseovarius mucosus	215743	S	351	704	1055	0.00003
Sulfitobacter sp. JK7-1	2829501	S	2116	105	2221	0.00006
Sulfitobacter sp. THAF37	2587855	S	1954	685	2639	0.00007
Sulfitobacter sp. D7	1968541	S	942	307	1249	0.00003
Sulfitobacter sp. JL08	2070369	S	837	17	854	0.00002
Sulfitobacter sp. SK011	1389004	S	670	15	685	0.00002
Sulfitobacter sp. DSM 110093	2883127	S	651	178	829	0.00002
Sulfitobacter sp. BSw21498	664426	S	544	71	615	0.00002
Sulfitobacter sp. SK012	1389005	S	503	8	511	0.00001
Sulfitobacter sp. SK025	1389011	S	218	412	630	0.00002
Sulfitobacter sp. CB2047	1525218	S	180	465	645	0.00002
Sulfitobacter sp. B30-2	2785912	S	113	233	346	0.00001
Sulfitobacter alexandrii	1917485	S	2988	1248	4236	0.00012
Sulfitobacter mediterraneus	83219	S	1340	112	1452	0.00004
Sulfitobacter indolifex	225422	S	852	163	1015	0.00003
Sulfitobacter dubius	218673	S	705	275	980	0.00003
Sulfitobacter pontiacus	60137	S	330	675	1005	0.00003
Salipiger profundus	1229727	S	5995	2237	8232	0.00023
Salipiger abyssi	1250539	S	4486	1514	6000	0.00017
Salipiger sp. CCB-MM3	1792508	S	3900	495	4395	0.00012
Roseivivax sp. THAF30	2587852	S	2931	671	3602	0.00010
Roseivivax sp. THAF197b	2588299	S	106	2393	2499	0.00007
Roseivivax marinus	1379903	S	5498	763	6261	0.00018
Celeribacter indicus	1208324	S	4663	1874	6537	0.00018
Celeribacter ethanolicus	1758178	S	1714	477	2191	0.00006
Celeribacter baekdonensis	875171	S	768	164	932	0.00003
Celeribacter marinus	1397108	S	500	16	516	0.00001
Phaeobacter gallaeciensis	60890	S	1984	748	2732	0.00008
Phaeobacter inhibens	221822	S	1621	614	2235	0.00006
Phaeobacter piscinae	1580596	S	881	712	1593	0.00004
Phaeobacter porticola	1844006	S	445	136	581	0.00002
Phaeobacter sp. LSS9	681157	S	139	213	352	0.00001
Leisingera aquaemixtae	1396826	S	2466	410	2876	0.00008
Leisingera sp. NJS201	2508306	S	500	681	1181	0.00003
Leisingera sp. NJS204	2508307	S	464	667	1131	0.00003
Leisingera methylohalidivorans	133924	S	1452	300	1752	0.00005
Ruegeria sp. TM1040	292414	S	901	129	1030	0.00003
Ruegeria sp. THAF33	2587853	S	705	159	864	0.00002
Ruegeria sp. SCSIO 43209	2793010	S	687	112	799	0.00002
Ruegeria sp. AD91A	2293862	S	653	68	721	0.00002
Ruegeria pomeroyi	89184	S	2610	437	3047	0.00009
Sagittula sp. P11	2009329	S	4826	1649	6475	0.00018
Yangia pacifica	311180	S	4792	723	5515	0.00015
Sulfitobacter pseudonitzschiae	1402135	S	3208	895	4103	0.00011
Pseudosulfitobacter sp. DSM 107133	2883100	S	1189	382	1571	0.00004
Ponticoccus alexandrii	1943633	S	3785	494	4279	0.00012
Mameliella alba	561184	S	3415	530	3945	0.00011
Dinoroseobacter shibae	215813	S	3138	920	4058	0.00011
Roseobacter ponti	1891787	S	1128	26	1154	0.00003
Roseobacter denitrificans	2434	S	810	127	937	0.00003
Roseobacter litoralis	42443	S	699	81	780	0.00002
Ketogulonicigenium vulgare	92945	S	1403	308	1711	0.00005
Ketogulonicigenium robustum	92947	S	1343	143	1486	0.00004
Roseibacterium elongatum	159346	S	2563	197	2760	0.00008
Oceanicola sp. D3	2587163	S	2496	116	2612	0.00007
Actibacterium sp. EMB200-NS6	1609966	S	2454	956	3410	0.00010
Octadecabacter sp. SW4	2602067	S	998	118	1116	0.00003
Octadecabacter arcticus	53946	S	542	52	594	0.00002
Octadecabacter antarcticus	1217908	S	506	40	546	0.00002
Octadecabacter temperatus	1458307	S	291	5	296	0.00001
Maribius sp. THAF1	2587842	S	1827	88	1915	0.00005
Antarctobacter heliothermus	74033	S	1732	78	1810	0.00005
Jannaschia sp. CCS1	290400	S	1652	40	1692	0.00005
Tateyamaria omphalii	299262	S	1643	48	1691	0.00005
Thalassococcus sp. S3	2017482	S	1596	37	1633	0.00005
Thalassobius gelatinovorus	53501	S	964	47	1011	0.00003
Falsihalocynthiibacter arcticus	1579316	S	363	10	373	0.00001
Caulobacter sp. S6	2823693	S	14800	1586	16386	0.00046
Caulobacter sp. FWC26	69665	S	5077	2118	7195	0.00020
Caulobacter segnis	88688	S	17228	6046	23274	0.00065
Caulobacter mirabilis	69666	S	13460	2429	15889	0.00044
Caulobacter flavus	1679497	S	11523	3102	14625	0.00041
Caulobacter vibrioides	155892	S	10851	4877	15728	0.00044
Caulobacter rhizosphaerae	2010972	S	10048	2787	12835	0.00036
Caulobacter soli	2708539	S	8591	2601	11192	0.00031
Caulobacter henricii	69395	S	4405	718	5123	0.00014
Brevundimonas sp. M20	2591463	S	4912	718	5630	0.00016
Brevundimonas sp. LM2	1938605	S	4622	750	5372	0.00015
Brevundimonas sp. PAMC22021	2861285	S	4541	939	5480	0.00015
Brevundimonas sp. MF30-B	2561924	S	4038	598	4636	0.00013
Brevundimonas sp. AJA228-03	2752515	S	3060	379	3439	0.00010
Brevundimonas sp. CS1	2813778	S	1093	1015	2108	0.00006
Brevundimonas sp. SGAir0440	2579977	S	1076	968	2044	0.00006
Brevundimonas sp. Bb-A	2560058	S	893	1778	2671	0.00007
Brevundimonas sp. GW460-12-10-14-LB2	1827469	S	866	1411	2277	0.00006
Brevundimonas sp. DS20	1532555	S	850	2027	2877	0.00008
Brevundimonas sp. 'scallop'	2562582	S	808	1329	2137	0.00006
Brevundimonas naejangsanensis	588932	S	7710	2467	10177	0.00028
Brevundimonas goettingensis	2774190	S	5436	804	6240	0.00017
Brevundimonas albigilva	1312364	S	4913	2519	7432	0.00021
Brevundimonas subvibrioides	74313	S	4338	728	5066	0.00014
Brevundimonas pondensis	2774189	S	3289	930	4219	0.00012
Brevundimonas diminuta	293	S	3087	5332	8419	0.00024
Brevundimonas vitisensis	2800818	S	2969	345	3314	0.00009
Brevundimonas mediterranea	74329	S	2831	1014	3845	0.00011
Brevundimonas nasdae	172043	S	2560	1720	4280	0.00012
Brevundimonas vesicularis	41276	S	891	1812	2703	0.00008
Brevundimonas vancanneytii	1325724	S	758	2670	3428	0.00010
Phenylobacterium zucineum	284016	S	31818	6308	38126	0.00107
Phenylobacterium parvum	2201350	S	7675	832	8507	0.00024
Asticcacaulis excentricus	78587	S	2925	443	3368	0.00009
Asticcacaulis sp. AND118	2840468	S	2678	386	3064	0.00009
Terricaulis silvestris	2686094	S	5366	185	5551	0.00016
Marinicauda algicola	2029849	S	5947	969	6916	0.00019
Maricaulis maris	74318	S	1981	125	2106	0.00006
Glycocaulis alkaliphilus	1434191	S	1846	91	1937	0.00005
Hyphobacterium sp. CCMP332	2749086	S	1331	59	1390	0.00004
Hyphomonas sp. CACIAM 19H1	1873716	S	2082	281	2363	0.00007
Hyphomonas sp. Mor2	1906738	S	1133	23	1156	0.00003
Hyphomonas sp. KY3	2016196	S	1031	107	1138	0.00003
Hyphomonas neptunium	81032	S	1785	172	1957	0.00005
Candidatus Viadribacter manganicus	1759059	S	2904	79	2983	0.00008
Aquisalinus flavus	1526572	S	2384	111	2495	0.00007
Parvularcula bermudensis	208216	S	1020	116	1136	0.00003
Paremcibacter congregatus	2043170	S	740	25	765	0.00002
Luteithermobacter gelatinilyticus	2582913	S	710	142	852	0.00002
Micavibrio aeruginosavorus	349221	S	1126	16	1142	0.00003
Candidatus Puniceispirillum marinum	767892	S	187	6	193	0.00001
Magnetococcus marinus	1124597	S	421	12	433	0.00001
Candidatus Nucleicultrix amoebiphila	1509244	S	138	8	146	0.00000
Kordiimonas pumila	2161677	S	160	3	163	0.00000
Burkholderia ubonensis	101571	S	14759	8207	22966	0.00064
Burkholderia multivorans	87883	S	14535	5772	20307	0.00057
Burkholderia cenocepacia	95486	S	12159	44795	56954	0.00159
Burkholderia cepacia	292	S	10102	13318	23420	0.00066
Burkholderia pyrrocinia	60550	S	6420	3014	9434	0.00026
Burkholderia contaminans	488447	S	5506	3101	8607	0.00024
Burkholderia ambifaria	152480	S	5472	6409	11881	0.00033
Burkholderia stagnalis	1503054	S	4995	1562	6557	0.00018
Burkholderia anthina	179879	S	4592	3829	8421	0.00024
Burkholderia stabilis	95485	S	4543	2924	7467	0.00021
Burkholderia lata	482957	S	4392	3553	7945	0.00022
Burkholderia dolosa	152500	S	3812	1504	5316	0.00015
Burkholderia territorii	1503055	S	3365	1410	4775	0.00013
Burkholderia seminalis	488731	S	3047	1234	4281	0.00012
Burkholderia vietnamiensis	60552	S	2827	53614	56441	0.00158
Burkholderia metallica	488729	S	2302	969	3271	0.00009
Burkholderia diffusa	488732	S	1651	704	2355	0.00007
Burkholderia pseudomultivorans	1207504	S	1413	1366	2779	0.00008
Burkholderia latens	488446	S	755	1420	2175	0.00006
Burkholderia aenigmatica	2015348	S	728	1445	2173	0.00006
Burkholderia pseudomallei	28450	S	6767	44369	51136	0.00143
Burkholderia mayonis	1385591	S	4756	940	5696	0.00016
Burkholderia thailandensis	57975	S	4576	5685	10261	0.00029
Burkholderia oklahomensis	342113	S	3102	1073	4175	0.00012
Burkholderia savannae	1637837	S	814	740	1554	0.00004
Burkholderia sp. MSMB1588	1636423	S	310	566	876	0.00002
Burkholderia sp. MSMB617WGS	1637831	S	278	506	784	0.00002
Burkholderia mallei	13373	S	169	24302	24471	0.00068
Burkholderia sp. DHOD12	2571746	S	6571	635	7206	0.00020
Burkholderia sp. Bp7605	1740163	S	3855	513	4368	0.00012
Burkholderia sp. NRF60-BP8	1637853	S	1800	821	2621	0.00007
Burkholderia sp. MSMB0856	1637869	S	1631	914	2545	0.00007
Burkholderia sp. LA-2-3-30-S1-D2	1637862	S	1595	821	2416	0.00007
Burkholderia sp. JP2-270	2217913	S	1488	826	2314	0.00006
Burkholderia sp. MS455	2811788	S	1191	740	1931	0.00005
Burkholderia sp. PAMC 26561	1795043	S	1063	1380	2443	0.00007
Burkholderia sp. IDO3	1705310	S	788	1002	1790	0.00005
Burkholderia sp. PAMC 28687	1795874	S	732	1469	2201	0.00006
Burkholderia sp. KBS0801	1179675	S	374	638	1012	0.00003
Burkholderia sp. LAS2	2813843	S	267	1116	1383	0.00004
Burkholderia sp. MBR-1	2732364	S	163	610	773	0.00002
Burkholderia sp. MS389	2811789	S	142	952	1094	0.00003
Burkholderia sp. KJ006	416344	S	132	758	890	0.00002
Burkholderia gladioli	28095	S	17883	5588	23471	0.00066
Burkholderia glumae	337	S	6455	42724	49179	0.00138
Burkholderia plantarii	41899	S	5176	1689	6865	0.00019
Burkholderia perseverans	2615214	S	4283	1494	5777	0.00016
Paraburkholderia graminis	60548	S	10650	2315	12965	0.00036
Paraburkholderia sp. SOS3	1926494	S	5290	691	5981	0.00017
Paraburkholderia sp. PGU16	2735433	S	2940	1408	4348	0.00012
Paraburkholderia sp. PGU19	2735434	S	2196	1623	3819	0.00011
Paraburkholderia pallida	2547399	S	7365	1223	8588	0.00024
Paraburkholderia edwinii	2861782	S	7250	884	8134	0.00023
Paraburkholderia aromaticivorans	2026199	S	7191	2820	10011	0.00028
Paraburkholderia caribensis	75105	S	6550	4294	10844	0.00030
Paraburkholderia acidisoli	2571748	S	6455	1052	7507	0.00021
Paraburkholderia tropica	92647	S	6085	1232	7317	0.00020
Paraburkholderia acidiphila	2571747	S	5535	996	6531	0.00018
Paraburkholderia phytofirmans	261302	S	5189	1905	7094	0.00020
Paraburkholderia caledonica	134536	S	5161	840	6001	0.00017
Paraburkholderia terricola	169427	S	4642	1264	5906	0.00017
Paraburkholderia atlantica	2654982	S	4465	969	5434	0.00015
Paraburkholderia sprentiae	948107	S	4297	843	5140	0.00014
Paraburkholderia phenoliruptrix	252970	S	4219	1068	5287	0.00015
Paraburkholderia phymatum	148447	S	4179	941	5120	0.00014
Paraburkholderia ginsengisoli	311231	S	3986	1082	5068	0.00014
Paraburkholderia fungorum	134537	S	3934	820	4754	0.00013
Paraburkholderia megapolitana	420953	S	3788	333	4121	0.00012
Paraburkholderia terrae	311230	S	3523	3465	6988	0.00020
Paraburkholderia hospita	169430	S	3135	3100	6235	0.00017
Paraburkholderia caffeinilytica	1761016	S	3109	717	3826	0.00011
Paraburkholderia xenovorans	36873	S	3051	3789	6840	0.00019
Paraburkholderia dokdonella	2211211	S	2656	635	3291	0.00009
Paraburkholderia dioscoreae	2604047	S	2064	1194	3258	0.00009
Cupriavidus taiwanensis	164546	S	23902	18254	42156	0.00118
Cupriavidus pauculus	82633	S	19078	7865	26943	0.00075
Cupriavidus necator	106590	S	10179	9580	19759	0.00055
Cupriavidus oxalaticus	96344	S	9762	4031	13793	0.00039
Cupriavidus basilensis	68895	S	9699	5023	14722	0.00041
Cupriavidus sp. EM10	2839983	S	4184	2232	6416	0.00018
Cupriavidus sp. MP-37	2884455	S	2247	2098	4345	0.00012
Cupriavidus sp. KK10	1478019	S	930	2541	3471	0.00010
Cupriavidus sp. USMAA2-4	876364	S	642	4133	4775	0.00013
Cupriavidus sp. ISTL7	2771360	S	627	3688	4315	0.00012
Cupriavidus sp. USMAHM13	1389192	S	475	3057	3532	0.00010
Cupriavidus campinensis	151783	S	7882	2707	10589	0.00030
Cupriavidus metallidurans	119219	S	5952	16327	22279	0.00062
Cupriavidus pinatubonensis	248026	S	4769	772	5541	0.00016
Cupriavidus gilardii	82541	S	2139	10060	12199	0.00034
Cupriavidus neocaledonicus	1040979	S	2068	2346	4414	0.00012
Cupriavidus nantongensis	1796606	S	1835	4693	6528	0.00018
Cupriavidus malaysiensis	367825	S	543	3297	3840	0.00011
Ralstonia solanacearum	305	S	14483	59777	74260	0.00208
Ralstonia insidiosa	190721	S	3647	2736	6383	0.00018
Ralstonia mannitolilytica	105219	S	2540	2768	5308	0.00015
Ralstonia pickettii	329	S	2475	1030	3505	0.00010
Ralstonia sp. 56D2	2842456	S	2201	318	2519	0.00007
Ralstonia syzygii	28097	S	214	617	831	0.00002
Caballeronia sp. Lep1P3	2878150	S	4515	981	5496	0.00015
Caballeronia sp. TF1N1	2878153	S	3713	406	4119	0.00012
Caballeronia sp. SL2Y3	2878151	S	2242	1255	3497	0.00010
Caballeronia sp. Sq4a	2878152	S	2044	1485	3529	0.00010
Caballeronia sp. M1242	2814653	S	1898	1348	3246	0.00009
Caballeronia sp. SBC2	2705547	S	225	1988	2213	0.00006
Caballeronia sp. SBC1	2705548	S	161	1988	2149	0.00006
Caballeronia zhejiangensis	871203	S	6265	1332	7597	0.00021
Caballeronia insecticola	758793	S	5518	1050	6568	0.00018
Caballeronia grimmiae	1071679	S	5076	2582	7658	0.00021
Pandoraea pnomenusa	93220	S	5242	2393	7635	0.00021
Pandoraea pulmonicola	93221	S	4111	822	4933	0.00014
Pandoraea thiooxydans	445709	S	4012	318	4330	0.00012
Pandoraea norimbergensis	93219	S	2993	437	3430	0.00010
Pandoraea sp. XY-2	2518599	S	2914	1540	4454	0.00012
Pandoraea faecigallinarum	656179	S	2887	694	3581	0.00010
Pandoraea vervacti	656178	S	2757	718	3475	0.00010
Pandoraea apista	93218	S	2548	1350	3898	0.00011
Pandoraea oxalativorans	573737	S	2265	930	3195	0.00009
Pandoraea fibrosis	1891094	S	2192	646	2838	0.00008
Pandoraea sputorum	93222	S	1919	743	2662	0.00007
Polynucleobacter sp. MWH-UH24A	2689110	S	104	308	412	0.00001
Polynucleobacter necessarius	576610	S	351	158	509	0.00001
Polynucleobacter difficilis	556054	S	187	35	222	0.00001
Polynucleobacter asymbioticus	576611	S	184	77	261	0.00001
Polynucleobacter acidiphobus	556053	S	125	18	143	0.00000
Lautropia mirabilis	47671	S	3043	563	3606	0.00010
Chitinimonas arctica	2594795	S	2341	187	2528	0.00007
Mycetohabitans rhizoxinica	412963	S	1968	139	2107	0.00006
Mycoavidus sp. HKI	2840467	S	229	18	247	0.00001
Mycoavidus sp. B2-EB	2651972	S	113	18	131	0.00000
Mycoavidus cysteinexigens	1553431	S	179	21	200	0.00001
Limnobacter sp. SAORIC-580	2732163	S	350	18	368	0.00001
Candidatus Vallotia sp. (ex Adelges kitamiensis)	2864217	S	100	58	158	0.00000
Ephemeroptericola cinctiostellae	2268024	S	193	13	206	0.00001
Variovorax sp. HW608	1034889	S	14059	2259	16318	0.00046
Variovorax sp. PBS-H4	434008	S	8559	5760	14319	0.00040
Variovorax sp. RA8	662548	S	8028	6437	14465	0.00040
Variovorax sp. PBL-H6	434009	S	7963	7449	15412	0.00043
Variovorax sp. WDL1	207745	S	7625	12082	19707	0.00055
Variovorax sp. RKNM96	2681552	S	6575	2300	8875	0.00025
Variovorax sp. PAMC 28711	1795631	S	6227	1011	7238	0.00020
Variovorax sp. PAMC26660	2762322	S	5551	1280	6831	0.00019
Variovorax sp. PAMC28562	2762323	S	4855	405	5260	0.00015
Variovorax sp. SRS16	282217	S	4267	8655	12922	0.00036
Variovorax sp. 38R	2774875	S	3885	4865	8750	0.00024
Variovorax sp. PBL-E5	434014	S	3405	8001	11406	0.00032
Variovorax sp. PDNC026	2811425	S	179	5814	5993	0.00017
Variovorax sp. PMC12	2126319	S	102	4256	4358	0.00012
Variovorax paradoxus	34073	S	33675	28616	62291	0.00174
Variovorax boronicumulans	436515	S	5245	3541	8786	0.00025
Hydrogenophaga sp. BA0156	2716225	S	7368	5203	12571	0.00035
Hydrogenophaga sp. YM1	2806262	S	6552	3174	9726	0.00027
Hydrogenophaga sp. PBC	795665	S	6177	7747	13924	0.00039
Hydrogenophaga sp. BPS33	2651974	S	6123	5481	11604	0.00032
Hydrogenophaga sp. SL48	2806347	S	5133	1192	6325	0.00018
Hydrogenophaga sp. RAC07	1842537	S	3785	1191	4976	0.00014
Hydrogenophaga sp. PBL-H3	434010	S	3558	3398	6956	0.00019
Hydrogenophaga sp. NH-16	2184519	S	1886	4169	6055	0.00017
Hydrogenophaga sp. PAMC20947	2565558	S	1860	123	1983	0.00006
Hydrogenophaga taeniospiralis	65656	S	4151	1240	5391	0.00015
Hydrogenophaga pseudoflava	47421	S	1864	3194	5058	0.00014
Hydrogenophaga crassostreae	1763535	S	1782	111	1893	0.00005
Acidovorax sp. YS12	2738413	S	4505	3860	8365	0.00023
Acidovorax sp. RAC01	1842533	S	2742	2420	5162	0.00014
Acidovorax sp. HDW3	2714923	S	2525	1876	4401	0.00012
Acidovorax sp. KKS102	358220	S	2506	1808	4314	0.00012
Acidovorax sp. JMULE5	2518343	S	2379	627	3006	0.00008
Acidovorax sp. 1608163	2478662	S	1950	394	2344	0.00007
Acidovorax sp. T1	1858609	S	1494	5851	7345	0.00021
Acidovorax avenae	80867	S	10451	5810	16261	0.00045
Acidovorax antarcticus	2743470	S	5280	4099	9379	0.00026
Acidovorax monticola	1926868	S	5160	1899	7059	0.00020
Acidovorax carolinensis	553814	S	3063	2373	5436	0.00015
Acidovorax citrulli	80869	S	3051	6119	9170	0.00026
Acidovorax cattleyae	80868	S	2546	1484	4030	0.00011
Acidovorax radicis	758826	S	1972	375	2347	0.00007
Comamonas sp. NLF-7-7	2597701	S	3315	2619	5934	0.00017
Comamonas sp. NLF-1-9	2853163	S	2794	1768	4562	0.00013
Comamonas sp. B21-038	2918299	S	1828	442	2270	0.00006
Comamonas sp. Y33R10-2	2853257	S	570	108	678	0.00002
Comamonas serinivorans	1082851	S	4567	1294	5861	0.00016
Comamonas aquatica	225991	S	4270	4526	8796	0.00025
Comamonas testosteroni	285	S	2819	4300	7119	0.00020
Comamonas koreensis	160825	S	1956	1348	3304	0.00009
Comamonas odontotermitis	379895	S	1564	310	1874	0.00005
Comamonas piscis	1562974	S	1490	285	1775	0.00005
Comamonas thiooxydans	363952	S	1466	3108	4574	0.00013
Comamonas kerstersii	225992	S	950	571	1521	0.00004
Comamonas fluminis	2796366	S	882	400	1282	0.00004
Ramlibacter tataouinensis	94132	S	32457	12390	44847	0.00125
Rhodoferax sp. BAB1	2741720	S	4239	1096	5335	0.00015
Rhodoferax sp. AJA081-3	2752316	S	1698	114	1812	0.00005
Rhodoferax sp. PAMC 29310	2822760	S	1116	122	1238	0.00003
Rhodoferax sp. MIZ03	2798804	S	860	90	950	0.00003
Rhodoferax koreense	1842727	S	7655	4193	11848	0.00033
Rhodoferax sediminis	2509614	S	5328	770	6098	0.00017
Rhodoferax ferrireducens	192843	S	2297	149	2446	0.00007
Rhodoferax saidenbachensis	1484693	S	1649	169	1818	0.00005
Rhodoferax antarcticus	81479	S	1016	78	1094	0.00003
Rhodoferax aquaticus	2527691	S	690	67	757	0.00002
Schlegelella thermodepolymerans	215580	S	10558	5039	15597	0.00044
Schlegelella brevitalea	413882	S	9927	1400	11327	0.00032
Delftia tsuruhatensis	180282	S	4014	11451	15465	0.00043
Delftia acidovorans	80866	S	3365	6534	9899	0.00028
Delftia lacustris	558537	S	1052	6258	7310	0.00020
Delftia sp. Cs1-4	742013	S	480	1112	1592	0.00004
Delftia sp. HK171	1920191	S	270	730	1000	0.00003
Diaphorobacter sp. HDW4A	2714924	S	3022	3250	6272	0.00018
Diaphorobacter sp. HDW4B	2714925	S	2753	339	3092	0.00009
Diaphorobacter sp. MNS-0	2866628	S	294	2409	2703	0.00008
Diaphorobacter sp. JS3051	2792224	S	292	4941	5233	0.00015
Diaphorobacter sp. JS3050	2735554	S	258	2818	3076	0.00009
Diaphorobacter ruginosibacter	1715720	S	3660	640	4300	0.00012
Diaphorobacter aerolatus	1288495	S	2727	4463	7190	0.00020
Diaphorobacter nitroreducens	164759	S	513	1369	1882	0.00005
[Acidovorax] ebreus	721785	S	435	2502	2937	0.00008
Kinneretia sp. DAIF2	2714952	S	9933	3512	13445	0.00038
Kinneretia sp. XES5	2877940	S	3656	4870	8526	0.00024
Polaromonas sp. JS666	296591	S	4433	4454	8887	0.00025
Polaromonas naphthalenivorans	216465	S	3795	546	4341	0.00012
Polaromonas vacuolata	37448	S	428	46	474	0.00001
Ottowia sp. 27C	2816950	S	4212	784	4996	0.00014
Ottowia sp. oral taxon 894	1658672	S	1768	261	2029	0.00006
Ottowia oryzae	2109914	S	3585	742	4327	0.00012
Alicycliphilus denitrificans	179636	S	9130	15328	24458	0.00068
Melaminivora sp. SC2-9	2109913	S	4009	4902	8911	0.00025
Melaminivora jejuensis	1267217	S	3319	2667	5986	0.00017
Serpentinimonas maccroryi	1458426	S	2630	885	3515	0.00010
Serpentinimonas raichei	1458425	S	2216	839	3055	0.00009
Verminephrobacter eiseniae	364317	S	4355	513	4868	0.00014
Pulveribacter suum	2116657	S	3461	1689	5150	0.00014
Hylemonella gracilis	80880	S	3439	469	3908	0.00011
Simplicispira suum	2109915	S	2507	1000	3507	0.00010
Limnohabitans sp. 63ED37-2	1678128	S	1169	121	1290	0.00004
Limnohabitans sp. 103DPR2	1678129	S	389	29	418	0.00001
Curvibacter sp. AEP1-3	1844971	S	1270	87	1357	0.00004
Candidatus Symbiobacter mobilis	1436290	S	993	37	1030	0.00003
Massilia sp. LPB0304	2769491	S	16949	4067	21016	0.00059
Massilia sp. WG5	1707785	S	13394	5480	18874	0.00053
Massilia sp. NP310	2861282	S	7893	4668	12561	0.00035
Massilia sp. HC52	2852099	S	7422	1940	9362	0.00026
Massilia sp. YMA4	1593482	S	6358	2942	9300	0.00026
Massilia sp. DM-R-R2A-13	2899220	S	5983	1311	7294	0.00020
Massilia sp. PAMC28688	2861283	S	4547	656	5203	0.00015
Massilia sp. MB5	2919578	S	911	2809	3720	0.00010
Massilia sp. NR 4-1	1678028	S	850	2534	3384	0.00009
Massilia sp. Dwa41.01b	2709302	S	181	5683	5864	0.00016
Massilia sp. Se16.2.3	2709303	S	155	4912	5067	0.00014
Massilia putida	1141883	S	13495	3954	17449	0.00049
Massilia violaceinigra	2045208	S	11135	2820	13955	0.00039
Massilia flava	871742	S	10323	2361	12684	0.00035
Massilia albidiflava	321983	S	7865	2813	10678	0.00030
Massilia lutea	321985	S	7795	2181	9976	0.00028
Massilia umbonata	864828	S	7230	2627	9857	0.00028
Massilia plicata	321984	S	6461	1562	8023	0.00022
Massilia oculi	945844	S	6254	3504	9758	0.00027
Massilia armeniaca	2072590	S	6075	2820	8895	0.00025
Massilia antarctica	2765360	S	4723	1543	6266	0.00018
Duganella sp. GN2-R2	2728020	S	9303	3706	13009	0.00036
Duganella sp. AF9R3	2728021	S	4926	936	5862	0.00016
Janthinobacterium sp. 1_2014MBL_MicDiv	1644131	S	3050	1086	4136	0.00012
Janthinobacterium sp. 17J80-10	2497863	S	2954	421	3375	0.00009
Janthinobacterium sp. LM6	1938606	S	1582	973	2555	0.00007
Janthinobacterium sp. PAMC25594	2861284	S	1183	725	1908	0.00005
Janthinobacterium sp. Marseille	375286	S	935	215	1150	0.00003
Janthinobacterium sp. HH102	1537274	S	672	1060	1732	0.00005
Janthinobacterium sp. B9-8	1236179	S	268	69	337	0.00001
Janthinobacterium agaricidamnosum	55508	S	4519	7020	11539	0.00032
Janthinobacterium tructae	2590869	S	1139	580	1719	0.00005
Janthinobacterium lividum	29581	S	1112	1118	2230	0.00006
Janthinobacterium svalbardensis	368607	S	947	470	1417	0.00004
Herbaspirillum robiniae	2014887	S	5462	1906	7368	0.00021
Herbaspirillum seropedicae	964	S	3726	1367	5093	0.00014
Herbaspirillum frisingense	92645	S	3632	1087	4719	0.00013
Herbaspirillum hiltneri	341045	S	3320	526	3846	0.00011
Herbaspirillum rubrisubalbicans	80842	S	3229	1429	4658	0.00013
Herbaspirillum huttiense	863372	S	2369	922	3291	0.00009
Herbaspirillum sp. meg3	2025949	S	1732	196	1928	0.00005
Collimonas fungivorans	158899	S	4210	1107	5317	0.00015
Collimonas arenae	279058	S	2939	366	3305	0.00009
Collimonas pratensis	279113	S	2869	560	3429	0.00010
Noviherbaspirillum sp. UKPF54	2601898	S	5998	973	6971	0.00020
Undibacterium sp. YM2	2058625	S	415	157	572	0.00002
Undibacterium sp. KW1	2058624	S	346	131	477	0.00001
Undibacterium parvum	401471	S	424	55	479	0.00001
Herminiimonas arsenitoxidans	1809410	S	667	87	754	0.00002
Glaciimonas sp. PAMC28666	2807626	S	593	38	631	0.00002
Oxalobacter formigenes	847	S	329	33	362	0.00001
Achromobacter xylosoxidans	85698	S	17068	30728	47796	0.00134
Achromobacter sp. AONIH1	1758194	S	5652	7658	13310	0.00037
Achromobacter sp. MFA1 R4	1881016	S	4356	1332	5688	0.00016
Achromobacter sp. 77	2756133	S	772	2084	2856	0.00008
Achromobacter sp. B7	2282475	S	682	1597	2279	0.00006
Achromobacter sp. ES-001	2860286	S	662	2157	2819	0.00008
Achromobacter spanius	217203	S	9863	4260	14123	0.00040
Achromobacter denitrificans	32002	S	8150	6341	14491	0.00041
Achromobacter deleyi	1353891	S	6009	4493	10502	0.00029
Achromobacter insolitus	217204	S	4096	1214	5310	0.00015
Achromobacter pestifer	1353889	S	3192	2326	5518	0.00015
Achromobacter mucicolens	1389922	S	1084	1793	2877	0.00008
Bordetella sp. H567	1697043	S	6794	828	7622	0.00021
Bordetella sp. N	1746199	S	5423	614	6037	0.00017
Bordetella bronchialis	463025	S	7316	1001	8317	0.00023
Bordetella genomosp. 8	1416806	S	6666	799	7465	0.00021
Bordetella genomosp. 13	463040	S	6080	4560	10640	0.00030
Bordetella flabilis	463014	S	5687	494	6181	0.00017
Bordetella genomosp. 9	1416803	S	5261	1393	6654	0.00019
Bordetella hinzii	103855	S	4691	2118	6809	0.00019
Bordetella petrii	94624	S	4350	6177	10527	0.00029
Bordetella trematum	123899	S	3457	1598	5055	0.00014
Bordetella bronchiseptica	518	S	2784	12472	15256	0.00043
Bordetella pseudohinzii	1331258	S	2704	1247	3951	0.00011
Bordetella holmesii	35814	S	1559	584	2143	0.00006
Bordetella avium	521	S	1500	240	1740	0.00005
Bordetella genomosp. 6	463024	S	844	1759	2603	0.00007
Bordetella pertussis	520	S	454	5452	5906	0.00017
Bordetella parapertussis	519	S	305	3801	4106	0.00011
Pigmentiphaga sp. H8	2488560	S	9434	1215	10649	0.00030
Pigmentiphaga aceris	1940612	S	2485	175	2660	0.00007
Orrella dioscoreae	1851544	S	4765	1736	6501	0.00018
Orrella marina	2163011	S	584	110	694	0.00002
Orrella sp. f23	2782176	S	251	14	265	0.00001
Castellaniella defragrans	75697	S	5269	3788	9057	0.00025
Alcaligenes faecalis	511	S	1287	1236	2523	0.00007
Alcaligenes sp. SORT26	2813780	S	308	62	370	0.00001
Alcaligenes aquatilis	323284	S	232	899	1131	0.00003
Pusillimonas thiosulfatoxidans	2028345	S	1210	387	1597	0.00004
Pusillimonas sp. T7-7	1007105	S	719	117	836	0.00002
Pusillimonas sp. DMV24BSW_D	2716226	S	401	30	431	0.00001
Kerstersia gyiorum	206506	S	1585	345	1930	0.00005
Paralcaligenes sp. KSB-10	2901142	S	1563	67	1630	0.00005
Advenella kashmirensis	310575	S	878	54	932	0.00003
Advenella mimigardefordensis	302406	S	623	38	661	0.00002
Oligella urethralis	90245	S	100	11	111	0.00000
Paenalcaligenes hominis	643674	S	115	7	122	0.00000
Rhizobacter gummiphilus	946333	S	15113	3009	18122	0.00051
Rhizobacter sp. AJA081-3	2753607	S	14077	3534	17611	0.00049
Sphaerotilus sp. FB-5	2914710	S	9133	6101	15234	0.00043
Sphaerotilus natans	34103	S	8688	3410	12098	0.00034
Rubrivivax gelatinosus	28068	S	14553	4591	19144	0.00054
Methylibium sp. Pch-M	2082386	S	4705	4218	8923	0.00025
Methylibium petroleiphilum	105560	S	4611	4512	9123	0.00026
Aquincola tertiaricarbonis	391953	S	11792	4125	15917	0.00045
Thiomonas sp. X19	1050370	S	3631	1526	5157	0.00014
Thiomonas intermedia	926	S	2491	353	2844	0.00008
Thiomonas arsenitoxydans	426114	S	981	1704	2685	0.00008
Mitsuaria sp. 7	1658665	S	10046	2003	12049	0.00034
Leptothrix cholodnii	34029	S	9762	3061	12823	0.00036
Xylophilus rhododendri	2697032	S	7597	2173	9770	0.00027
Ideonella dechloratans	36863	S	5568	3298	8866	0.00025
Tepidimonas taiwanensis	307486	S	4790	1788	6578	0.00018
Aquabacterium olei	1296669	S	4479	1174	5653	0.00016
Roseateles depolymerans	76731	S	4404	842	5246	0.00015
Inhella inkyongensis	392593	S	3046	489	3535	0.00010
Paucibacter sp. KCTC 42545	1768242	S	2581	434	3015	0.00008
Sutterella megalosphaeroides	2494234	S	1670	274	1944	0.00005
Sutterella faecalis	2584944	S	1182	152	1334	0.00004
Sutterella wadsworthensis	40545	S	520	57	577	0.00002
Turicimonas muris	1796652	S	138	11	149	0.00000
Thauera sp. MZ1T	85643	S	7406	7438	14844	0.00042
Thauera sp. K11	2005884	S	6954	4303	11257	0.00031
Thauera humireducens	1134435	S	4558	2832	7390	0.00021
Thauera chlorobenzoica	96773	S	3524	3077	6601	0.00018
Thauera aromatica	59405	S	3220	4537	7757	0.00022
Thauera hydrothermalis	2184083	S	1849	528	2377	0.00007
Azoarcus sp. KH32C	748247	S	7842	1386	9228	0.00026
Azoarcus sp. DD4	2027405	S	5601	3434	9035	0.00025
Azoarcus olearius	418699	S	6989	2428	9417	0.00026
Azoarcus communis	41977	S	4767	1871	6638	0.00019
Nitrogeniibacter mangrovi	2016596	S	5584	1168	6752	0.00019
Nitrogeniibacter aestuarii	2815343	S	2630	289	2919	0.00008
Aromatoleum petrolei	76116	S	7016	1632	8648	0.00024
Aromatoleum aromaticum	551760	S	5381	3712	9093	0.00025
Aromatoleum pumilum	2067960	S	4552	1816	6368	0.00018
Aromatoleum bremense	76115	S	4441	2511	6952	0.00019
Azospira restricta	404405	S	11236	5764	17000	0.00048
Azospira inquinata	2785627	S	954	85	1039	0.00003
Azospira oryzae	146939	S	816	1877	2693	0.00008
Azospira sp. I09	1765049	S	786	2249	3035	0.00008
Niveibacterium microcysteis	2811415	S	4308	651	4959	0.00014
Oryzomicrobium terrae	1735038	S	3135	794	3929	0.00011
Rugosibacter aromaticivorans	1565605	S	756	129	885	0.00002
Dechloromonas denitrificans	281362	S	4583	1120	5703	0.00016
Dechloromonas sp. HYN0024	2231055	S	1149	221	1370	0.00004
Dechloromonas sp. TW-R-39-2	2654218	S	698	306	1004	0.00003
Ferribacterium limneticum	76259	S	5877	955	6832	0.00019
Quatrionicoccus australiensis	138118	S	2617	720	3337	0.00009
Fluviibacter phosphoraccumulans	1751046	S	419	170	589	0.00002
Usitatibacter rugosus	2732067	S	25052	2895	27947	0.00078
Usitatibacter palustris	2732487	S	18968	2329	21297	0.00060
Denitratisoma sp. DHT3	1981880	S	3958	2919	6877	0.00019
Denitratisoma oestradiolicum	311182	S	1894	311	2205	0.00006
Sulfuritalea hydrogenivorans	748811	S	4585	656	5241	0.00015
Methyloversatilis sp. RAC08	1842540	S	4310	582	4892	0.00014
Sterolibacterium denitrificans	157592	S	3001	865	3866	0.00011
Thiobacillus denitrificans	36861	S	5942	1205	7147	0.00020
Sulfuritortus calidifontis	1914471	S	3870	1636	5506	0.00015
Nitrosospira multiformis	1231	S	3907	136	4043	0.00011
Nitrosospira lacus	1288494	S	1298	47	1345	0.00004
Nitrosospira sp. NRS527	155925	S	597	421	1018	0.00003
Nitrosospira briensis	35799	S	541	409	950	0.00003
Nitrosomonas communis	44574	S	757	30	787	0.00002
Nitrosomonas ureae	44577	S	500	18	518	0.00001
Nitrosomonas europaea	915	S	339	59	398	0.00001
Nitrosomonas eutropha	916	S	216	154	370	0.00001
Sideroxydans sp. MIZ01	2764705	S	2095	432	2527	0.00007
Sideroxydans lithotrophicus	63745	S	1584	239	1823	0.00005
Ferrigenium kumadai	1682490	S	2540	512	3052	0.00009
Ferriphaselus amnicola	1188319	S	897	120	1017	0.00003
Candidatus Nitrotoga arctica	453162	S	404	103	507	0.00001
Candidatus Nitrotoga sp. AM1P	2559597	S	270	73	343	0.00001
Gallionella capsiferriformans	370405	S	646	58	704	0.00002
Sulfurimicrobium lacus	2715678	S	3081	391	3472	0.00010
Sulfuriferula plumbiphila	171865	S	1755	293	2048	0.00006
Sulfuriferula sp. AH1	1985873	S	914	191	1105	0.00003
Sulfuriferula nivalis	2675298	S	188	15	203	0.00001
Sulfuricella denitrificans	649841	S	1326	124	1450	0.00004
Methylovorus sp. MP688	887061	S	270	201	471	0.00001
Methylovorus glucosotrophus	266009	S	265	178	443	0.00001
Methylobacillus flagellatus	405	S	799	199	998	0.00003
Methylophilus sp. TWE2	1662285	S	200	15	215	0.00001
Methylophilus medardicus	2588534	S	195	18	213	0.00001
Methylotenera mobilis	359408	S	150	13	163	0.00000
Methylotenera versatilis	1055487	S	108	10	118	0.00000
Methyloradius palustris	2778876	S	178	13	191	0.00001
Chromobacterium sp. ATCC 53434	2059672	S	3914	1308	5222	0.00015
Chromobacterium sp. Rain0013	2292447	S	742	793	1535	0.00004
Chromobacterium sp. Beijing	2735795	S	554	1351	1905	0.00005
Chromobacterium vaccinii	1108595	S	3735	1512	5247	0.00015
Chromobacterium violaceum	536	S	3710	2088	5798	0.00016
Chromobacterium phragmitis	2202141	S	2317	951	3268	0.00009
Chromobacterium paludis	2605945	S	1954	723	2677	0.00007
Chromobacterium rhizoryzae	1778675	S	650	2928	3578	0.00010
Chromobacterium haemolyticum	394935	S	463	2591	3054	0.00009
Iodobacter ciconiae	2496266	S	196	46	242	0.00001
Iodobacter fluviatilis	537	S	137	38	175	0.00000
Jeongeupia sp. USM3	1906741	S	4841	1226	6067	0.00017
Jeongeupia sp. HS-3	1009682	S	2126	405	2531	0.00007
Paludibacterium paludis	1225769	S	2348	461	2809	0.00008
Paludibacterium yongneupense	400061	S	2262	315	2577	0.00007
Paludibacterium sp. B53371	2806263	S	1423	289	1712	0.00005
Pseudogulbenkiania sp. NH8B	748280	S	4226	1352	5578	0.00016
Vogesella sp. LIG4	1192162	S	2743	664	3407	0.00010
Vogesella sp. XCS3	2877939	S	1260	335	1595	0.00004
Aquitalea aquatilis	1537400	S	921	260	1181	0.00003
Aquitalea magnusonii	332411	S	649	322	971	0.00003
Aquitalea denitrificans	519081	S	577	258	835	0.00002
Aquitalea sp. USM4	1590041	S	529	251	780	0.00002
Microvirgula aerodenitrificans	57480	S	3104	574	3678	0.00010
Laribacter hongkongensis	168471	S	2076	2047	4123	0.00012
Aquaspirillum sp. LM1	1938604	S	1378	197	1575	0.00004
Chitinibacter fontanus	1737446	S	252	33	285	0.00001
Chitinibacter bivalviorum	2739434	S	246	210	456	0.00001
Deefgea sp. D17	2739061	S	166	51	217	0.00001
Deefgea sp. D25	2865840	S	149	20	169	0.00000
Deefgea sp. D13	2864875	S	120	31	151	0.00000
Neisseria sp. KEM232	655307	S	639	112	751	0.00002
Neisseria sp. oral taxon 014	641148	S	253	132	385	0.00001
Neisseria sp. ZJ785	2709396	S	135	19	154	0.00000
Neisseria sp. Dent CA1/247	2912675	S	102	58	160	0.00000
Neisseria bacilliformis	267212	S	774	211	985	0.00003
Neisseria shayeganii	607712	S	607	99	706	0.00002
Neisseria elongata	495	S	486	298	784	0.00002
Neisseria dentiae	194197	S	461	62	523	0.00001
Neisseria meningitidis	487	S	459	1832	2291	0.00006
Neisseria chenwenguii	1853278	S	459	64	523	0.00001
Neisseria musculi	1815583	S	343	36	379	0.00001
Neisseria animalis	492	S	217	34	251	0.00001
Neisseria gonorrhoeae	485	S	215	238	453	0.00001
Neisseria sicca	490	S	173	414	587	0.00002
Neisseria lactamica	486	S	170	249	419	0.00001
Neisseria brasiliensis	2666100	S	142	160	302	0.00001
Neisseria mucosa	488	S	135	357	492	0.00001
Neisseria canis	493	S	134	38	172	0.00000
Neisseria weaveri	28091	S	133	65	198	0.00001
Neisseria dumasiana	1931275	S	130	66	196	0.00001
Neisseria weixii	1853276	S	129	17	146	0.00000
Neisseria wadsworthii	607711	S	120	29	149	0.00000
Neisseria animaloris	326522	S	118	30	148	0.00000
Crenobacter cavernae	2290923	S	5015	1607	6622	0.00019
Chitinolyticbacter meiyuanensis	682798	S	3342	398	3740	0.00010
Vitreoscilla filiformis	63	S	1530	268	1798	0.00005
Vitreoscilla massiliensis	1689272	S	173	90	263	0.00001
Kingella potus	265175	S	462	70	532	0.00001
Kingella oralis	505	S	316	56	372	0.00001
Kingella denitrificans	502	S	292	217	509	0.00001
Eikenella corrodens	539	S	714	462	1176	0.00003
Eikenella exigua	2528037	S	165	101	266	0.00001
Uruburuella suis	252130	S	509	86	595	0.00002
Uruburuella testudinis	1282863	S	346	70	416	0.00001
Paralysiella testudinis	2809020	S	346	72	418	0.00001
Conchiformibius steedae	153493	S	157	26	183	0.00001
Neisseriaceae bacterium CCUG 44465	2917790	S	135	24	159	0.00000
Casimicrobium huifangae	2591109	S	3499	1709	5208	0.00015
Lysobacter sp. KIS68-7	2904252	S	8672	1631	10303	0.00029
Lysobacter sp. TY2-98	2290922	S	7221	1146	8367	0.00023
Lysobacter sp. 5GHs7-4	2904253	S	5972	1685	7657	0.00021
Lysobacter sp. CECT 30171	2822368	S	5009	1155	6164	0.00017
Lysobacter sp. K5869	2820808	S	4792	2062	6854	0.00019
Lysobacter sp. S4-A87	2925843	S	4346	1304	5650	0.00016
Lysobacter sp. CW239	2762611	S	3717	1928	5645	0.00016
Lysobacter sp. H21R4	2781021	S	1162	1904	3066	0.00009
Lysobacter sp. CJ11	2764185	S	895	68	963	0.00003
Lysobacter sp. HDW10	2714936	S	579	173	752	0.00002
Lysobacter sp. H23M47	2781024	S	567	2351	2918	0.00008
Lysobacter enzymogenes	69	S	19734	6652	26386	0.00074
Lysobacter capsici	435897	S	11662	10618	22280	0.00062
Lysobacter soli	453783	S	9272	1856	11128	0.00031
Lysobacter solisilvae (ex Woo and Kim 2022)	2865112	S	7185	2040	9225	0.00026
Lysobacter antibioticus	84531	S	6970	1375	8345	0.00023
Lysobacter solisilvae (ex Kim et al. 2021)	2763317	S	6844	1365	8209	0.00023
Lysobacter maris	1605891	S	6123	1437	7560	0.00021
Lysobacter lycopersici	1324796	S	5817	1215	7032	0.00020
Lysobacter arenosi	2795387	S	4531	1356	5887	0.00016
Lysobacter alkalisoli	2591633	S	4320	758	5078	0.00014
Lysobacter oculi	2698682	S	3841	1002	4843	0.00014
Lysobacter gummosus	262324	S	1043	7352	8395	0.00023
Lysobacter ciconiae	2781022	S	1042	1641	2683	0.00008
Lysobacter avium	2781023	S	627	2426	3053	0.00009
Stenotrophomonas maltophilia	40324	S	20547	30870	51417	0.00144
Stenotrophomonas sp. SAU14A_NAIMI4_5	2072413	S	1473	916	2389	0.00007
Stenotrophomonas sp. ESTM1D_MKCIP4_1	2072414	S	1411	577	1988	0.00006
Stenotrophomonas sp. ZAC14D2_NAIMI4_7	2072405	S	768	822	1590	0.00004
Stenotrophomonas sp. ZAC14A_NAIMI4_1	2072412	S	531	994	1525	0.00004
Stenotrophomonas sp. YAU14D1_LEIMI4_1	2072407	S	497	851	1348	0.00004
Stenotrophomonas sp. ZAC14D2_NAIMI4_6	2072406	S	463	902	1365	0.00004
Stenotrophomonas sp. SAU14A_NAIMI4_8	2072409	S	198	1124	1322	0.00004
Stenotrophomonas sp. YAU14A_MKIMI4_1	2072408	S	163	926	1089	0.00003
Stenotrophomonas sp. LM091	1904944	S	2537	937	3474	0.00010
Stenotrophomonas sp. 169	2770322	S	2229	367	2596	0.00007
Stenotrophomonas sp. 364	2691571	S	1872	716	2588	0.00007
Stenotrophomonas sp. NA06056	2742129	S	1058	526	1584	0.00004
Stenotrophomonas sp. WZN-1	2005046	S	457	556	1013	0.00003
Stenotrophomonas sp. DR822	2871174	S	385	650	1035	0.00003
Stenotrophomonas sp. Pemsol	2040586	S	235	721	956	0.00003
Stenotrophomonas sp. pho	2211160	S	212	993	1205	0.00003
Stenotrophomonas sp. MYb57	1827305	S	184	816	1000	0.00003
Stenotrophomonas sp. G4	2303750	S	166	720	886	0.00002
Stenotrophomonas sp. SI-NJAU-1	2886359	S	161	721	882	0.00002
Stenotrophomonas sp. ASS1	2282124	S	152	727	879	0.00002
Stenotrophomonas sp. CW117	2775920	S	135	2979	3114	0.00009
Stenotrophomonas rhizophila	216778	S	8445	2424	10869	0.00030
Stenotrophomonas acidaminiphila	128780	S	4733	11208	15941	0.00045
Stenotrophomonas indicatrix	2045451	S	296	1212	1508	0.00004
Xanthomonas translucens	343	S	8421	10354	18775	0.00053
Xanthomonas campestris	339	S	6182	7902	14084	0.00039
Xanthomonas sp. GW	2724121	S	954	1253	2207	0.00006
Xanthomonas sp. SI	2724123	S	888	1371	2259	0.00006
Xanthomonas sp. SS	2724122	S	866	1323	2189	0.00006
Xanthomonas sp. MLO165	2081477	S	189	229	418	0.00001
Xanthomonas sacchari	56458	S	4590	1485	6075	0.00017
Xanthomonas arboricola	56448	S	3911	3541	7452	0.00021
Xanthomonas theicola	56464	S	3278	1010	4288	0.00012
Xanthomonas oryzae	347	S	2981	1153	4134	0.00012
Xanthomonas citri	346	S	2625	26346	28971	0.00081
Xanthomonas hyacinthi	56455	S	2423	1396	3819	0.00011
Xanthomonas vesicatoria	56460	S	1801	1015	2816	0.00008
Xanthomonas hortorum	56454	S	1726	1175	2901	0.00008
Xanthomonas albilineans	29447	S	1689	239	1928	0.00005
Xanthomonas fragariae	48664	S	1669	295	1964	0.00005
Xanthomonas cucurbitae	56453	S	1571	267	1838	0.00005
Xanthomonas vasicola	56459	S	1341	463	1804	0.00005
Xanthomonas cassavae	56450	S	1222	276	1498	0.00004
Xanthomonas euroxanthea	2259622	S	985	951	1936	0.00005
Xanthomonas axonopodis	53413	S	863	620	1483	0.00004
Xanthomonas hydrangeae	2775159	S	827	248	1075	0.00003
Xanthomonas phaseoli	1985254	S	682	1778	2460	0.00007
Xanthomonas euvesicatoria	456327	S	487	4415	4902	0.00014
Luteimonas sp. MC1750	2799326	S	5253	1868	7121	0.00020
Luteimonas sp. S4-F44	2925842	S	5181	983	6164	0.00017
Luteimonas sp. D4P002	2901869	S	4582	1158	5740	0.00016
Luteimonas sp. YGD11-2	2508168	S	4080	1620	5700	0.00016
Luteimonas sp. JM171	1896164	S	4043	809	4852	0.00014
Luteimonas sp. MC1572	2799325	S	4017	1774	5791	0.00016
Luteimonas sp. MC1825	2761107	S	3841	1740	5581	0.00016
Luteimonas granuli	1176533	S	5082	1656	6738	0.00019
Luteimonas chenhongjianii	2006110	S	4023	831	4854	0.00014
Luteimonas yindakuii	2565782	S	3874	1402	5276	0.00015
Pseudoxanthomonas suwonensis	314722	S	10282	5180	15462	0.00043
Pseudoxanthomonas mexicana	128785	S	5753	9437	15190	0.00042
Pseudoxanthomonas sp. X-1	2571115	S	5566	5037	10603	0.00030
Pseudoxanthomonas daejeonensis	266062	S	4085	1008	5093	0.00014
Pseudoxanthomonas spadix	415229	S	3213	1117	4330	0.00012
Thermomonas sp. XSG	2771436	S	3736	1540	5276	0.00015
Thermomonas sp. HDW16	2714945	S	2429	629	3058	0.00009
Thermomonas brevis	215691	S	5150	2007	7157	0.00020
Thermomonas aquatica	2202149	S	4583	2399	6982	0.00020
Thermomonas carbonis	1463158	S	3871	778	4649	0.00013
Arenimonas daejeonensis	370777	S	5761	1174	6935	0.00019
Pseudolysobacter antarcticus	2511995	S	3263	95	3358	0.00009
Xylella fastidiosa	2371	S	483	131	614	0.00002
Xylella taiwanensis	1444770	S	289	15	304	0.00001
Frateuria sp. 5GH9-34	2898793	S	19401	5332	24733	0.00069
Frateuria sp. 5GH9-11	1542730	S	16813	5820	22633	0.00063
Frateuria aurantia	81475	S	1703	213	1916	0.00005
Luteibacter sp. 321	2911537	S	5755	1521	7276	0.00020
Luteibacter sp. EIF3	2780091	S	4700	642	5342	0.00015
Luteibacter sp. 335	2911538	S	3672	704	4376	0.00012
Luteibacter sp. 353	2911539	S	3307	904	4211	0.00012
Luteibacter pinisoli	2589080	S	4594	993	5587	0.00016
Luteibacter rhizovicinus	242606	S	4558	551	5109	0.00014
Luteibacter anthropi	564369	S	3484	533	4017	0.00011
Rhodanobacter denitrificans	666685	S	9217	3244	12461	0.00035
Rhodanobacter sp. FDAARGOS 1247	2778082	S	7147	2287	9434	0.00026
Rhodanobacter thiooxydans	416169	S	5712	2459	8171	0.00023
Rhodanobacter glycinis	582702	S	4395	701	5096	0.00014
Dyella thiooxydans	445710	S	6689	1776	8465	0.00024
Dyella japonica	231455	S	3741	988	4729	0.00013
Dyella telluris	2763498	S	3476	812	4288	0.00012
Dyella terrae	522259	S	2585	329	2914	0.00008
Dyella caseinilytica	1849581	S	1985	142	2127	0.00006
Dyella sp. M7H15-1	2501295	S	1280	126	1406	0.00004
Dokdonella koreensis	323415	S	10147	1772	11919	0.00033
Aerosticca soli	2010829	S	5370	7106	12476	0.00035
Ahniella affigens	2021234	S	2486	70	2556	0.00007
Pseudomonas sp. SCB32	2653853	S	2401	557	2958	0.00008
Pseudomonas sp. ATCC 13867	1294143	S	2397	886	3283	0.00009
Pseudomonas sp. PDNC002	2811422	S	2318	579	2897	0.00008
Pseudomonas sp. KNUC1026	2893890	S	2185	224	2409	0.00007
Pseudomonas sp. Ost2	2678260	S	2122	341	2463	0.00007
Pseudomonas sp. LPB0260	2614442	S	2122	452	2574	0.00007
Pseudomonas sp. TCU-HL1	1856685	S	1989	303	2292	0.00006
Pseudomonas sp. DY-1	1755504	S	1789	243	2032	0.00006
Pseudomonas sp. CC6-YY-74	1930532	S	1620	206	1826	0.00005
Pseudomonas sp. StFLB209	1028989	S	1516	418	1934	0.00005
Pseudomonas sp. Pc102	2678261	S	1465	888	2353	0.00007
Pseudomonas sp. MM211	2866808	S	1434	140	1574	0.00004
Pseudomonas sp. ABC1	2748080	S	1370	203	1573	0.00004
Pseudomonas sp. L5B5	2883205	S	1352	276	1628	0.00005
Pseudomonas sp. 7SR1	1881017	S	1286	259	1545	0.00004
Pseudomonas sp. p1(2021b)	2874628	S	1276	739	2015	0.00006
Pseudomonas sp. CMR5c	658630	S	1208	406	1614	0.00005
Pseudomonas sp. MTM4	2705472	S	1174	211	1385	0.00004
Pseudomonas sp. HN2-3	2886360	S	1025	255	1280	0.00004
Pseudomonas sp. B11D7D	2735906	S	1014	214	1228	0.00003
Pseudomonas sp. LAB-08	143813	S	929	198	1127	0.00003
Pseudomonas sp. MSPm1	2726956	S	913	222	1135	0.00003
Pseudomonas sp. OIL-1	2706126	S	877	164	1041	0.00003
Pseudomonas sp. MPC6	2498848	S	864	215	1079	0.00003
Pseudomonas sp. ADAK13	2730847	S	849	233	1082	0.00003
Pseudomonas sp. Marseille-Q3773	2866592	S	812	307	1119	0.00003
Pseudomonas sp. Leaf58	1736226	S	810	175	985	0.00003
Pseudomonas sp. DG56-2	2320270	S	798	98	896	0.00003
Pseudomonas sp. S09G 359	2054919	S	796	225	1021	0.00003
Pseudomonas sp. 15A4	2804761	S	791	231	1022	0.00003
Pseudomonas sp. HLS-6	2049589	S	788	260	1048	0.00003
Pseudomonas sp. URMO17WK12:I11	1283291	S	756	604	1360	0.00004
Pseudomonas sp. gcc21	2726989	S	741	338	1079	0.00003
Pseudomonas sp. 2hn	2866626	S	741	589	1330	0.00004
Pseudomonas sp. S34	1573718	S	736	203	939	0.00003
Pseudomonas sp. RtIB026	2749999	S	718	497	1215	0.00003
Pseudomonas sp. ADPe	2774873	S	716	1970	2686	0.00008
Pseudomonas sp. DTU12.3	2073078	S	702	211	913	0.00003
Pseudomonas sp. MM213	2866807	S	694	175	869	0.00002
Pseudomonas sp. S35	1573719	S	670	208	878	0.00002
Pseudomonas sp. M1	95619	S	665	1761	2426	0.00007
Pseudomonas sp. Seg1	2678259	S	659	179	838	0.00002
Pseudomonas sp. OE 28.3	2745519	S	642	183	825	0.00002
Pseudomonas sp. RC3H12	2834406	S	636	461	1097	0.00003
Pseudomonas sp. R5-89-07	658644	S	619	231	850	0.00002
Pseudomonas sp. Tri1	2823875	S	607	169	776	0.00002
Pseudomonas sp. 31-12	2201356	S	606	181	787	0.00002
Pseudomonas sp. LG1E9	2219057	S	592	207	799	0.00002
Pseudomonas sp. NIBR-H-19	2901380	S	585	149	734	0.00002
Pseudomonas sp. LS.1a	2920387	S	567	282	849	0.00002
Pseudomonas sp. MRSN12121	1611770	S	525	834	1359	0.00004
Pseudomonas sp. HS6	2850559	S	521	167	688	0.00002
Pseudomonas sp. NS1(2017)	2025658	S	503	157	660	0.00002
Pseudomonas sp. ADAK18	2730848	S	491	100	591	0.00002
Pseudomonas sp. PP3	2815936	S	488	223	711	0.00002
Pseudomonas sp. HN11	1344094	S	487	132	619	0.00002
Pseudomonas sp. DR48	2871095	S	485	397	882	0.00002
Pseudomonas sp. ACM7	2052956	S	477	100	577	0.00002
Pseudomonas sp. St316	2678257	S	475	183	658	0.00002
Pseudomonas sp. CCOS 191	1649877	S	462	460	922	0.00003
Pseudomonas sp. DNDY-54	2870860	S	426	238	664	0.00002
Pseudomonas sp. SK3(2021)	2841064	S	424	318	742	0.00002
Pseudomonas sp. B10	118613	S	423	364	787	0.00002
Pseudomonas sp. NIBRBAC000502773	2590776	S	415	249	664	0.00002
Pseudomonas sp. SCA2728.1_7	2825975	S	408	279	687	0.00002
Pseudomonas sp. R84	1573712	S	398	231	629	0.00002
Pseudomonas sp. IzPS59	2774459	S	396	223	619	0.00002
Pseudomonas sp. M30-35	1981174	S	384	24	408	0.00001
Pseudomonas sp. CYM-20-01	2870750	S	382	224	606	0.00002
Pseudomonas sp. AO-1	2855434	S	367	443	810	0.00002
Pseudomonas sp. R2A2	2213057	S	367	503	870	0.00002
Pseudomonas sp. SK	2729423	S	348	352	700	0.00002
Pseudomonas sp. SDM007	2812000	S	345	265	610	0.00002
Pseudomonas sp. HS-18	2879114	S	331	774	1105	0.00003
Pseudomonas sp. R76	1573711	S	330	194	524	0.00001
Pseudomonas sp. 14181154	2662033	S	329	400	729	0.00002
Pseudomonas sp. UW4	1207075	S	326	253	579	0.00002
Pseudomonas sp. LPH1	1898684	S	322	340	662	0.00002
Pseudomonas sp. FIT81	2837969	S	308	216	524	0.00001
Pseudomonas sp. BIGb0427	2724470	S	307	917	1224	0.00003
Pseudomonas sp. S07E 245	2866278	S	287	900	1187	0.00003
Pseudomonas sp. SORT22	2813842	S	283	899	1182	0.00003
Pseudomonas sp. MPFS	2795724	S	270	562	832	0.00002
Pseudomonas sp. RBPA9	2746321	S	269	660	929	0.00003
Pseudomonas sp. 02C 26	2054914	S	261	773	1034	0.00003
Pseudomonas sp. HN2	2884805	S	259	270	529	0.00001
Pseudomonas sp. THAF7b	2587845	S	257	584	841	0.00002
Pseudomonas sp. Z003-0.4C(8344-21)	1855380	S	246	205	451	0.00001
Pseudomonas sp. Cab53	2678258	S	246	462	708	0.00002
Pseudomonas sp. FGI182	1259844	S	239	312	551	0.00002
Pseudomonas sp. LTJR-52	2479392	S	229	89	318	0.00001
Pseudomonas sp. 3-2	2867408	S	210	346	556	0.00002
Pseudomonas sp. 09C 129	2054915	S	205	296	501	0.00001
Pseudomonas sp. phDV1	253237	S	196	731	927	0.00003
Pseudomonas sp. AN-B15	2697023	S	194	695	889	0.00002
Pseudomonas sp. SC3(2021)	2871493	S	194	248	442	0.00001
Pseudomonas sp. ADAK22	2730851	S	190	639	829	0.00002
Pseudomonas sp. S150	2559074	S	182	338	520	0.00001
Pseudomonas sp. Y5-11	2749808	S	176	671	847	0.00002
Pseudomonas sp. FDAARGOS_380	2018067	S	176	168	344	0.00001
Pseudomonas sp. ArH3a	2862945	S	175	582	757	0.00002
Pseudomonas sp. MYb193	1827300	S	173	235	408	0.00001
Pseudomonas sp. DR 5-09	1534110	S	170	294	464	0.00001
Pseudomonas sp. St29	1500687	S	165	885	1050	0.00003
Pseudomonas sp. PONIH3	1636610	S	163	984	1147	0.00003
Pseudomonas sp. RU47	2005388	S	161	547	708	0.00002
Pseudomonas sp. BIOMIG1BAC	1758730	S	157	565	722	0.00002
Pseudomonas sp. LBUM920	2126069	S	155	517	672	0.00002
Pseudomonas sp. J380	2605424	S	137	221	358	0.00001
Pseudomonas sp. BC42	2933816	S	133	869	1002	0.00003
Pseudomonas sp. GR 6-02	1659194	S	132	423	555	0.00002
Pseudomonas sp. R3-18-08	1173283	S	131	504	635	0.00002
Pseudomonas sp. S49	1573720	S	130	446	576	0.00002
Pseudomonas sp. 7-41	2898483	S	119	625	744	0.00002
Pseudomonas sp. ATCC 43928	676210	S	117	379	496	0.00001
Pseudomonas sp. C27(2019)	2604941	S	117	17	134	0.00000
Pseudomonas sp. SWI44	2083053	S	114	1276	1390	0.00004
Pseudomonas sp. Y39-6	2749807	S	112	432	544	0.00002
Pseudomonas sp. R32	1573704	S	109	328	437	0.00001
Pseudomonas sp. SXM-1	2169583	S	107	393	500	0.00001
Pseudomonas sp. Os17	1500686	S	102	667	769	0.00002
Pseudomonas sp. LG1D9	2083054	S	100	494	594	0.00002
Pseudomonas fluorescens	294	S	13742	12292	26034	0.00073
Pseudomonas protegens	380021	S	3525	8850	12375	0.00035
Pseudomonas orientalis	76758	S	2363	667	3030	0.00008
Pseudomonas azotoformans	47878	S	1884	784	2668	0.00007
Pseudomonas synxantha	47883	S	1589	1117	2706	0.00008
Pseudomonas rhodesiae	76760	S	1245	493	1738	0.00005
Pseudomonas poae	200451	S	1214	655	1869	0.00005
Pseudomonas mediterranea	183795	S	1078	276	1354	0.00004
Pseudomonas tolaasii	29442	S	1047	208	1255	0.00004
Pseudomonas trivialis	200450	S	1045	379	1424	0.00004
Pseudomonas corrugata	47879	S	945	206	1151	0.00003
Pseudomonas cedrina	651740	S	795	210	1005	0.00003
Pseudomonas migulae	78543	S	769	457	1226	0.00003
Pseudomonas mucidolens	46679	S	652	99	751	0.00002
Pseudomonas congelans	200452	S	553	181	734	0.00002
Pseudomonas brenneri	129817	S	510	210	720	0.00002
Pseudomonas libanensis	75588	S	370	410	780	0.00002
Pseudomonas veronii	76761	S	349	989	1338	0.00004
Pseudomonas mandelii	75612	S	341	1020	1361	0.00004
Pseudomonas ogarae	1114970	S	285	227	512	0.00001
Pseudomonas aeruginosa	287	S	13926	122451	136377	0.00382
Pseudomonas mendocina	300	S	5519	2022	7541	0.00021
Pseudomonas alcaligenes	43263	S	4445	2966	7411	0.00021
Pseudomonas furukawaii	1149133	S	2979	886	3865	0.00011
Pseudomonas oleovorans	301	S	617	1942	2559	0.00007
Pseudomonas resinovorans	53412	S	3092	670	3762	0.00011
Pseudomonas multiresinivorans	95301	S	1565	535	2100	0.00006
Pseudomonas nitroreducens	46680	S	491	1083	1574	0.00004
Pseudomonas citronellolis	53408	S	1663	2584	4247	0.00012
Pseudomonas putida	303	S	18392	25562	43954	0.00123
Pseudomonas oryzihabitans	47885	S	5934	1324	7258	0.00020
Pseudomonas fulva	47880	S	3528	10110	13638	0.00038
Pseudomonas plecoglossicida	70775	S	1225	1023	2248	0.00006
Pseudomonas mosselii	78327	S	704	1347	2051	0.00006
Pseudomonas monteilii	76759	S	670	1373	2043	0.00006
Pseudomonas sp. SGAir0191	2217867	S	287	199	486	0.00001
Pseudomonas stutzeri	316	S	18960	12645	31605	0.00088
Pseudomonas chloritidismutans	203192	S	225	322	547	0.00002
Pseudomonas balearica	74829	S	3386	4067	7453	0.00021
Pseudomonas xanthomarina	271420	S	883	146	1029	0.00003
Pseudomonas luteola	47886	S	264	134	398	0.00001
Pseudomonas syringae	317	S	4222	15007	19229	0.00054
Pseudomonas viridiflava	33069	S	2530	280	2810	0.00008
Pseudomonas cichorii	36746	S	1386	377	1763	0.00005
Pseudomonas asturiensis	1190415	S	879	86	965	0.00003
Pseudomonas amygdali	47877	S	399	1811	2210	0.00006
Pseudomonas savastanoi	29438	S	148	622	770	0.00002
Pseudomonas syringae group genomosp. 7	251699	S	752	80	832	0.00002
Pseudomonas fuscovaginae	50340	S	437	276	713	0.00002
Pseudomonas avellanae	46257	S	251	149	400	0.00001
Pseudomonas coronafaciens	53409	S	166	185	351	0.00001
Pseudomonas syringae group genomosp. 3	251701	S	129	1635	1764	0.00005
Pseudomonas chlororaphis	587753	S	8678	9579	18257	0.00051
Pseudomonas lundensis	86185	S	794	106	900	0.00003
Pseudomonas fragi	296	S	478	415	893	0.00003
Pseudomonas otitidis	319939	S	5435	1257	6692	0.00019
Pseudomonas psychrotolerans	237610	S	5225	1207	6432	0.00018
Pseudomonas knackmussii	65741	S	4948	4293	9241	0.00026
Pseudomonas oryzae	1392877	S	4428	1477	5905	0.00017
Pseudomonas entomophila	312306	S	4016	1877	5893	0.00016
Pseudomonas guangdongensis	1245526	S	3031	1023	4054	0.00011
Pseudomonas cavernae	2320867	S	2871	474	3345	0.00009
Pseudomonas lalkuanensis	2604832	S	2537	495	3032	0.00008
Pseudomonas atacamensis	2565368	S	2402	2514	4916	0.00014
Pseudomonas parafulva	157782	S	2164	666	2830	0.00008
Pseudomonas qingdaonensis	2056231	S	2130	452	2582	0.00007
Pseudomonas eucalypticola	2599595	S	2056	281	2337	0.00007
Pseudomonas vanderleydeniana	2745495	S	1923	285	2208	0.00006
Pseudomonas campi	2731681	S	1731	247	1978	0.00006
Pseudomonas rhizosphaerae	216142	S	1583	207	1790	0.00005
Pseudomonas alkylphenolica	237609	S	1506	309	1815	0.00005
Pseudomonas cremoricolorata	157783	S	1498	243	1741	0.00005
Pseudomonas muyukensis	2842357	S	1495	467	1962	0.00005
Pseudomonas nanhaiensis	2830842	S	1456	156	1612	0.00005
Pseudomonas tohonis	2725477	S	1427	1229	2656	0.00007
Pseudomonas brassicacearum	930166	S	1371	2751	4122	0.00012
Pseudomonas frederiksbergensis	104087	S	1367	437	1804	0.00005
Pseudomonas argentinensis	289370	S	1357	326	1683	0.00005
Pseudomonas yamanorum	515393	S	1258	300	1558	0.00004
Pseudomonas koreensis	198620	S	1223	509	1732	0.00005
Pseudomonas umsongensis	198618	S	1206	206	1412	0.00004
Pseudomonas xantholysinigenes	2745490	S	1178	341	1519	0.00004
Pseudomonas alvandae	2842348	S	1135	191	1326	0.00004
Pseudomonas palleroniana	191390	S	1132	195	1327	0.00004
Pseudomonas fakonensis	2842355	S	1124	373	1497	0.00004
Pseudomonas saudiphocaensis	1499686	S	1100	267	1367	0.00004
Pseudomonas xanthosomae	2842356	S	1068	361	1429	0.00004
Pseudomonas zhaodongensis	1176257	S	1048	498	1546	0.00004
Pseudomonas vancouverensis	95300	S	1020	173	1193	0.00003
Pseudomonas phragmitis	1931241	S	999	83	1082	0.00003
Pseudomonas pohangensis	364197	S	963	75	1038	0.00003
Pseudomonas tructae	2518644	S	955	177	1132	0.00003
Pseudomonas antarctica	219572	S	940	251	1191	0.00003
Pseudomonas moraviensis	321662	S	894	1948	2842	0.00008
Pseudomonas hamedanensis	2745504	S	867	167	1034	0.00003
Pseudomonas prosekii	1148509	S	856	151	1007	0.00003
Pseudomonas granadensis	1421430	S	849	432	1281	0.00004
Pseudomonas agarici	46677	S	816	41	857	0.00002
Pseudomonas extremaustralis	359110	S	813	189	1002	0.00003
Pseudomonas silesiensis	1853130	S	810	183	993	0.00003
Pseudomonas thivervalensis	86265	S	790	179	969	0.00003
Pseudomonas arsenicoxydans	702115	S	785	180	965	0.00003
Pseudomonas promysalinigenes	485898	S	767	126	893	0.00002
Pseudomonas asgharzadehiana	2842349	S	754	188	942	0.00003
Pseudomonas graminis	158627	S	739	219	958	0.00003
Pseudomonas lurida	244566	S	735	177	912	0.00003
Pseudomonas simiae	321846	S	709	186	895	0.00003
Pseudomonas sediminis	1691904	S	707	216	923	0.00003
Pseudomonas marincola	437900	S	706	116	822	0.00002
Pseudomonas wenzhouensis	2906062	S	699	267	966	0.00003
Pseudomonas maumuensis	2842354	S	667	341	1008	0.00003
Pseudomonas viciae	2505979	S	624	162	786	0.00002
Pseudomonas lini	163011	S	570	120	690	0.00002
Pseudomonas taetrolens	47884	S	551	74	625	0.00002
Pseudomonas versuta	1788301	S	535	90	625	0.00002
Pseudomonas reinekei	395598	S	532	162	694	0.00002
Pseudomonas kribbensis	1628086	S	518	532	1050	0.00003
Pseudomonas iranensis	2745503	S	486	395	881	0.00002
Pseudomonas psychrophila	122355	S	456	66	522	0.00001
Pseudomonas oryziphila	2894079	S	454	384	838	0.00002
Pseudomonas allokribbensis	2774460	S	445	185	630	0.00002
Pseudomonas alcaliphila	101564	S	421	475	896	0.00003
Pseudomonas khazarica	2502979	S	398	518	916	0.00003
Pseudomonas asplenii	53407	S	384	253	637	0.00002
Pseudomonas toyotomiensis	554344	S	383	373	756	0.00002
Pseudomonas chengduensis	489632	S	375	771	1146	0.00003
Pseudomonas tritici	2745518	S	367	123	490	0.00001
Pseudomonas gozinkensis	2774461	S	361	180	541	0.00002
Pseudomonas tensinigenes	2745511	S	343	196	539	0.00002
Pseudomonas kunmingensis	1211807	S	334	507	841	0.00002
Pseudomonas sihuiensis	1274359	S	329	454	783	0.00002
Pseudomonas zeae	2745510	S	312	168	480	0.00001
Pseudomonas azerbaijanoriens	2842350	S	301	215	516	0.00001
Pseudomonas anuradhapurensis	485870	S	291	277	568	0.00002
Pseudomonas germanica	2815720	S	272	159	431	0.00001
Pseudomonas zarinae	2745498	S	240	193	433	0.00001
Pseudomonas salmasensis	2745514	S	198	137	335	0.00001
Pseudomonas monsensis	2745509	S	191	221	412	0.00001
Pseudomonas lactis	1615674	S	188	148	336	0.00001
Pseudomonas juntendi	2666183	S	174	1636	1810	0.00005
Pseudomonas soli	1306993	S	155	612	767	0.00002
Pseudomonas sessilinigenes	658629	S	124	341	465	0.00001
Pseudomonas bijieensis	2681983	S	114	462	576	0.00002
Pseudomonas asiatica	2219225	S	100	599	699	0.00002
Azotobacter chroococcum	353	S	4549	2234	6783	0.00019
Azotobacter vinelandii	354	S	3296	3680	6976	0.00020
Azotobacter salinestris	69964	S	2624	1034	3658	0.00010
Halopseudomonas xinjiangensis	487184	S	1201	113	1314	0.00004
Halopseudomonas sp. RR6	2918528	S	1149	143	1292	0.00004
Halopseudomonas sabulinigri	472181	S	1088	88	1176	0.00003
Halopseudomonas aestusnigri	857252	S	1017	621	1638	0.00005
Halopseudomonas litoralis	797277	S	783	177	960	0.00003
Halopseudomonas salegens	1434072	S	568	43	611	0.00002
Permianibacter aggregans	1510150	S	971	34	1005	0.00003
Thiopseudomonas alkaliphila	1697053	S	124	27	151	0.00000
Marinobacter sp. CA1	2817656	S	1360	106	1466	0.00004
Marinobacter sp. LPB0319	2769486	S	723	48	771	0.00002
Marinobacter sp. NP-4(2019)	2488665	S	657	120	777	0.00002
Marinobacter sp. Arc7-DN-1	2304594	S	640	89	729	0.00002
Marinobacter sp. LV10R510-11A	1415568	S	332	15	347	0.00001
Marinobacter sp. LQ44	1749259	S	324	491	815	0.00002
Marinobacter sp. JH2	2547598	S	283	80	363	0.00001
Marinobacter sp. es.042	1761794	S	257	243	500	0.00001
Marinobacter sp. CP1	1671721	S	256	471	727	0.00002
Marinobacter sp. BSs20148	490759	S	213	120	333	0.00001
Marinobacter fonticola	2603215	S	1014	53	1067	0.00003
Marinobacter salarius	1420917	S	858	109	967	0.00003
Marinobacter nauticus	2743	S	733	213	946	0.00003
Marinobacter similis	1420916	S	668	53	721	0.00002
Marinobacter salsuginis	418719	S	549	74	623	0.00002
Marinobacter salinus	1874317	S	498	32	530	0.00001
Marinobacter adhaerens	1033846	S	196	355	551	0.00002
Marinobacter psychrophilus	330734	S	145	83	228	0.00001
Klebsiella pneumoniae	573	S	2120	100929	103049	0.00288
Klebsiella quasipneumoniae	1463165	S	1499	6407	7906	0.00022
Klebsiella oxytoca	571	S	927	720	1647	0.00005
Klebsiella aerogenes	548	S	899	1292	2191	0.00006
Klebsiella variicola	244366	S	562	2500	3062	0.00009
Klebsiella michiganensis	1134687	S	553	2961	3514	0.00010
Klebsiella quasivariicola	2026240	S	254	299	553	0.00002
Klebsiella africana	2489010	S	211	146	357	0.00001
Klebsiella huaxiensis	2153354	S	210	233	443	0.00001
Klebsiella grimontii	2058152	S	169	1327	1496	0.00004
Raoultella sp. HC6	2923366	S	669	514	1183	0.00003
Raoultella planticola	575	S	434	502	936	0.00003
Raoultella ornithinolytica	54291	S	335	2884	3219	0.00009
Raoultella terrigena	577	S	233	518	751	0.00002
Enterobacter cloacae	550	S	2045	3696	5741	0.00016
Enterobacter hormaechei	158836	S	743	21830	22573	0.00063
Enterobacter cancerogenus	69218	S	683	273	956	0.00003
Enterobacter asburiae	61645	S	606	3033	3639	0.00010
Enterobacter roggenkampii	1812935	S	435	1891	2326	0.00007
Enterobacter chengduensis	2494701	S	284	217	501	0.00001
Enterobacter ludwigii	299767	S	269	663	932	0.00003
Enterobacter chuandaensis	2497875	S	182	135	317	0.00001
Enterobacter kobei	208224	S	143	1820	1963	0.00005
Enterobacter sp. JUb54	2724468	S	528	128	656	0.00002
Enterobacter sp. SA187	1914861	S	503	108	611	0.00002
Enterobacter sp. E76	2596949	S	247	603	850	0.00002
Enterobacter sp. RHBSTW-00994	2742676	S	211	63	274	0.00001
Enterobacter sp. RHBSTW-00175	2742639	S	159	168	327	0.00001
Enterobacter sp. Colony194	2866201	S	122	239	361	0.00001
Enterobacter sp. JBIWA008	2831892	S	111	82	193	0.00001
Enterobacter huaxiensis	2494702	S	386	134	520	0.00001
Enterobacter mori	539813	S	271	379	650	0.00002
Enterobacter oligotrophicus	2478464	S	208	76	284	0.00001
Enterobacter bugandensis	881260	S	201	399	600	0.00002
Enterobacter soli	885040	S	189	57	246	0.00001
Citrobacter freundii	546	S	629	3719	4348	0.00012
Citrobacter werkmanii	67827	S	109	379	488	0.00001
Citrobacter sp. R56	1573676	S	251	115	366	0.00001
Citrobacter sp. RHB25-C09	2742624	S	201	128	329	0.00001
Citrobacter rodentium	67825	S	555	0	555	0.00002
Citrobacter amalonaticus	35703	S	321	2285	2606	0.00007
Citrobacter farmeri	67824	S	310	192	502	0.00001
Citrobacter koseri	545	S	208	406	614	0.00002
Citrobacter tructae	2562449	S	148	86	234	0.00001
Citrobacter pasteurii	1563222	S	102	123	225	0.00001
Kosakonia cowanii	208223	S	1339	1004	2343	0.00007
Kosakonia sp. CCTCC M2018092	2492396	S	353	290	643	0.00002
Kosakonia sp. SMBL-WEM22	2725560	S	351	147	498	0.00001
Kosakonia sp. MUSA4	2067958	S	193	74	267	0.00001
Kosakonia sacchari	1158459	S	538	254	792	0.00002
Kosakonia radicincitans	283686	S	246	205	451	0.00001
Kosakonia oryzae	497725	S	191	113	304	0.00001
Kosakonia pseudosacchari	1646340	S	184	88	272	0.00001
Kosakonia arachidis	551989	S	178	47	225	0.00001
Cronobacter sakazakii	28141	S	983	1112	2095	0.00006
Cronobacter dublinensis	413497	S	787	328	1115	0.00003
Cronobacter universalis	535744	S	486	385	871	0.00002
Cronobacter condimenti	1163710	S	434	144	578	0.00002
Cronobacter malonaticus	413503	S	287	360	647	0.00002
Cronobacter sp. JZ38	1906275	S	142	464	606	0.00002
Leclercia sp. 29361	2714951	S	706	358	1064	0.00003
Leclercia sp. J807	2681307	S	100	321	421	0.00001
Leclercia adecarboxylata	83655	S	1162	2624	3786	0.00011
Leclercia pneumoniae	2815358	S	329	186	515	0.00001
Salmonella enterica	28901	S	2286	89346	91632	0.00256
Salmonella bongori	54736	S	247	1505	1752	0.00005
Pluralibacter gergoviae	61647	S	1993	560	2553	0.00007
[Enterobacter] lignolyticus	1334193	S	1019	307	1326	0.00004
Escherichia coli	562	S	1500	42683	44183	0.00124
Escherichia albertii	208962	S	254	325	579	0.00002
Escherichia fergusonii	564	S	146	273	419	0.00001
Escherichia marmotae	1499973	S	108	73	181	0.00001
Cedecea neteri	158822	S	1381	320	1701	0.00005
Cedecea sp. FDAARGOS_727	2545798	S	386	88	474	0.00001
Cedecea lapagei	158823	S	366	105	471	0.00001
Lelliottia amnigena	61646	S	899	280	1179	0.00003
Lelliottia sp. AC1	2067959	S	157	148	305	0.00001
Lelliottia sp. WB101	2153385	S	149	181	330	0.00001
Kluyvera ascorbata	51288	S	381	582	963	0.00003
Kluyvera intermedia	61648	S	246	215	461	0.00001
Candidatus Symbiopectobacterium sp. SyEd1	2871826	S	331	48	379	0.00001
Pseudescherichia vulneris	566	S	601	40	641	0.00002
Jejubacter calystegiae	2579935	S	543	68	611	0.00002
Atlantibacter hermannii	565	S	515	128	643	0.00002
Plesiomonas shigelloides	703	S	480	178	658	0.00002
Buttiauxella agrestis	82977	S	179	223	402	0.00001
Yokenella regensburgei	158877	S	454	230	684	0.00002
Shimwellia blattae	563	S	386	1583	1969	0.00006
Scandinavium goeteborgense	1851514	S	374	81	455	0.00001
Pseudocitrobacter sp. G163CM	2891570	S	338	100	438	0.00001
Phytobacter ursingii	1972431	S	264	400	664	0.00002
Serratia marcescens	615	S	4089	10022	14111	0.00039
Serratia plymuthica	82996	S	1319	802	2121	0.00006
Serratia sp. FDAARGOS_506	2420306	S	250	301	551	0.00002
Serratia sp. ATCC 39006	104623	S	199	24	223	0.00001
Serratia sp. FGI94	671990	S	192	267	459	0.00001
Serratia sp. 1D1416	2447890	S	100	410	510	0.00001
Serratia rubidaea	61652	S	990	1348	2338	0.00007
Serratia entomophila	42906	S	950	272	1222	0.00003
Serratia odorifera	618	S	649	122	771	0.00002
Serratia proteamaculans	28151	S	615	167	782	0.00002
Serratia fonticola	47917	S	481	512	993	0.00003
Serratia surfactantfaciens	2741499	S	464	318	782	0.00002
Serratia liquefaciens	614	S	345	565	910	0.00003
Serratia quinivorans	137545	S	326	146	472	0.00001
Serratia grimesii	82995	S	226	30	256	0.00001
Serratia rhizosphaerae	2597702	S	220	247	467	0.00001
Serratia symbiotica	138074	S	219	40	259	0.00001
Serratia inhibens	2338073	S	197	127	324	0.00001
Serratia ureilytica	300181	S	132	2085	2217	0.00006
Rahnella aquatilis	34038	S	573	839	1412	0.00004
Rahnella victoriana	1510570	S	433	73	506	0.00001
Rahnella inusitata	58169	S	416	128	544	0.00002
Rahnella sp. ERMR1:05	1805933	S	371	60	431	0.00001
Yersinia enterocolitica	630	S	204	606	810	0.00002
Yersinia ruckeri	29486	S	147	48	195	0.00001
Yersinia mollaretii	33060	S	128	70	198	0.00001
Yersinia entomophaga	935293	S	121	39	160	0.00000
Nissabacter sp. SGAir0207	2126321	S	1599	267	1866	0.00005
Gibbsiella quercinecans	929813	S	834	127	961	0.00003
Ewingella americana	41202	S	588	94	682	0.00002
Rouxiella badensis	1646377	S	555	57	612	0.00002
Chania multitudinisentens	1639108	S	240	30	270	0.00001
Pantoea agglomerans	549	S	4867	1343	6210	0.00017
Pantoea sp. Z09	2886821	S	1323	422	1745	0.00005
Pantoea sp. SO10	2575375	S	578	114	692	0.00002
Pantoea sp. CCBC3-3-1	2490851	S	465	93	558	0.00002
Pantoea sp. At-9b	592316	S	427	88	515	0.00001
Pantoea sp. MSR2	2052056	S	386	41	427	0.00001
Pantoea vagans	470934	S	2485	2951	5436	0.00015
Pantoea dispersa	59814	S	2312	620	2932	0.00008
Pantoea ananatis	553	S	755	234	989	0.00003
Pantoea deleyi	470932	S	751	170	921	0.00003
Pantoea stewartii	66269	S	464	115	579	0.00002
Pantoea alhagi	1891675	S	457	134	591	0.00002
Pantoea cypripedii	55209	S	412	19	431	0.00001
Pantoea rwandensis	1076550	S	316	69	385	0.00001
Erwinia sp. E602	2675378	S	1353	267	1620	0.00005
Erwinia sp. J780	2681984	S	309	68	377	0.00001
Erwinia gerundensis	1619313	S	750	154	904	0.00003
Erwinia persicina	55211	S	565	130	695	0.00002
Erwinia rhapontici	55212	S	484	104	588	0.00002
Erwinia billingiae	182337	S	339	1006	1345	0.00004
Erwinia tasmaniensis	338565	S	321	75	396	0.00001
Erwinia amylovora	552	S	293	261	554	0.00002
Erwinia tracheiphila	65700	S	209	28	237	0.00001
[Pantoea] beijingensis	1324864	S	165	35	200	0.00001
Candidatus Erwinia haradaeae	1922217	S	114	2	116	0.00000
Mixta gaviniae	665914	S	983	369	1352	0.00004
Mixta calida	665913	S	760	429	1189	0.00003
Mixta theicola	1458355	S	685	220	905	0.00003
Mixta sp. X22927	2872648	S	395	214	609	0.00002
Mixta intestinalis	1615494	S	334	95	429	0.00001
Buchnera aphidicola	9	S	306	48	354	0.00001
Tatumella ptyseos	82987	S	147	28	175	0.00000
Tatumella citrea	53336	S	111	18	129	0.00000
Dickeya dadantii	204038	S	965	510	1475	0.00004
Dickeya chrysanthemi	556	S	631	117	748	0.00002
Dickeya zeae	204042	S	610	543	1153	0.00003
Dickeya dianthicola	204039	S	607	287	894	0.00003
Dickeya fangzhongdai	1778540	S	322	1077	1399	0.00004
Dickeya solani	1089444	S	314	1294	1608	0.00004
Dickeya sp. NCPPB 3274	568766	S	214	110	324	0.00001
Dickeya poaceiphila	568768	S	213	33	246	0.00001
Pectobacterium carotovorum	554	S	436	976	1412	0.00004
Pectobacterium brasiliense	180957	S	365	465	830	0.00002
Pectobacterium sp. LJ1	2878098	S	138	44	182	0.00001
Pectobacterium parmentieri	1905730	S	194	90	284	0.00001
Pectobacterium atrosepticum	29471	S	193	74	267	0.00001
Pectobacterium polaris	2042057	S	152	119	271	0.00001
Pectobacterium punjabense	2108399	S	130	34	164	0.00000
Pectobacterium wasabiae	55208	S	120	39	159	0.00000
Pectobacterium versatile	2488639	S	111	272	383	0.00001
Brenneria izadpanahii	2722756	S	629	631	1260	0.00004
Brenneria goodwinii	1109412	S	506	492	998	0.00003
Brenneria rubrifaciens	55213	S	354	134	488	0.00001
Lonsdalea populi	1172565	S	570	156	726	0.00002
Lonsdalea britannica	1082704	S	486	126	612	0.00002
Musicola paradisiaca	69223	S	623	67	690	0.00002
Edwardsiella tarda	636	S	887	1948	2835	0.00008
Edwardsiella hoshinae	93378	S	551	123	674	0.00002
Edwardsiella ictaluri	67780	S	370	190	560	0.00002
Edwardsiella piscicida	1263550	S	176	1361	1537	0.00004
Hafnia alvei	569	S	197	248	445	0.00001
Hafnia paralvei	546367	S	116	52	168	0.00000
Morganella morganii	582	S	1014	1129	2143	0.00006
Providencia rettgeri	587	S	149	346	495	0.00001
Providencia alcalifaciens	126385	S	144	75	219	0.00001
Xenorhabdus bovienii	40576	S	189	62	251	0.00001
Xenorhabdus doucetiae	351671	S	122	23	145	0.00000
Proteus mirabilis	584	S	147	490	637	0.00002
Sodalis sp. dw_23	2697027	S	1049	80	1129	0.00003
Sodalis praecaptivus	1239307	S	587	344	931	0.00003
Sodalis glossinidius	63612	S	453	67	520	0.00001
Candidatus Sodalis pierantonius	1486991	S	254	154	408	0.00001
Leminorella richardii	158841	S	276	51	327	0.00001
Thioalkalivibrio sulfidiphilus	1033854	S	3227	1822	5049	0.00014
Thioalkalivibrio paradoxus	108010	S	3192	904	4096	0.00011
Thioalkalivibrio nitratireducens	186931	S	3131	800	3931	0.00011
Thioalkalivibrio versutus	106634	S	2625	321	2946	0.00008
Thioalkalivibrio sp. K90mix	396595	S	2487	293	2780	0.00008
Spiribacter sp. E85	2182432	S	6921	604	7525	0.00021
Spiribacter sp. 2438	2666185	S	1153	105	1258	0.00004
Spiribacter curvatus	1335757	S	1550	84	1634	0.00005
Spiribacter salinus	1335746	S	960	72	1032	0.00003
Acidihalobacter aeolianus	2792603	S	2845	375	3220	0.00009
Acidihalobacter ferrooxydans	1765967	S	2392	243	2635	0.00007
Acidihalobacter yilgarnensis	2819280	S	1585	99	1684	0.00005
Halorhodospira halophila	1053	S	3133	326	3459	0.00010
Halorhodospira halochloris	1052	S	502	20	522	0.00001
Aquisalimonas sp. 2447	2740807	S	3201	200	3401	0.00010
Alkalilimnicola ehrlichii	351052	S	3025	359	3384	0.00009
Ectothiorhodospira sp. BSL-9	1442136	S	1083	310	1393	0.00004
Ectothiorhodospira haloalkaliphila	421628	S	1063	330	1393	0.00004
Ectothiorhodosinus mongolicus	233100	S	374	23	397	0.00001
Candidatus Thiodictyon syntrophicum	1166950	S	6026	307	6333	0.00018
Allochromatium vinosum	1049	S	2538	922	3460	0.00010
Allochromatium tepidum	553982	S	2383	1076	3459	0.00010
Marichromatium purpuratum	37487	S	5431	1015	6446	0.00018
Thioflavicoccus mobilis	80679	S	5304	486	5790	0.00016
Thiocapsa bogorovii	521689	S	3941	200	4141	0.00012
Thiocystis violascens	73141	S	3079	257	3336	0.00009
Thermochromatium tepidum	1050	S	1761	369	2130	0.00006
Caldichromatium japonicum	2699430	S	1290	148	1438	0.00004
Nitrosococcus wardiae	1814290	S	309	36	345	0.00001
Nitrosococcus halophilus	133539	S	306	37	343	0.00001
Nitrosococcus watsonii	473531	S	262	61	323	0.00001
Nitrosococcus oceani	1229	S	224	48	272	0.00001
Rheinheimera sp. F8	1763998	S	267	14	281	0.00001
Rheinheimera mangrovi	2498451	S	111	10	121	0.00000
Wenzhouxiangella marina	1579979	S	3516	223	3739	0.00010
Wenzhouxiangella sp. AB-CW3	2771012	S	2095	91	2186	0.00006
Thiohalobacter sp. COW1	2795687	S	765	1586	2351	0.00007
Thiohalobacter thiocyanaticus	585455	S	619	1589	2208	0.00006
Guyparkeria halophila	47960	S	3512	905	4417	0.00012
Sulfurivermis fontis	1972068	S	2831	1041	3872	0.00011
Halothiobacillus sp. LS2	1860122	S	1412	121	1533	0.00004
Halothiobacillus neapolitanus	927	S	513	53	566	0.00002
Woeseia oceani	1548547	S	1597	28	1625	0.00005
Granulosicoccus antarcticus	437505	S	622	11	633	0.00002
Sulfuriflexus mobilis	1811807	S	616	18	634	0.00002
Halomonas sp. THAF5a	2587844	S	3639	1479	5118	0.00014
Halomonas sp. THAF12	2587849	S	2786	1644	4430	0.00012
Halomonas sp. 1513	1883416	S	2719	620	3339	0.00009
Halomonas sp. HG01	1609967	S	2563	1090	3653	0.00010
Halomonas sp. YLGW01	2773308	S	2199	400	2599	0.00007
Halomonas sp. MCCC 1A13316	2733487	S	1998	283	2281	0.00006
Halomonas sp. JS92-SW72	2306583	S	1968	2123	4091	0.00011
Halomonas sp. PGE1	2730360	S	1642	2263	3905	0.00011
Halomonas sp. Y2R2	2562282	S	613	38	651	0.00002
Halomonas sp. A40-4	2785909	S	543	166	709	0.00002
Halomonas sp. SH5A2	2749040	S	509	104	613	0.00002
Halomonas sp. FeN2	2832500	S	381	171	552	0.00002
Halomonas sp. KO116	1504981	S	369	164	533	0.00001
Halomonas sp. R57-5	1610576	S	334	146	480	0.00001
Halomonas sp. 18071143	2855441	S	312	732	1044	0.00003
Halomonas sp. SS10-MC5	2854257	S	295	2548	2843	0.00008
Halomonas sp. SF2003	2136172	S	234	838	1072	0.00003
Halomonas sp. NyZ770	2883106	S	225	972	1197	0.00003
Halomonas sp. GFAJ-1	1118153	S	224	51	275	0.00001
Halomonas sp. TD01	999141	S	137	76	213	0.00001
Halomonas sp. hl-4	1761789	S	127	766	893	0.00002
Halomonas sp. HL-93	1666906	S	117	728	845	0.00002
Halomonas beimenensis	475662	S	3791	787	4578	0.00013
Halomonas aestuarii	1897729	S	2980	650	3630	0.00010
Halomonas socia	1081866	S	2486	491	2977	0.00008
Halomonas sulfidivorans	2733488	S	2140	454	2594	0.00007
Halomonas tianxiuensis	2497861	S	2072	466	2538	0.00007
Halomonas elongata	2746	S	1939	216	2155	0.00006
Halomonas chromatireducens	507626	S	1570	128	1698	0.00005
Halomonas meridiana	29570	S	1027	871	1898	0.00005
Halomonas subglaciescola	29571	S	1010	130	1140	0.00003
Halomonas huangheensis	1178482	S	849	55	904	0.00003
Halomonas piezotolerans	2609667	S	640	383	1023	0.00003
Halomonas sulfidoxydans	2733484	S	353	2998	3351	0.00009
Halomonas profundi	2852117	S	332	56	388	0.00001
Halomonas titanicae	664683	S	265	1312	1577	0.00004
Halomonas hydrothermalis	115561	S	221	647	868	0.00002
Halomonas venusta	44935	S	144	183	327	0.00001
Cobetia sp. L2A1	2686360	S	584	76	660	0.00002
Cobetia sp. cqz5-12	2609415	S	529	650	1179	0.00003
Cobetia sp. 4B	2758724	S	224	849	1073	0.00003
Cobetia sp. AM6	2661553	S	184	946	1130	0.00003
Cobetia pacifica	1055101	S	248	850	1098	0.00003
Cobetia amphilecti	1055104	S	158	912	1070	0.00003
Halotalea alkalilenta	376489	S	3604	734	4338	0.00012
Salinicola tamaricis	1771309	S	3400	417	3817	0.00011
Kushneria phosphatilytica	657387	S	837	38	875	0.00002
Kushneria marisflavi	157779	S	741	145	886	0.00002
Kushneria konosiri	698828	S	696	140	836	0.00002
Chromohalobacter salexigens	158080	S	2260	266	2526	0.00007
Pistricoccus aurantiacus	1883414	S	1379	104	1483	0.00004
Zymobacter palmae	33074	S	404	59	463	0.00001
Alcanivorax sp. N3-2A	2014542	S	2526	3120	5646	0.00016
Alcanivorax pacificus	1306787	S	2007	730	2737	0.00008
Alcanivorax dieselolei	285091	S	1141	586	1727	0.00005
Alcanivorax xenomutans	1094342	S	1054	794	1848	0.00005
Ketobacter alkanivorans	1917421	S	338	22	360	0.00001
Marinobacterium aestuarii	1821621	S	1145	93	1238	0.00003
Marinobacterium georgiense	48076	S	470	161	631	0.00002
Marinobacterium sediminicola	518898	S	469	71	540	0.00002
Marinomonas primoryensis	178399	S	112	55	167	0.00000
Thalassolituus sp. C2-1	2597518	S	336	25	361	0.00001
Thalassolituus oleivorans	187493	S	143	34	177	0.00000
Venatorbacter cucullus	2661630	S	358	93	451	0.00001
Bacterioplanes sanyensis	1249553	S	298	18	316	0.00001
Nitrincola iocasae	2614693	S	207	33	240	0.00001
Amphritea japonica	452627	S	146	13	159	0.00000
Hahella chejuensis	158327	S	750	110	860	0.00002
Hahella sp. KA22	1628392	S	739	122	861	0.00002
Saccharospirillum mangrovi	2161747	S	863	53	916	0.00003
Reinekea forsetii	1336806	S	379	22	401	0.00001
Gynuella sunshinyii	1445505	S	256	8	264	0.00001
Litoricola lipolytica	418701	S	551	29	580	0.00002
Oleiphilus messinensis	141451	S	201	13	214	0.00001
Endozoicomonas montiporae	1027273	S	159	10	169	0.00000
Spartinivicinus ruber	2683272	S	109	3	112	0.00000
Aeromonas hydrophila	644	S	3266	12157	15423	0.00043
Aeromonas sp. FDAARGOS 1415	2778064	S	690	464	1154	0.00003
Aeromonas sp. CA23	2033032	S	572	271	843	0.00002
Aeromonas sp. FDAARGOS 1409	2778058	S	286	479	765	0.00002
Aeromonas sp. CU5	2033033	S	281	135	416	0.00001
Aeromonas sp. FDAARGOS 1407	2778056	S	121	407	528	0.00001
Aeromonas sp. 1805	2560028	S	108	337	445	0.00001
Aeromonas veronii	654	S	2012	4654	6666	0.00019
Aeromonas media	651	S	1503	3086	4589	0.00013
Aeromonas schubertii	652	S	1458	440	1898	0.00005
Aeromonas encheleia	73010	S	1413	520	1933	0.00005
Aeromonas salmonicida	645	S	1243	1500	2743	0.00008
Aeromonas simiae	218936	S	1155	1296	2451	0.00007
Aeromonas caviae	648	S	1083	9298	10381	0.00029
Aeromonas enteropelogenes	29489	S	841	737	1578	0.00004
Aeromonas rivuli	648794	S	749	223	972	0.00003
Aeromonas dhakensis	196024	S	610	1304	1914	0.00005
Aeromonas jandaei	650	S	576	622	1198	0.00003
Aeromonas sanarellii	633415	S	196	949	1145	0.00003
Aeromonas rivipollensis	948519	S	137	231	368	0.00001
Aeromonas allosaccharophila	656	S	116	191	307	0.00001
Zobellella denitrificans	347534	S	2560	590	3150	0.00009
Oceanimonas sp. GK1	511062	S	1220	256	1476	0.00004
Dongshaea marina	2047966	S	309	32	341	0.00001
Oceanisphaera profunda	1416627	S	169	30	199	0.00001
Tolumonas auensis	43948	S	195	83	278	0.00001
Methylococcus sp. EFPC2	2812648	S	2766	203	2969	0.00008
Methylococcus sp. Mc7	2860258	S	2428	769	3197	0.00009
Methylococcus capsulatus	414	S	2475	616	3091	0.00009
Methylococcus geothermalis	2681310	S	2041	567	2608	0.00007
Methylomonas sp. LL1	2785785	S	767	36	803	0.00002
Methylomonas sp. DH-1	1727196	S	364	578	942	0.00003
Methylomonas sp. LW13	107637	S	336	194	530	0.00001
Methylomonas sp. EFPC1	2812647	S	306	188	494	0.00001
Methylomonas koyamae	702114	S	997	856	1853	0.00005
Methylomonas rhizoryzae	2608981	S	794	33	827	0.00002
Methylomonas denitrificans	1538553	S	649	43	692	0.00002
Methylomonas methanica	421	S	603	30	633	0.00002
Methylomonas paludis	1173101	S	196	9	205	0.00001
Methylomagnum ishizawai	1760988	S	3423	161	3584	0.00010
Methylogaea oryzae	1295382	S	2783	223	3006	0.00008
Methylomicrobium album	39775	S	2267	95	2362	0.00007
Methylomicrobium sp. wino1	2049332	S	417	300	717	0.00002
Methylocaldum marinum	1432792	S	2648	157	2805	0.00008
Candidatus Methylospira mobilis	1808979	S	971	45	1016	0.00003
Methylotuvimicrobium alcaliphilum	271065	S	241	285	526	0.00001
Methylotuvimicrobium buryatense	95641	S	238	241	479	0.00001
Methylovulum psychrotolerans	1704499	S	441	10	451	0.00001
Methylobacter sp. S3L5C	2839024	S	144	9	153	0.00000
Solimonas sp. K1W22B-7	2303331	S	9307	994	10301	0.00029
Flagellatimonas centrodinii	2806210	S	2966	197	3163	0.00009
Sinimarinibacterium sp. NLF-5-8	2698684	S	1442	788	2230	0.00006
Steroidobacter denitrificans	465721	S	7310	1919	9229	0.00026
Microbulbifer sp. YPW16	2904242	S	1379	122	1501	0.00004
Microbulbifer sp. SH-1	2681547	S	1113	161	1274	0.00004
Microbulbifer sp. YPW1	2745199	S	771	127	898	0.00003
Microbulbifer sp. ALW1	1516059	S	723	114	837	0.00002
Microbulbifer sp. THAF38	2587856	S	259	80	339	0.00001
Microbulbifer sp. GL-2	2591606	S	216	34	250	0.00001
Microbulbifer sp. A4B17	359370	S	197	42	239	0.00001
Microbulbifer aggregans	1769779	S	827	96	923	0.00003
Microbulbifer celer	435905	S	787	91	878	0.00002
Microbulbifer hydrolyticus	48074	S	730	122	852	0.00002
Microbulbifer thermotolerans	252514	S	699	43	742	0.00002
Microbulbifer elongatus	86173	S	676	101	777	0.00002
Microbulbifer agarilyticus	260552	S	510	53	563	0.00002
Microbulbifer variabilis	266805	S	226	73	299	0.00001
Kineobactrum salinum	2708301	S	1788	69	1857	0.00005
Halioglobus japonicus	930805	S	792	37	829	0.00002
Halioglobus maricola	2601894	S	642	25	667	0.00002
Congregibacter litoralis	393662	S	702	273	975	0.00003
Aequoribacter fuscus	2518989	S	221	25	246	0.00001
Cellvibrio sp. PSBB006	1987723	S	494	15	509	0.00001
Cellvibrio sp. KY-YJ-3	454662	S	312	35	347	0.00001
Cellvibrio sp. KY-GH-1	2303332	S	303	19	322	0.00001
Cellvibrio sp. PSBB023	1945512	S	298	25	323	0.00001
Cellvibrio japonicus	155077	S	371	24	395	0.00001
Simiduia agarivorans	447471	S	633	32	665	0.00002
Teredinibacter turnerae	2426	S	336	13	349	0.00001
Teredinibacter haidensis	2731755	S	178	9	187	0.00001
Teredinibacter purpureus	2731756	S	116	4	120	0.00000
Marinagarivorans sp. GE09	2721545	S	133	9	142	0.00000
Saccharophagus degradans	86304	S	118	3	121	0.00000
Agarilytica rhodophyticola	1737490	S	105	2	107	0.00000
Spongiibacter nanhainus	2794344	S	626	58	684	0.00002
Spongiibacter taiwanensis	1748242	S	619	26	645	0.00002
Spongiibacter sp. IMCC21906	1620392	S	162	37	199	0.00001
Zhongshania aliphaticivorans	1470434	S	275	16	291	0.00001
Oceanicoccus sagamiensis	716816	S	145	3	148	0.00000
Shewanella sp. FJAT-53555	2864204	S	158	195	353	0.00001
Shewanella sp. FJAT-53532	2864203	S	129	318	447	0.00001
Shewanella sp. FJAT-53764	2864207	S	117	262	379	0.00001
Shewanella sp. FJAT-54031	2864209	S	116	251	367	0.00001
Shewanella sp. FJAT-53681	2864205	S	108	251	359	0.00001
Shewanella khirikhana	1965282	S	449	86	535	0.00001
Shewanella algae	38313	S	444	488	932	0.00003
Shewanella cyperi	2814292	S	373	275	648	0.00002
Shewanella litorisediminis	1173586	S	282	88	370	0.00001
Shewanella marisflavi	260364	S	256	55	311	0.00001
Shewanella sedimentimangrovi	2814293	S	207	216	423	0.00001
Shewanella amazonensis	60478	S	204	66	270	0.00001
Shewanella baltica	62322	S	199	290	489	0.00001
Shewanella putrefaciens	24	S	193	828	1021	0.00003
Shewanella yunxiaonensis	2829809	S	157	27	184	0.00001
Shewanella avicenniae	2814294	S	156	26	182	0.00001
Shewanella sediminis	271097	S	150	21	171	0.00000
Shewanella dokdonensis	712036	S	147	17	164	0.00000
Shewanella loihica	359303	S	114	271	385	0.00001
Shewanella psychropiezotolerans	2593655	S	106	24	130	0.00000
Alteromonas sp. RKMC-009	2267264	S	181	154	335	0.00001
Alteromonas macleodii	28108	S	245	121	366	0.00001
Alteromonas mediterranea	314275	S	150	439	589	0.00002
Alteromonas pelagimontana	1858656	S	107	13	120	0.00000
Salinimonas lutimaris	914153	S	186	36	222	0.00001
Salinimonas marina	2785918	S	162	19	181	0.00001
Salinimonas iocasae	2572577	S	149	30	179	0.00001
Salinimonas sediminis	2303538	S	116	28	144	0.00000
Hydrocarboniclastica marina	2259620	S	896	130	1026	0.00003
Lacimicrobium alkaliphilum	1526571	S	317	25	342	0.00001
Saliniradius amylolyticus	2183582	S	230	24	254	0.00001
Pseudoalteromonas sp. R3	1709477	S	128	106	234	0.00001
Pseudoalteromonas rubra	43658	S	332	90	422	0.00001
Pseudoalteromonas viridis	339617	S	185	98	283	0.00001
Pseudoalteromonas luteoviolacea	43657	S	145	28	173	0.00000
Pseudoalteromonas piscicida	43662	S	110	482	592	0.00002
Ferrimonas balearica	44012	S	1011	131	1142	0.00003
Ferrimonas lipolytica	2724191	S	136	21	157	0.00000
Idiomarina sp. OT37-5b	2100422	S	173	83	256	0.00001
Sulfurifustis variabilis	1675686	S	10517	715	11232	0.00031
Sulfuricaulis limicola	1620215	S	4174	336	4510	0.00013
Acidiferrobacter sp. SPIII_3	1281578	S	1687	331	2018	0.00006
Acidiferrobacter thiooxydans	163359	S	1397	275	1672	0.00005
Vibrio parahaemolyticus	670	S	340	168	508	0.00001
Vibrio alginolyticus	663	S	107	279	386	0.00001
Vibrio harveyi	669	S	103	56	159	0.00000
Vibrio sp. OG9-811	2841925	S	262	57	319	0.00001
Vibrio sp. B1FLJ16	2751178	S	112	33	145	0.00000
Vibrio fluvialis	676	S	505	109	614	0.00002
Vibrio furnissii	29494	S	450	169	619	0.00002
Vibrio vulnificus	672	S	375	95	470	0.00001
Vibrio cholerae	666	S	227	2016	2243	0.00006
Vibrio navarrensis	29495	S	183	70	253	0.00001
Vibrio mimicus	674	S	174	55	229	0.00001
Vibrio anguillarum	55601	S	162	49	211	0.00001
Vibrio cyclitrophicus	47951	S	129	48	177	0.00000
Vibrio coralliilyticus	190893	S	122	74	196	0.00001
Vibrio nigripulchritudo	28173	S	116	39	155	0.00000
Vibrio spartinae	1918945	S	114	15	129	0.00000
Vibrio mediterranei	689	S	111	13	124	0.00000
Vibrio scophthalmi	45658	S	108	22	130	0.00000
Vibrio metoecus	1481663	S	106	51	157	0.00000
Vibrio maritimus	990268	S	104	13	117	0.00000
Photobacterium sp. TLY01	2907534	S	263	52	315	0.00001
Photobacterium sp. GJ3	2829502	S	238	36	274	0.00001
Photobacterium gaetbulicola	1295392	S	408	42	450	0.00001
Photobacterium ganghwense	320778	S	290	75	365	0.00001
Photobacterium damselae	38293	S	155	89	244	0.00001
Salinivibrio kushneri	1908198	S	183	136	319	0.00001
Grimontia hollisae	673	S	173	25	198	0.00001
Thaumasiovibrio subtropicus	1891207	S	110	16	126	0.00000
Acinetobacter sp. WCHAc010034	1879049	S	384	213	597	0.00002
Acinetobacter baumannii	470	S	233	1642	1875	0.00005
Acinetobacter lwoffii	28090	S	249	456	705	0.00002
Acinetobacter indicus	756892	S	215	217	432	0.00001
Acinetobacter johnsonii	40214	S	148	180	328	0.00001
Moraxella osloensis	34062	S	190	98	288	0.00001
Aquirhabdus parva	2283318	S	147	7	154	0.00000
Immundisolibacter cernigliae	1810504	S	5149	992	6141	0.00017
Candidatus Endoriftia persephone	393765	S	1410	75	1485	0.00004
Sedimenticola thiotaurini	1543721	S	922	43	965	0.00003
Candidatus Reidiella endopervernicosa	2738883	S	724	16	740	0.00002
Thiolapillus brandeum	1076588	S	549	15	564	0.00002
Pseudohongiella spirulinae	1249552	S	465	13	478	0.00001
Gallaecimonas mangrovi	2291597	S	295	25	320	0.00001
Thiomicrorhabdus xiamenensis	2739063	S	185	14	199	0.00001
Methylophaga frappieri	754477	S	133	69	202	0.00001
Methylophaga sp. TMB456	2881052	S	112	70	182	0.00001
Thiomicrospira sp. S5	1803865	S	117	101	218	0.00001
Hydrogenovibrio thermophilus	265883	S	109	83	192	0.00001
Thiothrix litoralis	2891210	S	411	28	439	0.00001
Thiothrix subterranea	2735563	S	268	63	331	0.00001
Thiothrix sp. CT3	96472	S	266	77	343	0.00001
Thiothrix unzii	111769	S	139	60	199	0.00001
Candidatus Thiothrix anitrata	2823902	S	112	54	166	0.00000
Salinisphaera sp. LB1	2183911	S	3539	162	3701	0.00010
Legionella sp. MW5194	2662448	S	172	69	241	0.00001
Legionella geestiana	45065	S	218	29	247	0.00001
Legionella pneumophila	446	S	198	161	359	0.00001
Legionella spiritensis	452	S	180	44	224	0.00001
Aquicella siphonis	254247	S	267	23	290	0.00001
Aquicella lusitana	254246	S	261	25	286	0.00001
Coxiella burnetii	777	S	192	75	267	0.00001
endosymbiont of unidentified scaly snail isolate Monju	1248727	S	2621	233	2854	0.00008
Aggregatibacter actinomycetemcomitans	714	S	129	95	224	0.00001
Actinobacillus sp. GY-402	2774188	S	105	100	205	0.00001
Pasteurella multocida	747	S	129	491	620	0.00002
Cardiobacterium hominis	2718	S	1148	231	1379	0.00004
Cardiobacterium sp. Marseille-Q4385	2866573	S	720	131	851	0.00002
Archangium violaceum	83451	S	45563	6580	52143	0.00146
Archangium gephyra	48	S	39821	6440	46261	0.00129
Cystobacter fuscus	43	S	24621	4857	29478	0.00082
Stigmatella aurantiaca	41	S	16837	1086	17923	0.00050
Melittangium boletus	83453	S	12230	2232	14462	0.00040
Myxococcus xanthus	34	S	18122	87115	105237	0.00294
Myxococcus hansupus	1297742	S	10033	728	10761	0.00030
Myxococcus stipitatus	83455	S	8862	802	9664	0.00027
Myxococcus sp. SCHIC003	2813577	S	7584	702	8286	0.00023
Corallococcus coralloides	184914	S	19568	6707	26275	0.00074
Corallococcus macrosporus	35	S	12571	1811	14382	0.00040
Corallococcus sp. EGB	1521117	S	10661	3351	14012	0.00039
Pyxidicoccus sp. SCPEA002	2813578	S	27175	1134	28309	0.00079
Anaeromyxobacter sp. Red232	2918170	S	25819	2665	28484	0.00080
Anaeromyxobacter sp. Fw109-5	404589	S	20738	2635	23373	0.00065
Anaeromyxobacter sp. Red630	2918171	S	19106	2578	21684	0.00061
Anaeromyxobacter sp. K	447217	S	5136	9456	14592	0.00041
Anaeromyxobacter dehalogenans	161493	S	16718	11612	28330	0.00079
Vulgatibacter incomptus	1391653	S	10614	873	11487	0.00032
Sorangium cellulosum	56	S	138250	15221	153471	0.00429
Polyangium aurulentum	2567896	S	51088	4230	55318	0.00155
Chondromyces crocatus	52	S	17608	744	18352	0.00051
Pajaroellobacter abortibovis	1882918	S	219	6	225	0.00001
Sandaracinus amylolyticus	927083	S	58033	3225	61258	0.00171
Labilithrix luteola	1391654	S	21950	921	22871	0.00064
Haliangium ochraceum	80816	S	26112	1363	27475	0.00077
Geomonas sp. RF6	2897342	S	4491	525	5016	0.00014
Geomonas paludis	2740185	S	3506	1532	5038	0.00014
Geomonas nitrogeniifigens	2847991	S	3376	1512	4888	0.00014
Geomonas subterranea	2847989	S	2928	1182	4110	0.00011
Geomonas oryzisoli	2847992	S	2854	1356	4210	0.00012
Geobacter sp. FeAm09	2597769	S	3007	339	3346	0.00009
Geobacter sp. SVR	2495594	S	2017	248	2265	0.00006
Geobacter sp. DSM 9736	1277350	S	1219	82	1301	0.00004
Geobacter sulfurreducens	35554	S	3411	661	4072	0.00011
Geobacter pickeringii	345632	S	3024	681	3705	0.00010
Geobacter metallireducens	28232	S	1982	399	2381	0.00007
Geobacter benzoatilyticus	2815309	S	1201	230	1431	0.00004
Citrifermentans bemidjiense	225194	S	2676	894	3570	0.00010
Citrifermentans bremense	60035	S	2651	962	3613	0.00010
Geotalea uraniireducens	351604	S	1480	101	1581	0.00004
Geotalea daltonii	1203471	S	838	62	900	0.00003
Geoalkalibacter subterraneus	483547	S	1298	890	2188	0.00006
Trichlorobacter lovleyi	313985	S	909	104	1013	0.00003
Desulfuromonas versatilis	2802975	S	5297	892	6189	0.00017
Desulfuromonas sp. DDH964	1823759	S	3862	638	4500	0.00013
Desulfuromonas sp. AOP6	1566351	S	1178	125	1303	0.00004
Desulfuromonas soudanensis	1603606	S	3262	351	3613	0.00010
Pelobacter propionicus	29543	S	2024	676	2700	0.00008
Syntrophotalea acetylenica	29542	S	1065	185	1250	0.00003
Syntrophotalea carbinolica	19	S	827	61	888	0.00002
Syntrophotalea acetylenivorans	1842532	S	550	71	621	0.00002
Pseudodesulfovibrio mercurii	641491	S	3040	642	3682	0.00010
Pseudodesulfovibrio indicus	1716143	S	2694	503	3197	0.00009
Pseudodesulfovibrio aespoeensis	182210	S	2064	1172	3236	0.00009
Pseudodesulfovibrio cashew	2678688	S	1568	282	1850	0.00005
Pseudodesulfovibrio sp. zrk46	2725288	S	647	105	752	0.00002
Pseudodesulfovibrio sp. SF6	2810563	S	646	61	707	0.00002
Pseudodesulfovibrio tunisiensis	463192	S	1192	113	1305	0.00004
Pseudodesulfovibrio profundus	57320	S	444	355	799	0.00002
Pseudodesulfovibrio piezophilus	879567	S	224	29	253	0.00001
Desulfovibrio sp. IOR2	2583823	S	1786	294	2080	0.00006
Desulfovibrio sp. 86	2666132	S	676	148	824	0.00002
Desulfovibrio sp. G11	631220	S	483	264	747	0.00002
Desulfovibrio vulgaris	881	S	2314	126	2440	0.00007
Desulfovibrio sulfodismutans	63561	S	2095	419	2514	0.00007
Desulfovibrio desulfuricans	876	S	1727	368	2095	0.00006
Desulfovibrio piger	901	S	1434	261	1695	0.00005
Desulfovibrio fairfieldensis	44742	S	1357	104	1461	0.00004
Desulfovibrio ferrophilus	241368	S	676	50	726	0.00002
Candidatus Desulfovibrio trichonymphae	1725232	S	262	20	282	0.00001
Solidesulfovibrio carbinoliphilus	345370	S	3778	415	4193	0.00012
Solidesulfovibrio carbinolicus	296842	S	1859	1240	3099	0.00009
Solidesulfovibrio magneticus	184917	S	1855	905	2760	0.00008
Oceanidesulfovibrio marinus	370038	S	3652	202	3854	0.00011
Desulfolutivibrio sulfoxidireducens	2773299	S	2593	562	3155	0.00009
Desulfocurvibacter africanus	873	S	2503	177	2680	0.00007
Megalodesulfovibrio gigas	879	S	2067	89	2156	0.00006
Oleidesulfovibrio alaskensis	58180	S	595	639	1234	0.00003
Maridesulfovibrio salexigens	880	S	216	24	240	0.00001
Maridesulfovibrio hydrothermalis	191026	S	135	15	150	0.00000
Paradesulfovibrio bizertensis	376490	S	325	29	354	0.00001
Desulfomicrobium baculatum	899	S	1737	120	1857	0.00005
Desulfomicrobium orale	132132	S	882	181	1063	0.00003
Desulfohalobium retbaense	45663	S	628	28	656	0.00002
Desulfosarcina ovata	83564	S	1959	97	2056	0.00006
Desulfosarcina alkanivorans	571177	S	1760	600	2360	0.00007
Desulfosarcina widdelii	947919	S	1501	147	1648	0.00005
Desulfococcus multivorans	897	S	1459	222	1681	0.00005
Desulfatibacillum aliphaticivorans	218208	S	1125	30	1155	0.00003
Desulfoluna sp. ASN36	2810562	S	993	44	1037	0.00003
Desulfonema magnum	45655	S	496	11	507	0.00001
Desulfonema limicola	45656	S	111	6	117	0.00000
Desulfobacter hydrogenophilus	2291	S	225	30	255	0.00001
Desulfobacter postgatei	2293	S	209	26	235	0.00001
Desulforapulum autotrophicum	2296	S	319	28	347	0.00001
Desulfobacula toluolica	28223	S	113	7	120	0.00000
Desulfobulbus propionicus	894	S	1721	89	1810	0.00005
Desulfobulbus oralis	1986146	S	1150	194	1344	0.00004
Desulfobulbus oligotrophicus	1909699	S	351	232	583	0.00002
Desulfurivibrio alkaliphilus	427923	S	1349	67	1416	0.00004
Desulfomarina profundi	2772557	S	171	14	185	0.00001
Desulfosudis oleivorans	181663	S	1172	57	1229	0.00003
Desulfosediminicola ganghwensis	2569540	S	303	31	334	0.00001
Desulfosediminicola flagellatus	2569541	S	191	18	209	0.00001
Desulfotalea psychrophila	84980	S	187	31	218	0.00001
Desulfocapsa sulfexigens	65555	S	126	7	133	0.00000
Persicimonas caeni	2292766	S	10080	302	10382	0.00029
Bradymonas sediminis	1548548	S	3451	227	3678	0.00010
Bradymonadales bacterium V1718	2600177	S	1127	48	1175	0.00003
Desulfarculus baarsii	453230	S	4126	1870	5996	0.00017
Syntrophobacter fumaroxidans	119484	S	2141	685	2826	0.00008
Desulfoglaeba alkanexedens	361111	S	1645	84	1729	0.00005
Desulfomonile tiedjei	2358	S	721	6	727	0.00002
Desulfobacca acetoxidans	60893	S	678	16	694	0.00002
Syntrophus aciditrophicus	316277	S	569	39	608	0.00002
Dissulfurimicrobium hydrothermale	1750598	S	341	23	364	0.00001
Candidatus Desulfofervidus auxilii	1621989	S	128	3	131	0.00000
Campylobacter gracilis	824	S	257	38	295	0.00001
Campylobacter showae	204	S	210	120	330	0.00001
Campylobacter curvus	200	S	209	46	255	0.00001
Campylobacter concisus	199	S	201	53	254	0.00001
Campylobacter rectus	203	S	127	84	211	0.00001
Sulfurimonas sp. HSL-3221	2894755	S	1115	126	1241	0.00003
Helicobacter pylori	210	S	285	167	452	0.00001
Nitratifractor salsuginis	269261	S	549	45	594	0.00002
Sulfurovum indicum	2779528	S	131	116	247	0.00001
Hydrogenimonas urashimensis	2740515	S	547	57	604	0.00002
Sulfurospirillum cavolei	366522	S	124	40	164	0.00000
Nitrosophilus alvini	2714855	S	135	118	253	0.00001
Acidithiobacillus caldus	33059	S	1144	246	1390	0.00004
Acidithiobacillus ferrivorans	160808	S	685	235	920	0.00003
Acidithiobacillus ferrooxidans	920	S	549	782	1331	0.00004
Acidithiobacillus ferriphilus	1689834	S	285	104	389	0.00001
Acidithiobacillus thiooxidans	930	S	254	23	277	0.00001
Bdellovibrio bacteriovorus	959	S	795	71	866	0.00002
Bdellovibrio sp. LBG001	2835041	S	215	17	232	0.00001
Bdellovibrio sp. ZAP7	2231053	S	139	37	176	0.00000
Bdellovibrio sp. NC01	2220073	S	135	10	145	0.00000
Bdellovibrio sp. KM01	2748865	S	106	30	136	0.00000
Bacteriovorax stolpii	960	S	122	23	145	0.00000
Hydrogenophilus thermoluteolus	297	S	1260	290	1550	0.00004
Mariprofundus ferrinatatus	1921087	S	400	37	437	0.00001
Mariprofundus aestuarium	1921086	S	286	32	318	0.00001
Gemmata obscuriglobus	114	S	27587	3944	31531	0.00088
Gemmata massiliana	1210884	S	12394	5044	17438	0.00049
Gemmata sp. SH-PL17	1630693	S	11263	5164	16427	0.00046
Urbifossiella limnaea	2528023	S	53199	4497	57696	0.00161
Frigoriglobus tundricola	2774151	S	32300	4838	37138	0.00104
Limnoglobus roseus	2598579	S	24104	1052	25156	0.00070
Tuwongella immobilis	692036	S	2584	97	2681	0.00008
Telmatocola sphagniphila	1123043	S	2190	20	2210	0.00006
Aquisphaera giovannonii	406548	S	41396	6347	47743	0.00134
Tautonia plasticadhaerens	2527974	S	40988	3397	44385	0.00124
Singulisphaera acidiphila	466153	S	27097	3429	30526	0.00085
Paludisphaera borealis	1387353	S	26405	4991	31396	0.00088
Isosphaera pallida	128	S	3792	242	4034	0.00011
Lacipirellula parvula	2650471	S	11502	1236	12738	0.00036
Lacipirellula limnantheis	2528024	S	10346	1279	11625	0.00033
Pirellulimonas nuda	2528009	S	10847	1090	11937	0.00033
Botrimarina mediterranea	2528022	S	9523	819	10342	0.00029
Aeoliella mucimassa	2527972	S	3244	242	3486	0.00010
Adhaeretor mobilis	1930276	S	1932	168	2100	0.00006
Bythopirellula goksoeyrii	1400387	S	1573	102	1675	0.00005
Stieleria neptunia	2527979	S	3730	367	4097	0.00011
Stieleria maiorica	2795974	S	3682	626	4308	0.00012
Lignipirellula cremea	2528010	S	7119	684	7803	0.00022
Rosistilla oblonga	2527990	S	2179	937	3116	0.00009
Rosistilla carotiformis	2528017	S	1466	552	2018	0.00006
Rosistilla ulvae	1930277	S	1387	742	2129	0.00006
Anatilimnocola aggregata	2528021	S	6726	603	7329	0.00021
Pirellula staleyi	125	S	3370	111	3481	0.00010
Pirellula sp. SH-Sr6A	1632865	S	1038	25	1063	0.00003
Bremerella volcania	2527984	S	4404	274	4678	0.00013
Roseimaritima ulvae	980254	S	2966	154	3120	0.00009
Roseimaritima multifibrata	1930274	S	880	79	959	0.00003
Rubripirellula lacrimiformis	1930273	S	1898	298	2196	0.00006
Rhodopirellula baltica	265606	S	1302	75	1377	0.00004
Mariniblastus fucicola	980251	S	1288	21	1309	0.00004
Aureliella helgolandensis	2527968	S	1173	80	1253	0.00004
Thermogutta terrifontis	1331910	S	1152	32	1184	0.00003
Planctomyces sp. SH-PL62	1636152	S	24843	7403	32246	0.00090
Planctomyces sp. SH-PL14	1632864	S	12755	713	13468	0.00038
Caulifigura coniformis	2527983	S	10735	620	11355	0.00032
Gimesia panareensis	2527978	S	2668	278	2946	0.00008
Gimesia chilikensis	2605989	S	1628	909	2537	0.00007
Gimesia maris	122	S	1096	152	1248	0.00003
Gimesia fumaroli	2527976	S	671	122	793	0.00002
Gimesia algae	2527971	S	663	151	814	0.00002
Gimesia alba	2527973	S	642	102	744	0.00002
Gimesia benthica	2608982	S	462	602	1064	0.00003
Gimesia aquarii	2527964	S	443	24	467	0.00001
Alienimonas californiensis	2527989	S	9168	609	9777	0.00027
Maioricimonas rarisocia	2528026	S	7996	862	8858	0.00025
Symmachiella dynata	2527995	S	3431	173	3604	0.00010
Fuerstiella marisgermanici	1891926	S	1939	29	1968	0.00006
Rubinisphaera brasiliensis	119	S	1809	157	1966	0.00006
Crateriforma conspicua	2527996	S	1750	289	2039	0.00006
Planctopirus ephydatiae	2528019	S	676	231	907	0.00003
Planctopirus limnophila	120	S	607	194	801	0.00002
Calycomorphotria hydatis	2528027	S	1601	52	1653	0.00005
Polystyrenella longa	2528007	S	747	55	802	0.00002
Thalassoglobus polymorphus	2527994	S	660	29	689	0.00002
Humisphaera borealis	2807512	S	35383	986	36369	0.00102
Phycisphaera mikurensis	547188	S	9372	832	10204	0.00029
Mucisphaera calidilacus	2527982	S	4176	245	4421	0.00012
Poriferisphaera corsica	2528020	S	452	3	455	0.00001
Anaerohalosphaera lusitana	1936003	S	750	22	772	0.00002
Limihaloglobus sulfuriphilus	1851148	S	356	15	371	0.00001
Sedimentisphaera salicampi	1941349	S	133	20	153	0.00000
Sedimentisphaera cyanobacteriorum	1940790	S	102	97	199	0.00001
Candidatus Kuenenia stuttgartiensis	174633	S	273	1	274	0.00001
Candidatus Uabimicrobium amorphum	2596890	S	187	3	190	0.00001
Opitutus terrae	107709	S	11978	590	12568	0.00035
Opitutus sp. GAS368	1882749	S	9427	1468	10895	0.00030
Lacunisphaera limnophila	1838286	S	7200	1052	8252	0.00023
Oleiharenicola sp. KSB-15	2862869	S	5771	324	6095	0.00017
Nibricoccus aquaticus	2576891	S	5216	244	5460	0.00015
Ereboglobus luteus	1796921	S	3770	191	3961	0.00011
Ruficoccus sp. ZRK36	2866311	S	1738	308	2046	0.00006
Coraliomargarita akajimensis	395922	S	489	15	504	0.00001
Verrucomicrobium sp. GAS474	1882831	S	6286	668	6954	0.00019
Verrucomicrobium spinosum	2736	S	3526	210	3736	0.00010
Luteolibacter ambystomatis	2824561	S	3990	290	4280	0.00012
Luteolibacter luteus	2728835	S	3825	189	4014	0.00011
Roseimicrobium sp. ORNL1	2711231	S	4970	179	5149	0.00014
Sulfuriroseicoccus oceanibius	2707525	S	1247	132	1379	0.00004
Akkermansia muciniphila	239935	S	2252	262	2514	0.00007
Akkermansia glycaniphila	1679444	S	904	58	962	0.00003
Methylacidimicrobium sp. AP8	2730359	S	1586	224	1810	0.00005
Methylacidimicrobium sp. B4	2796139	S	1387	263	1650	0.00005
Candidatus Xiphinematobacter sp. Idaho Grape	1704307	S	600	44	644	0.00002
Kiritimatiella glycovorans	1307763	S	2008	2096	4104	0.00011
Tichowtungia aerotolerans	2697043	S	765	24	789	0.00002
Candidatus Velamenicoccus archaeovorus	1930593	S	556	2	558	0.00002
Hymenobacter sp. 5317J-9	2932250	S	3108	595	3703	0.00010
Hymenobacter sp. PAMC 26628	1484118	S	2631	519	3150	0.00009
Hymenobacter sp. PAMC 26554	1484116	S	2442	209	2651	0.00007
Hymenobacter sp. APR13	1356852	S	2170	744	2914	0.00008
Hymenobacter sp. BRD128	2675878	S	2167	248	2415	0.00007
Hymenobacter sp. 5116S-27	2932249	S	1769	241	2010	0.00006
Hymenobacter sp. 5116S-3	2932248	S	1690	224	1914	0.00005
Hymenobacter sp. BT18	2835648	S	1433	158	1591	0.00004
Hymenobacter sp. DG01	2584940	S	1338	310	1648	0.00005
Hymenobacter sp. NBH84	2596915	S	1270	162	1432	0.00004
Hymenobacter sp. 5420S-77	2932254	S	1267	141	1408	0.00004
Hymenobacter sp. 5413J-13	2932251	S	1178	146	1324	0.00004
Hymenobacter sp. S2-20-2	2761579	S	1037	135	1172	0.00003
Hymenobacter sp. BRD67	2675877	S	963	714	1677	0.00005
Hymenobacter sp. DG25B	1385664	S	882	279	1161	0.00003
Hymenobacter sp. DG25A	1385663	S	751	245	996	0.00003
Hymenobacter sp. HDW8	2714932	S	575	1412	1987	0.00006
Hymenobacter sp. 5516J-16	2932253	S	369	1391	1760	0.00005
Hymenobacter sp. 5516S-25	2933777	S	352	1250	1602	0.00004
Hymenobacter monticola	1705399	S	3010	446	3456	0.00010
Hymenobacter sedentarius	1411621	S	2837	348	3185	0.00009
Hymenobacter busanensis	2607656	S	2615	237	2852	0.00008
Hymenobacter nivis	1850093	S	1969	398	2367	0.00007
Hymenobacter oligotrophus	2319843	S	1803	166	1969	0.00006
Hymenobacter qilianensis	1385715	S	1610	228	1838	0.00005
Hymenobacter jejuensis	2502781	S	1507	95	1602	0.00004
Hymenobacter swuensis	1446467	S	1317	231	1548	0.00004
Hymenobacter tibetensis	497967	S	1137	141	1278	0.00004
Hymenobacter baengnokdamensis	2615203	S	1032	853	1885	0.00005
Hymenobacter radiodurans	2496028	S	506	1299	1805	0.00005
Pontibacter russatus	2694929	S	2160	192	2352	0.00007
Pontibacter pudoricolor	2694930	S	1439	141	1580	0.00004
Pontibacter actiniarum	323450	S	1170	241	1411	0.00004
Pontibacter akesuensis	388950	S	936	116	1052	0.00003
Pontibacter sp. SGAir0037	2571030	S	586	85	671	0.00002
Pontibacter korlensis	400092	S	492	60	552	0.00002
Adhaeribacter radiodurans	2745197	S	2957	233	3190	0.00009
Adhaeribacter swui	2086471	S	2151	193	2344	0.00007
Rufibacter radiotolerans	1379910	S	1980	182	2162	0.00006
Rufibacter tibetensis	512763	S	1437	191	1628	0.00005
Rufibacter sp. DG15C	1379909	S	1097	386	1483	0.00004
Nibribacter ruber	2698458	S	1101	375	1476	0.00004
Spirosoma sp. CJU-R4	2728024	S	1235	79	1314	0.00004
Spirosoma sp. KUDC1026	2745947	S	735	56	791	0.00002
Spirosoma sp. KCTC 42546	2520506	S	624	69	693	0.00002
Spirosoma sp. RHs26	2898794	S	570	35	605	0.00002
Spirosoma sp. KCTC 72228	2710596	S	483	54	537	0.00002
Spirosoma rigui	564064	S	1032	61	1093	0.00003
Spirosoma taeanense	2735870	S	944	70	1014	0.00003
Spirosoma montaniterrae	1178516	S	884	45	929	0.00003
Spirosoma radiotolerans	1379870	S	585	36	621	0.00002
Spirosoma pollinicola	2057025	S	568	70	638	0.00002
Spirosoma endbachense	2666025	S	554	245	799	0.00002
Spirosoma aerolatum	1211326	S	541	22	563	0.00002
Spirosoma aureum	2692134	S	440	233	673	0.00002
Rhodocytophaga rosea	2704465	S	2772	87	2859	0.00008
Aquirufa sp. 9H-EGSE	2696560	S	159	28	187	0.00001
Aquirufa nivalisilvae	2516557	S	102	15	117	0.00000
Cytophaga hutchinsonii	985	S	210	15	225	0.00001
Dyadobacter fermentans	94254	S	1769	137	1906	0.00005
Dyadobacter sp. LJ419	2906456	S	659	40	699	0.00002
Dyadobacter sp. NIV53	2861765	S	379	20	399	0.00001
Dyadobacter sandarakinus	2747268	S	690	56	746	0.00002
Fibrella aestuarina	651143	S	1794	114	1908	0.00005
Fibrella sp. ES10-3-2-2	1834519	S	782	45	827	0.00002
Runella slithyformis	106	S	608	37	645	0.00002
Runella rosea	2259595	S	424	32	456	0.00001
Runella sp. SP2	2268026	S	380	18	398	0.00001
Larkinella sp. IE-0392	2907205	S	512	29	541	0.00002
Leadbetterella byssophila	316068	S	127	64	191	0.00001
Arcticibacterium luteifluviistationis	1784714	S	121	7	128	0.00000
Chryseolinea soli	2321403	S	2917	81	2998	0.00008
Fulvivirga sp. SS9-22	2904245	S	257	18	275	0.00001
Fulvivirga sp. W9P-11	2904246	S	195	50	245	0.00001
Fulvivirga sp. SW1-E11	2904247	S	190	67	257	0.00001
Fulvivirga lutea	2810512	S	146	11	157	0.00000
Echinicola sp. SCS 3-6	2859768	S	141	44	185	0.00001
Echinicola sp. 20G	2781961	S	139	15	154	0.00000
Echinicola strongylocentroti	1795355	S	195	24	219	0.00001
Echinicola vietnamensis	390884	S	194	75	269	0.00001
Echinicola soli	2591634	S	177	13	190	0.00001
Echinicola rosea	1807691	S	175	55	230	0.00001
Algoriphagus sp. Y33	2772483	S	187	13	200	0.00001
Algoriphagus sp. NBT04N3	2705473	S	134	33	167	0.00000
Algoriphagus sanaruensis	1727163	S	164	16	180	0.00001
Algoriphagus machipongonensis	388413	S	135	9	144	0.00000
Cyclobacterium amurskyense	320787	S	146	14	160	0.00000
Cyclobacterium marinum	104	S	123	27	150	0.00000
Aquiflexum balticum	280473	S	173	20	193	0.00001
Belliella baltica	232259	S	114	45	159	0.00000
Mongoliitalea daihaiensis	2782006	S	106	9	115	0.00000
Marivirga tractuosa	1006	S	153	37	190	0.00001
Mangrovivirga cuniculi	2715131	S	131	8	139	0.00000
Bernardetia litoralis	999	S	104	8	112	0.00000
Chitinophaga sp. XS-30	2604421	S	1527	575	2102	0.00006
Chitinophaga sp. KRA15-503	2829818	S	939	526	1465	0.00004
Chitinophaga oryzae	2725414	S	1614	232	1846	0.00005
Chitinophaga filiformis	104663	S	1178	180	1358	0.00004
Chitinophaga pinensis	79329	S	887	181	1068	0.00003
Chitinophaga alhagiae	2203219	S	802	41	843	0.00002
Chitinophaga agri	2703787	S	721	177	898	0.00003
Chitinophaga caeni	2029983	S	459	75	534	0.00001
Niastella koreensis	354356	S	7916	761	8677	0.00024
Flavisolibacter ginsenosidimutans	661481	S	3099	177	3276	0.00009
Flavisolibacter tropicus	1492898	S	2143	301	2444	0.00007
Pseudocnuella soli	2502779	S	4913	558	5471	0.00015
Arachidicoccus sp. 5GH13-10	2875539	S	1064	168	1232	0.00003
Arachidicoccus sp. BS20	1850526	S	658	231	889	0.00002
Arachidicoccus sp. B3-10	2545455	S	301	22	323	0.00001
Arachidicoccus ginsenosidivorans	496057	S	647	100	747	0.00002
Arachidicoccus soli	2341117	S	510	53	563	0.00002
Flavihumibacter sp. IMCC34838	2838156	S	1279	120	1399	0.00004
Flavihumibacter sp. IMCC34837	2838157	S	1279	94	1373	0.00004
Paraflavitalea soli	2315862	S	2552	179	2731	0.00008
Panacibacter ginsenosidivorans	1813871	S	2333	103	2436	0.00007
Niabella soli	446683	S	1071	114	1185	0.00003
Niabella ginsenosidivorans	1176587	S	1043	93	1136	0.00003
Pseudobacter ginsenosidimutans	661488	S	2004	160	2164	0.00006
Ferruginibacter sp. KIS38-8	2875540	S	977	93	1070	0.00003
Ferruginibacter lapsinanis	563172	S	870	82	952	0.00003
Lacibacter sp. S13-6-6	2760713	S	1604	68	1672	0.00005
Phnomibacter ginsenosidimutans	2676868	S	1134	128	1262	0.00004
Filimonas lacunae	477680	S	1130	128	1258	0.00004
Flavobacterium sp. HJ-32-4	1160795	S	705	84	789	0.00002
Flavobacterium sp. CJ74	2294119	S	237	33	270	0.00001
Flavobacterium sp. xlx-214	2654325	S	189	73	262	0.00001
Flavobacterium sp. MDT1-60	1979344	S	153	73	226	0.00001
Flavobacterium sp. CLA17	2724135	S	150	63	213	0.00001
Flavobacterium sp. F-323	2893885	S	131	63	194	0.00001
Flavobacterium sp. B183	907046	S	121	59	180	0.00001
Flavobacterium sp. SLB02	2665645	S	119	78	197	0.00001
Flavobacterium sp. MMS21-Er5	2937442	S	112	95	207	0.00001
Flavobacterium sp. IGB 4-14	1871076	S	111	18	129	0.00000
Flavobacterium sp. M31R6	2739062	S	103	31	134	0.00000
Flavobacterium album	2175091	S	397	52	449	0.00001
Flavobacterium magnum	2162713	S	302	58	360	0.00001
Flavobacterium pallidum	2172098	S	263	46	309	0.00001
Flavobacterium johnsoniae	986	S	157	135	292	0.00001
Flavobacterium anhuiense	459526	S	151	106	257	0.00001
Flavobacterium alkalisoli	2602769	S	143	21	164	0.00000
Flavobacterium crocinum	2183896	S	143	76	219	0.00001
Flavobacterium inviolabile	2748320	S	139	39	178	0.00000
Flavobacterium nackdongense	2547394	S	137	21	158	0.00000
Flavobacterium kingsejongi	1678728	S	134	36	170	0.00000
Flavobacterium fluviale	2249356	S	127	86	213	0.00001
Flavobacterium endoglycinae	2816357	S	126	48	174	0.00000
Flavobacterium sangjuense	2518177	S	124	23	147	0.00000
Flavobacterium enshiense	1341165	S	111	23	134	0.00000
Flavobacterium commune	1306519	S	107	30	137	0.00000
Muricauda sp. SCSIO 65647	2908843	S	152	9	161	0.00000
Muricauda sp. SCSIO 64092	2908842	S	110	6	116	0.00000
Muricauda aquimarina	254955	S	188	228	416	0.00001
Muricauda lutaonensis	516051	S	150	88	238	0.00001
Muricauda ruestringensis	111501	S	141	20	161	0.00000
Muricauda oceani	2698672	S	114	137	251	0.00001
Capnocytophaga gingivalis	1017	S	124	139	263	0.00001
Capnocytophaga haemolytica	45243	S	111	70	181	0.00001
Gramella sp. GC03-9	2920386	S	120	77	197	0.00001
Gramella sp. MT6	2705471	S	104	30	134	0.00000
Gramella fulva	2126553	S	171	29	200	0.00001
Gramella flava	1486245	S	166	116	282	0.00001
Robiginitalea biformata	252307	S	663	58	721	0.00002
Nonlabens ponticola	2496866	S	113	41	154	0.00000
Nonlabens spongiae	331648	S	102	123	225	0.00001
Winogradskyella forsetii	2686077	S	123	75	198	0.00001
Antarcticibacterium flavum	2058175	S	149	64	213	0.00001
Antarcticibacterium arcticum	2585771	S	140	35	175	0.00000
Antarcticibacterium sp. 1MA-6-2	2908210	S	138	35	173	0.00000
Aequorivita sp. H23M31	2494375	S	124	45	169	0.00000
Aequorivita sublithincola	101385	S	123	95	218	0.00001
Sinomicrobium sp. HD2P242	2900738	S	278	20	298	0.00001
Kordia antarctica	1218801	S	128	22	150	0.00000
Zunongwangia sp. SCSIO 43204	2779359	S	100	172	272	0.00001
Zobellia galactanivorans	63186	S	156	20	176	0.00000
Aggregatimonas sangjinii	2583587	S	136	12	148	0.00000
Arenibacter algicola	616991	S	132	108	240	0.00001
Mariniflexile sp. TRM1-10	2027857	S	118	26	144	0.00000
Pukyongia salina	2094025	S	107	15	122	0.00000
Chryseobacterium sp. SC2-2	2929800	S	154	149	303	0.00001
Chryseobacterium sp. 6424	2039166	S	152	108	260	0.00001
Chryseobacterium sp. cx-624	2758037	S	118	97	215	0.00001
Chryseobacterium sp.	1871047	S	113	134	247	0.00001
Chryseobacterium indologenes	253	S	247	317	564	0.00002
Chryseobacterium taklimakanense	536441	S	212	206	418	0.00001
Chryseobacterium camelliae	1265445	S	168	169	337	0.00001
Chryseobacterium shandongense	1493872	S	142	213	355	0.00001
Chryseobacterium indoltheticum	254	S	142	126	268	0.00001
Chryseobacterium arthrosphaerae	651561	S	138	179	317	0.00001
Chryseobacterium gallinarum	1324352	S	115	93	208	0.00001
Chryseobacterium nepalense	1854498	S	104	53	157	0.00000
Chryseobacterium salivictor	2547600	S	100	34	134	0.00000
Kaistella sp. 97-N-M2	2908645	S	148	43	191	0.00001
Kaistella daneshvariae	2487074	S	138	33	171	0.00000
Epilithonimonas vandammei	2487072	S	102	359	461	0.00001
Elizabethkingia meningoseptica	238	S	114	180	294	0.00001
Cruoricaptor ignavus	1118202	S	187	46	233	0.00001
Ornithobacterium rhinotracheale	28251	S	110	105	215	0.00001
Blattabacterium cuenoti	1653831	S	329	122	451	0.00001
Fluviicola taffensis	191579	S	157	19	176	0.00000
Crocinitomix sp. GM2_3_6_6	2862509	S	102	4	106	0.00000
Owenweeksia hongkongensis	253245	S	109	7	116	0.00000
Croceimicrobium hydrocarbonivorans	2761580	S	106	23	129	0.00000
Alistipes dispar	2585119	S	1492	162	1654	0.00005
Alistipes onderdonkii	328813	S	1487	1726	3213	0.00009
Alistipes communis	2585118	S	1463	1094	2557	0.00007
Alistipes senegalensis	1288121	S	1209	208	1417	0.00004
Alistipes finegoldii	214856	S	1173	975	2148	0.00006
Alistipes megaguti	2364787	S	1126	116	1242	0.00003
Alistipes shahii	328814	S	1076	518	1594	0.00004
Alistipes sp. dk3624	2662363	S	783	174	957	0.00003
Alistipes indistinctus	626932	S	671	141	812	0.00002
Prevotella sp. oral taxon 475	712471	S	189	18	207	0.00001
Prevotella sp. E13-17	2913616	S	165	52	217	0.00001
Prevotella sp. Rep29	2691580	S	162	22	184	0.00001
Prevotella sp. E15-22	2937774	S	138	88	226	0.00001
Prevotella sp. E9-3	2913621	S	110	51	161	0.00000
Prevotella sp. E2-28	2913620	S	108	55	163	0.00000
Prevotella dentalis	52227	S	768	165	933	0.00003
Prevotella denticola	28129	S	254	80	334	0.00001
Prevotella multiformis	282402	S	232	95	327	0.00001
Prevotella ruminicola	839	S	198	8	206	0.00001
Prevotella melaninogenica	28132	S	195	68	263	0.00001
Prevotella intermedia	28131	S	182	83	265	0.00001
Prevotella copri	165179	S	167	81	248	0.00001
Prevotella buccalis	28127	S	127	143	270	0.00001
Prevotella enoeca	76123	S	104	18	122	0.00000
Paraprevotella xylaniphila	454155	S	177	156	333	0.00001
Pseudoprevotella muciniphila	2133944	S	110	12	122	0.00000
Bacteroides sp. CBA7301	2715212	S	141	81	222	0.00001
Bacteroides fragilis	817	S	232	532	764	0.00002
Bacteroides cellulosilyticus	246787	S	222	86	308	0.00001
Bacteroides thetaiotaomicron	818	S	194	143	337	0.00001
Bacteroides eggerthii	28111	S	177	197	374	0.00001
Bacteroides stercoris	46506	S	156	157	313	0.00001
Bacteroides salyersiae	291644	S	151	149	300	0.00001
Bacteroides zoogleoformans	28119	S	140	48	188	0.00001
Bacteroides helcogenes	290053	S	140	8	148	0.00000
Bacteroides uniformis	820	S	122	429	551	0.00002
Bacteroides heparinolyticus	28113	S	110	36	146	0.00000
Bacteroides faecis	674529	S	107	96	203	0.00001
Phocaeicola salanitronis	376805	S	256	170	426	0.00001
Phocaeicola coprophilus	387090	S	125	80	205	0.00001
Tannerella serpentiformis	712710	S	853	43	896	0.00003
Tannerella forsythia	28112	S	318	33	351	0.00001
Parabacteroides goldsteinii	328812	S	243	62	305	0.00001
Parabacteroides merdae	46503	S	210	227	437	0.00001
Parabacteroides distasonis	823	S	182	471	653	0.00002
Parabacteroides johnsonii	387661	S	134	106	240	0.00001
Sodaliphilus pleomorphus	2606626	S	686	347	1033	0.00003
Duncaniella dubosii	2518971	S	179	23	202	0.00001
Muribaculum gordoncarteri	2530390	S	262	23	285	0.00001
Muribaculum intestinale	1796646	S	241	18	259	0.00001
Porphyromonas sp. oral taxon 275	712435	S	825	87	912	0.00003
Porphyromonas gingivalis	837	S	220	36	256	0.00001
Porphyromonas asaccharolytica	28123	S	183	14	197	0.00001
Porphyromonas cangingivalis	36874	S	106	15	121	0.00000
Proteiniphilum saccharofermentans	1642647	S	205	17	222	0.00001
Proteiniphilum sp. JNU-WLY501	2829812	S	103	4	107	0.00000
Petrimonas mucosa	1642646	S	252	14	266	0.00001
Barnesiella viscericola	397865	S	378	497	875	0.00002
Paludibacter propionicigenes	185300	S	143	5	148	0.00000
Draconibacterium orientale	1168034	S	198	17	215	0.00001
Draconibacterium halophilum	2706887	S	137	10	147	0.00000
Maribellus comscasis	2681766	S	152	7	159	0.00000
Alkalitalea saponilacus	889453	S	130	9	139	0.00000
Rhodocaloribacter litoris	2558931	S	8862	969	9831	0.00028
Rhodothermus marinus	29549	S	8066	504	8570	0.00024
Salinibacter ruber	146919	S	5942	111	6053	0.00017
Mucilaginibacter sp. 14171R-50	2703789	S	715	43	758	0.00002
Mucilaginibacter sp. SMC90	2929803	S	457	28	485	0.00001
Mucilaginibacter sp. 21P	2778902	S	387	24	411	0.00001
Mucilaginibacter sp. F39-2	2728022	S	308	21	329	0.00001
Mucilaginibacter mali	2740462	S	699	27	726	0.00002
Mucilaginibacter ginsenosidivorans	398053	S	689	25	714	0.00002
Mucilaginibacter ginsenosidivorax	862126	S	594	26	620	0.00002
Mucilaginibacter gotjawali	1550579	S	593	19	612	0.00002
Mucilaginibacter daejeonensis	398049	S	580	35	615	0.00002
Mucilaginibacter celer	2305508	S	542	24	566	0.00002
Mucilaginibacter paludis	423351	S	535	28	563	0.00002
Mucilaginibacter rubeus	2027860	S	483	1220	1703	0.00005
Mucilaginibacter mallensis	652787	S	408	15	423	0.00001
Mucilaginibacter xinganensis	1234841	S	385	19	404	0.00001
Mucilaginibacter ginkgonis	2682091	S	289	14	303	0.00001
Mucilaginibacter gossypii	551996	S	241	187	428	0.00001
Pedobacter sp. HDW13	2714940	S	293	41	334	0.00001
Pedobacter sp. PACM 27299	1727164	S	291	47	338	0.00001
Pedobacter sp. SW-16	2766984	S	216	45	261	0.00001
Pedobacter sp. G11	2482728	S	215	32	247	0.00001
Pedobacter sp. KBS0701	2578106	S	212	78	290	0.00001
Pedobacter sp. D749	2856523	S	210	78	288	0.00001
Pedobacter sp. Q8-18	2895286	S	183	16	199	0.00001
Pedobacter ginsengisoli	363852	S	485	70	555	0.00002
Pedobacter heparinus	984	S	399	37	436	0.00001
Pedobacter schmidteae	2201271	S	351	34	385	0.00001
Pedobacter steynii	430522	S	319	33	352	0.00001
Pedobacter endophyticus	2789740	S	317	32	349	0.00001
Pedobacter roseus	336820	S	290	89	379	0.00001
Pedobacter cryoconitis	188932	S	247	28	275	0.00001
Pedobacter suwonensis	332999	S	239	54	293	0.00001
Pedobacter aquae	2605747	S	173	19	192	0.00001
Sphingobacterium sp. DR205	2713573	S	239	32	271	0.00001
Sphingobacterium sp. CZ-2	2557994	S	151	48	199	0.00001
Sphingobacterium sp. UDSM-2020	2795738	S	134	53	187	0.00001
Sphingobacterium sp. SRCM116780	2907623	S	117	23	140	0.00000
Sphingobacterium sp. PCS056	2931400	S	102	25	127	0.00000
Sphingobacterium spiritivorum	258	S	365	287	652	0.00002
Sphingobacterium thalpophilum	259	S	277	342	619	0.00002
Sphingobacterium multivorum	28454	S	180	556	736	0.00002
Sphingobacterium lactis	797291	S	178	168	346	0.00001
Sphingobacterium hotanense	649196	S	174	63	237	0.00001
Sphingobacterium mizutaii	1010	S	148	25	173	0.00000
Sphingobacterium psychroaquaticum	561061	S	131	28	159	0.00000
Sphingobacterium daejeonense	371142	S	127	43	170	0.00000
Olivibacter sp. LS-1	2592345	S	318	22	340	0.00001
Olivibacter sp. SDN3	2764720	S	302	51	353	0.00001
Anseongella ginsenosidimutans	496056	S	543	24	567	0.00002
Solitalea canadensis	995	S	237	20	257	0.00001
Solitalea sp. S2-8	2911172	S	208	24	232	0.00001
Pseudopedobacter saltans	151895	S	168	149	317	0.00001
Haliscomenobacter hydrossis	2350	S	758	12	770	0.00002
Saprospira grandis	1008	S	167	5	172	0.00000
Candidatus Sulfidibacterium hydrothermale	2875962	S	173	6	179	0.00001
Chlorobaculum limnaeum	274537	S	1779	285	2064	0.00006
Chlorobaculum parvum	274539	S	977	184	1161	0.00003
Chlorobaculum tepidum	1097	S	898	254	1152	0.00003
Pelodictyon luteolum	1100	S	805	101	906	0.00003
Pelodictyon phaeoclathratiforme	34090	S	191	10	201	0.00001
Chlorobium limicola	1092	S	358	28	386	0.00001
Chlorobium phaeovibrioides	1094	S	211	33	244	0.00001
Chlorobium phaeobacteroides	1096	S	204	23	227	0.00001
Prosthecochloris sp. GSB1	281093	S	779	48	827	0.00002
Prosthecochloris sp. HL-130-GSB	1974213	S	266	38	304	0.00001
Prosthecochloris sp. CIB 2401	1868325	S	230	49	279	0.00001
Prosthecochloris aestuarii	1102	S	252	18	270	0.00001
Chloroherpeton thalassium	100716	S	336	6	342	0.00001
Candidatus Cyclonatronum proteinivorum	1457365	S	630	54	684	0.00002
Melioribacter roseus	1134405	S	238	24	262	0.00001
Ignavibacterium album	591197	S	133	16	149	0.00000
Gemmatirosa kalamazoonesis	861299	S	133425	13601	147026	0.00411
Gemmatimonas groenlandica	2732249	S	15665	1669	17334	0.00048
Gemmatimonas aurantiaca	173480	S	10496	1007	11503	0.00032
Gemmatimonas phototrophica	1379270	S	8889	1139	10028	0.00028
Fibrobacter succinogenes	833	S	339	7	346	0.00001
Luteitalea sp. TBR-22	2802971	S	65149	12196	77345	0.00216
Luteitalea pratensis	1855912	S	55723	6573	62296	0.00174
Granulicella sp. WH15	2602070	S	7224	1207	8431	0.00024
Granulicella sp. 5B5	1617967	S	6461	950	7411	0.00021
Granulicella mallensis	940614	S	5744	628	6372	0.00018
Granulicella tundricola	940615	S	4670	558	5228	0.00015
Terriglobus roseus	392734	S	6718	1241	7959	0.00022
Terriglobus albidus	1592106	S	6294	534	6828	0.00019
Terriglobus saanensis	870903	S	3478	387	3865	0.00011
Edaphobacter sp. 12200R-103	2703788	S	8805	1230	10035	0.00028
Edaphobacter sp. 4G125	2763071	S	2813	332	3145	0.00009
Acidobacterium capsulatum	33075	S	6081	711	6792	0.00019
Acidobacterium sp. 4Y35	2763107	S	5314	342	5656	0.00016
Candidatus Koribacter versatilis	658062	S	9478	310	9788	0.00027
Acidisarcina polymorpha	2211140	S	3939	251	4190	0.00012
Paludibaculum fermentans	1473598	S	14419	448	14867	0.00042
Chloracidobacterium aggregatum	2851959	S	2927	1726	4653	0.00013
Chloracidobacterium validum	2821543	S	2250	49	2299	0.00006
Chloracidobacterium sp. D	2821536	S	238	869	1107	0.00003
Chloracidobacterium thermophilum	458033	S	184	1326	1510	0.00004
Sulfidibacter corallicola	2818388	S	4777	110	4887	0.00014
Thermotomaculum hydrothermale	981385	S	109	6	115	0.00000
Nitrospira moscoviensis	42253	S	6811	472	7283	0.00020
Nitrospira japonica	1325564	S	3799	332	4131	0.00012
Nitrospira sp. KM1	1936990	S	2474	164	2638	0.00007
Candidatus Nitrospira inopinata	1715989	S	2434	163	2597	0.00007
Leptospirillum ferrooxidans	180	S	207	5	212	0.00001
Leptospirillum ferriphilum	178606	S	141	330	471	0.00001
Dissulfurispira thermophila	2715679	S	182	8	190	0.00001
Thermodesulfovibrio yellowstonii	28262	S	107	2	109	0.00000
Treponema brennaborense	81028	S	397	154	551	0.00002
Treponema primitia	88058	S	259	11	270	0.00001
Treponema azotonutricium	150829	S	249	8	257	0.00001
Treponema socranskii	53419	S	197	110	307	0.00001
Treponema sp. Marseille-Q4132	2766701	S	129	72	201	0.00001
Treponema caldarium	215591	S	120	11	131	0.00000
Treponema parvum	138851	S	115	7	122	0.00000
Treponema vincentii	69710	S	113	137	250	0.00001
Treponema succinifaciens	167	S	107	95	202	0.00001
Spirochaeta thermophila	154	S	1207	33	1240	0.00003
Spirochaeta africana	46355	S	531	24	555	0.00002
Salinispira pacifica	1307761	S	208	5	213	0.00001
Sediminispirochaeta smaragdinae	55206	S	164	4	168	0.00000
Sphaerochaeta associata	1129264	S	224	23	247	0.00001
Sphaerochaeta coccoides	273376	S	147	6	153	0.00000
Sphaerochaeta globosa	1131703	S	120	13	133	0.00000
Breznakiella homolactica	2798577	S	398	24	422	0.00001
Leptospira kmetyi	408139	S	187	43	230	0.00001
Leptospira santarosai	28183	S	170	123	293	0.00001
Leptospira tipperaryensis	2564040	S	114	15	129	0.00000
Turneriella parva	29510	S	723	7	730	0.00002
Pyramidobacter piscolens	638849	S	1635	99	1734	0.00005
Fretibacterium fastidiosum	651822	S	1450	24	1474	0.00004
Aminomonas paucivorans	81412	S	1251	129	1380	0.00004
Cloacibacillus porcorum	1197717	S	1114	262	1376	0.00004
Thermanaerovibrio acidaminovorans	81462	S	610	201	811	0.00002
Thermanaerovibrio velox	108007	S	294	51	345	0.00001
Jonquetella anthropi	428712	S	644	114	758	0.00002
Acetomicrobium mobile	97477	S	173	5	178	0.00000
Aminobacterium colombiense	81468	S	111	6	117	0.00000
Thermovirga lienii	336261	S	111	109	220	0.00001
Candidatus Bipolaricaulis anaerobius	2026885	S	1450	74	1524	0.00004
Candidatus Nanosynbacter featherlites	2572088	S	113	274	387	0.00001
Candidatus Saccharimonas aalborgensis	1332188	S	206	47	253	0.00001
Candidatus Absconditicoccus praedator	2735562	S	135	2	137	0.00000
Candidatus Babela massiliensis	673862	S	112	2	114	0.00000
Thermotoga caldifontis	1508419	S	230	300	530	0.00001
Pseudothermotoga hypogea	57487	S	145	52	197	0.00001
Mesotoga infera	1236046	S	141	20	161	0.00000
Mesotoga prima	1184387	S	110	21	131	0.00000
Thermocrinis minervae	381751	S	133	44	177	0.00000
Persephonella marina	309805	S	101	16	117	0.00000
Thermosulfidibacter takaii	412593	S	159	10	169	0.00000
Thermovibrio ammonificans	228745	S	194	62	256	0.00001
Thermosulfurimonas marina	2047767	S	374	48	422	0.00001
Thermosulfuriphilus ammonigenes	1936021	S	196	8	204	0.00001
Thermodesulfatator indicus	171695	S	130	17	147	0.00000
Geovibrio thiophilus	139438	S	182	42	224	0.00001
Denitrovibrio acetiphilus	118000	S	111	18	129	0.00000
Caldithrix abyssi	187145	S	544	6	550	0.00002
Desulfurispirillum indicum	936456	S	543	320	863	0.00002
Elusimicrobium minutum	423605	S	150	2	152	0.00000
Caldisericum exile	693075	S	161	1	162	0.00000
Coprothermobacter proteolyticus	35786	S	105	26	131	0.00000
Fusarium equiseti	61235	S	14925	1697	16622	0.00047
Fusarium scirpi	2211609	S	6859	603	7462	0.00021
Fusarium acuminatum	5515	S	6376	462	6838	0.00019
Fusarium avenaceum	40199	S	510	29	539	0.00002
Fusarium oxysporum	5507	S	5838	1835	7673	0.00021
Fusarium longipes	694270	S	519	19	538	0.00002
Fusarium poae	36050	S	447	118	565	0.00002
Fusarium sporotrichioides	5514	S	426	38	464	0.00001
Fusarium pseudograminearum	101028	S	338	146	484	0.00001
Fusarium venenatum	56646	S	277	373	650	0.00002
Fusarium sambucinum	5128	S	270	106	376	0.00001
Fusarium graminearum	5518	S	211	564	775	0.00002
Fusarium culmorum	5516	S	206	216	422	0.00001
Fusarium nygamai	42673	S	905	324	1229	0.00003
Fusarium fujikuroi	5127	S	428	50	478	0.00001
Fusarium thapsinum	120644	S	344	89	433	0.00001
Fusarium pseudonygamai	47755	S	324	92	416	0.00001
Fusarium verticillioides	117187	S	109	201	310	0.00001
Fusarium decemcellulare	57161	S	1551	24	1575	0.00004
Fusarium dimerum	57145	S	1104	25	1129	0.00003
Fusarium graminum	86546	S	446	87	533	0.00001
Fusarium heterosporum	42747	S	431	82	513	0.00001
Fusarium nelsonii	77846	S	423	102	525	0.00001
Fusarium chlamydosporum	86545	S	380	91	471	0.00001
Fusarium lateritium	5523	S	872	20	892	0.00002
Fusarium musae	1042133	S	115	206	321	0.00001
Trichoderma reesei	51453	S	1284	119	1403	0.00004
Trichoderma citrinoviride	58853	S	1270	168	1438	0.00004
Trichoderma gamsii	398673	S	1140	211	1351	0.00004
Trichoderma pleuroti	500994	S	928	117	1045	0.00003
Trichoderma atroviride	63577	S	749	197	946	0.00003
Trichoderma hamatum	49224	S	685	58	743	0.00002
Trichoderma asperellum	101201	S	608	51	659	0.00002
Trichoderma afroharzianum	1567482	S	576	167	743	0.00002
Trichoderma koningiopsis	337941	S	564	99	663	0.00002
Trichoderma erinaceum	202914	S	530	102	632	0.00002
Trichoderma harzianum	5544	S	509	150	659	0.00002
Trichoderma virens	29875	S	121	1877	1998	0.00006
Trichoderma longibrachiatum	5548	S	107	1614	1721	0.00005
Beauveria felina	37994	S	2412	89	2501	0.00007
Beauveria pseudobassiana	931006	S	1518	205	1723	0.00005
Beauveria brongniartii	118266	S	1003	231	1234	0.00003
Beauveria bassiana	176275	S	745	920	1665	0.00005
Beauveria rudraprayagi	1481906	S	627	733	1360	0.00004
Cordyceps fumosorosea	114497	S	3723	199	3922	0.00011
Metarhizium album	92629	S	1865	52	1917	0.00005
Metarhizium rileyi	1649241	S	1048	144	1192	0.00003
Metarhizium guizhouense	169041	S	588	434	1022	0.00003
Metarhizium acridum	92637	S	560	276	836	0.00002
Metarhizium brunneum	500148	S	410	479	889	0.00002
Metarhizium robertsii	568076	S	387	395	782	0.00002
Metarhizium majus	1650735	S	360	224	584	0.00002
Metarhizium anisopliae	5530	S	290	485	775	0.00002
Metarhizium humberi	2596975	S	273	238	511	0.00001
Ustilaginoidea virens	1159556	S	2185	78	2263	0.00006
Pochonia chlamydosporia	280754	S	1102	56	1158	0.00003
Purpureocillium lilacinum	33203	S	5018	242	5260	0.00015
Drechmeria coniospora	98403	S	3168	102	3270	0.00009
Clonostachys rosea	29856	S	1787	92	1879	0.00005
Colletotrichum higginsianum	80884	S	4331	645	4976	0.00014
Thermothielavioides terrestris	2587410	S	5326	282	5608	0.00016
Thermothelomyces thermophilus	78579	S	4056	157	4213	0.00012
Neurospora crassa	5141	S	2059	73	2132	0.00006
Pyricularia pennisetigena	1578925	S	1711	218	1929	0.00005
Pyricularia oryzae	318829	S	1690	369	2059	0.00006
Pyricularia grisea	148305	S	1131	139	1270	0.00004
Neopestalotiopsis rosae	1562205	S	726	619	1345	0.00004
Neopestalotiopsis clavispora	289240	S	602	556	1158	0.00003
Botrytis cinerea	40559	S	597	3	600	0.00002
Aspergillus fumigatus	746128	S	1420	106	1526	0.00004
Aspergillus flavus	5059	S	181	618	799	0.00002
Aspergillus oryzae	5062	S	146	463	609	0.00002
Aspergillus luchuensis	1069201	S	1015	99	1114	0.00003
Aspergillus puulaauensis	1220207	S	996	50	1046	0.00003
Aspergillus chevalieri	182096	S	708	92	800	0.00002
Penicillium citrinum	5077	S	1118	139	1257	0.00004
Penicillium chrysogenum	5076	S	813	165	978	0.00003
Penicillium aurantiogriseum	36655	S	573	202	775	0.00002
Penicillium expansum	27334	S	485	204	689	0.00002
Penicillium italicum	40296	S	435	166	601	0.00002
Penicillium digitatum	36651	S	410	87	497	0.00001
Paecilomyces niveus	5093	S	682	34	716	0.00002
Paecilomyces variotii	264951	S	622	72	694	0.00002
Talaromyces rugulosus	121627	S	1086	75	1161	0.00003
Ampelomyces quisqualis	50730	S	2393	227	2620	0.00007
Paraphaeosphaeria minitans	565426	S	2168	688	2856	0.00008
Zymoseptoria tritici	1047171	S	1123	24	1147	0.00003
Cercospora beticola	122368	S	975	7	982	0.00003
Eremothecium gossypii	33169	S	609	505	1114	0.00003
Lachancea thermotolerans	381046	S	334	21	355	0.00001
Kazachstania naganishii	588726	S	206	9	215	0.00001
Saccharomyces eubayanus	1080349	S	115	10	125	0.00000
Torulaspora globosa	48254	S	128	10	138	0.00000
Kluyveromyces marxianus	4911	S	110	27	137	0.00000
[Candida] glabrata	5478	S	109	4	113	0.00000
Ogataea parapolymorpha	1005962	S	263	8	271	0.00001
Brettanomyces bruxellensis	5007	S	111	8	119	0.00000
Candida dubliniensis	42374	S	127	10	137	0.00000
Candida albicans	5476	S	104	8	112	0.00000
Yarrowia lipolytica	4952	S	455	5	460	0.00001
Sugiyamaella lignohabitans	796027	S	245	17	262	0.00001
Pseudozyma flocculosa	84751	S	6347	42	6389	0.00018
Ustilago maydis	5270	S	1444	23	1467	0.00004
Sporisorium graminicola	280036	S	1379	149	1528	0.00004
Malassezia restricta	76775	S	586	73	659	0.00002
Phlebiopsis gigantea	82310	S	2280	20	2300	0.00006
Rhizoctonia solani	456999	S	494	15	509	0.00001
Marasmius oreades	181124	S	451	18	469	0.00001
Cryptococcus neoformans	5207	S	418	20	438	0.00001
Cryptococcus gattii VGI	37769	S	214	144	358	0.00001
Phytophthora cinnamomi	4785	S	4266	590	4856	0.00014
Phytophthora fragariae	53985	S	3189	372	3561	0.00010
Phytophthora cryptogea	4786	S	1821	125	1946	0.00005
Phytophthora infestans	4787	S	1628	2708	4336	0.00012
Phytophthora cactorum	29920	S	1206	149	1355	0.00004
Phytophthora boehmeriae	109152	S	1057	94	1151	0.00003
Phytophthora parasitica	4792	S	855	91	946	0.00003
Pythium aphanidermatum	65070	S	1511	17	1528	0.00004
