name	taxonomy_id	taxonomy_lvl	kraken_assigned_reads	added_reads	new_est_reads	fraction_total_reads
Streptomyces	1883	G	3454562	792392	4246954	0.11898
Kitasatospora	2063	G	56627	18986	75613	0.00212
Streptacidiphilus	228398	G	36244	9880	46124	0.00129
Yinghuangia	2805681	G	16538	2520	19058	0.00053
Microbacterium	33882	G	391863	63321	455184	0.01275
Agromyces	33877	G	148284	32636	180920	0.00507
Curtobacterium	2034	G	70249	13791	84040	0.00235
Rathayibacter	33886	G	63123	13229	76352	0.00214
Agrococcus	46352	G	56377	14554	70931	0.00199
Clavibacter	1573	G	47631	25808	73439	0.00206
Leucobacter	55968	G	46762	8331	55093	0.00154
Leifsonia	110932	G	46262	21077	67339	0.00189
Protaetiibacter	2680004	G	21204	5661	26865	0.00075
Salinibacterium	235888	G	17838	2638	20476	0.00057
Cryobacterium	69578	G	15929	2100	18029	0.00051
Frondihabitans	447237	G	13260	1909	15169	0.00042
Microterricola	518733	G	12270	2755	15025	0.00042
Plantibacter	190323	G	12005	1420	13425	0.00038
Microcella	337004	G	11521	3719	15240	0.00043
Cnuibacter	1759331	G	8855	1736	10591	0.00030
Frigoribacterium	96492	G	8615	2298	10913	0.00031
Herbiconiux	881616	G	8062	1467	9529	0.00027
Gryllotalpicola	1195526	G	7368	1306	8674	0.00024
Mycetocola	76634	G	7279	857	8136	0.00023
Subtercola	120212	G	6585	504	7089	0.00020
Chryseoglobus	1331730	G	6205	1143	7348	0.00021
Amnibacterium	1029631	G	6200	1355	7555	0.00021
Humibacter	427753	G	6055	1211	7266	0.00020
Gulosibacter	256818	G	4891	1288	6179	0.00017
Marisediminicola	1230698	G	4878	553	5431	0.00015
Diaminobutyricimonas	1433997	G	4337	742	5079	0.00014
Agreia	110934	G	3463	384	3847	0.00011
Glaciihabitans	1649454	G	3378	244	3622	0.00010
Rhodoluna	529883	G	526	26	552	0.00002
Aquiluna	529881	G	435	22	457	0.00001
Pseudoclavibacter	255204	G	780	135	915	0.00003
Aurantimicrobium	1705353	G	521	26	547	0.00002
Pontimonas	1434032	G	349	15	364	0.00001
Arthrobacter	1663	G	309765	67056	376821	0.01056
Kocuria	57493	G	96613	25168	121781	0.00341
Pseudarthrobacter	1742993	G	71755	21412	93167	0.00261
Micrococcus	1269	G	21729	13494	35223	0.00099
Sinomonas	596707	G	17345	4137	21482	0.00060
Glutamicibacter	1742989	G	12740	4426	17166	0.00048
Paenarthrobacter	1742992	G	12379	6873	19252	0.00054
Citricoccus	169133	G	10088	2534	12622	0.00035
Rothia	32207	G	8667	3490	12157	0.00034
Nesterenkonia	57494	G	2500	152	2652	0.00007
Paeniglutamicibacter	1742990	G	1440	219	1659	0.00005
Psychromicrobium	2078575	G	958	140	1098	0.00003
Neomicrococcus	1868332	G	836	389	1225	0.00003
Auritidibacter	1160973	G	593	57	650	0.00002
Renibacterium	1645	G	505	29	534	0.00001
Cellulomonas	1707	G	198469	65046	263515	0.00738
Actinotalea	458839	G	14537	5150	19687	0.00055
Oerskovia	162491	G	9723	3038	12761	0.00036
Pseudactinotalea	1926259	G	7661	1080	8741	0.00024
Paraoerskovia	665568	G	6453	1645	8098	0.00023
Janibacter	53457	G	38907	11298	50205	0.00141
Phycicoccus	367298	G	36306	10245	46551	0.00130
Pedococcus	2805645	G	20627	6059	26686	0.00075
Intrasporangium	53357	G	17727	4603	22330	0.00063
Tetrasphaera	99479	G	15439	4012	19451	0.00054
Arsenicicoccus	267408	G	11159	4155	15314	0.00043
Cellulosimicrobium	157920	G	69948	29229	99177	0.00278
Xylanimonas	186188	G	28637	8933	37570	0.00105
Isoptericola	254250	G	23246	10104	33350	0.00093
Ornithinimicrobium	125287	G	53880	11153	65033	0.00182
Serinicoccus	265976	G	38830	10367	49197	0.00138
Brachybacterium	43668	G	54168	8688	62856	0.00176
Dermabacter	36739	G	3249	1794	5043	0.00014
Devriesea	472568	G	631	34	665	0.00002
Brevibacterium	1696	G	53650	10553	64203	0.00180
Georgenia	154116	G	48039	13560	61599	0.00173
Dermacoccus	57495	G	12871	4365	17236	0.00048
Luteipulveratus	745364	G	10308	1426	11734	0.00033
Allobranchiibius	2040262	G	7937	1720	9657	0.00027
Yimella	908935	G	4773	948	5721	0.00016
Ruania	626119	G	34905	4069	38974	0.00109
Pengzhenrongella	2888818	G	14665	3949	18614	0.00052
Luteimicrobium	754249	G	11143	3295	14438	0.00040
Beutenbergia	84756	G	14545	2330	16875	0.00047
Miniimonas	947525	G	9970	4938	14908	0.00042
Sanguibacter	60919	G	21012	6092	27104	0.00076
Kytococcus	57499	G	7042	2999	10041	0.00028
Gephyromycinifex	2885697	G	3540	403	3943	0.00011
Austwickia	1184606	G	2656	201	2857	0.00008
Dermatophilus	1862	G	638	58	696	0.00002
Demequina	577469	G	2420	184	2604	0.00007
Jonesia	43673	G	411	71	482	0.00001
Tropheryma	2038	G	113	0	113	0.00000
Nocardioides	1839	G	1862475	391779	2254254	0.06315
Aeromicrobium	2040	G	98243	18906	117149	0.00328
Marmoricola	86795	G	32719	12250	44969	0.00126
Pimelobacter	2044	G	24095	8903	32998	0.00092
Friedmanniella	53387	G	23778	4612	28390	0.00080
Mumia	1546255	G	14199	2470	16669	0.00047
Micropruina	116071	G	6521	923	7444	0.00021
Microlunatus	29404	G	66532	7681	74213	0.00208
Tessaracoccus	72763	G	42601	10926	53527	0.00150
Brevilactibacter	2717325	G	17299	6682	23981	0.00067
Acidipropionibacterium	1912215	G	14504	5437	19941	0.00056
Propionibacterium	1743	G	13572	4499	18071	0.00051
Auraticoccus	1278221	G	12647	2229	14876	0.00042
Raineyella	1911549	G	6730	884	7614	0.00021
Arachnia	2801844	G	6109	447	6556	0.00018
Cutibacterium	1912216	G	5908	1297	7205	0.00020
Vaginimicrobium	2919589	G	182	64	246	0.00001
Kribbella	182639	G	76741	11209	87950	0.00246
Actinopolymorpha	117156	G	18137	1978	20115	0.00056
Mycolicibacterium	1866885	G	462967	80367	543334	0.01522
Mycobacterium	1763	G	397155	97815	494970	0.01387
Mycolicibacter	1073531	G	26630	10522	37152	0.00104
Mycobacteroides	670516	G	21539	6422	27961	0.00078
Mycolicibacillus	2126281	G	5430	1422	6852	0.00019
Hoyosella	697025	G	2408	127	2535	0.00007
Rhodococcus	1827	G	248038	69917	317955	0.00891
Nocardia	1817	G	234485	39999	274484	0.00769
Corynebacterium	1716	G	139437	33088	172525	0.00483
Gordonia	2053	G	120574	25066	145640	0.00408
Skermania	59613	G	5390	590	5980	0.00017
Tsukamurella	2060	G	38159	9216	47375	0.00133
Dietzia	37914	G	24419	5209	29628	0.00083
Tomitella	741759	G	13525	2695	16220	0.00045
Segniliparus	286801	G	2852	152	3004	0.00008
Lawsonella	1847725	G	432	47	479	0.00001
Amycolatopsis	1813	G	494096	91237	585333	0.01640
Pseudonocardia	1847	G	418495	72951	491446	0.01377
Saccharopolyspora	1835	G	132125	27975	160100	0.00449
Saccharothrix	2071	G	115371	31668	147039	0.00412
Lentzea	165301	G	92204	18921	111125	0.00311
Saccharomonospora	1851	G	55588	9667	65255	0.00183
Kutzneria	43356	G	52986	10721	63707	0.00178
Actinosynnema	40566	G	38041	13559	51600	0.00145
Actinoalloteichus	65496	G	32404	2986	35390	0.00099
Allokutzneria	1137960	G	25922	6048	31970	0.00090
Kibdelosporangium	2029	G	25380	2976	28356	0.00079
Alloactinosynnema	674734	G	21145	4565	25710	0.00072
Prauserella	142577	G	10603	941	11544	0.00032
Allosaccharopolyspora	2893576	G	9824	2068	11892	0.00033
Micromonospora	1873	G	515865	129059	644924	0.01807
Actinoplanes	1865	G	421669	69274	490943	0.01375
Couchioplanes	56433	G	83405	20278	103683	0.00290
Phytohabitans	907364	G	82596	10646	93242	0.00261
Plantactinospora	673534	G	52019	8861	60880	0.00171
Dactylosporangium	35753	G	49897	5412	55309	0.00155
Actinocatenispora	390988	G	38344	4706	43050	0.00121
Catellatospora	53365	G	34927	7475	42402	0.00119
Polymorphospora	338583	G	24069	5095	29164	0.00082
Natronosporangium	2920401	G	12622	843	13465	0.00038
Verrucosispora	84593	G	10009	7165	17174	0.00048
Salinispora	168694	G	7380	1184	8564	0.00024
Nonomuraea	83681	G	196160	32516	228676	0.00641
Streptosporangium	2000	G	62165	11807	73972	0.00207
Thermobispora	147067	G	14484	3355	17839	0.00050
Actinomadura	1988	G	236304	44139	280443	0.00786
Thermomonospora	2019	G	33628	9765	43393	0.00122
Nocardiopsis	2013	G	77492	16818	94310	0.00264
Thermobifida	83677	G	21258	4070	25328	0.00071
Streptomonospora	104204	G	11335	2071	13406	0.00038
Spiractinospora	2913367	G	7610	478	8088	0.00023
Blastococcus	38501	G	256917	75151	332068	0.00930
Modestobacter	88138	G	142157	43464	185621	0.00520
Geodermatophilus	1860	G	130302	43110	173412	0.00486
Actinomyces	1654	G	65510	8785	74295	0.00208
Schaalia	2529408	G	7659	1336	8995	0.00025
Flaviflexus	1522056	G	4625	1099	5724	0.00016
Trueperella	1069494	G	3866	1152	5018	0.00014
Pauljensenia	2740557	G	2256	718	2974	0.00008
Nanchangia	2888879	G	2009	213	2222	0.00006
Actinotignum	1653174	G	755	50	805	0.00002
Actinobaculum	76833	G	719	37	756	0.00002
Arcanobacterium	28263	G	513	125	638	0.00002
Changpingibacter	2912996	G	452	124	576	0.00002
Mobiluncus	2050	G	295	85	380	0.00001
Boudabousia	2767318	G	173	13	186	0.00001
Varibaculum	184869	G	155	45	200	0.00001
Frankia	1854	G	82057	7975	90032	0.00252
Jiangella	281472	G	68099	11717	79816	0.00224
Nakamurella	53460	G	34945	4642	39587	0.00111
Bifidobacterium	1678	G	30348	7972	38320	0.00107
Parascardovia	196082	G	481	70	551	0.00002
Gardnerella	2701	G	122	35	157	0.00000
Catenulispora	414878	G	20393	2889	23282	0.00065
Jatrophihabitans	1434010	G	15199	1300	16499	0.00046
Kineococcus	33981	G	14208	3819	18027	0.00051
Stackebrandtia	283810	G	11839	1069	12908	0.00036
Natronoglycomyces	2838311	G	1636	59	1695	0.00005
Epidermidibacterium	2078948	G	7375	3412	10787	0.00030
Actinopolyspora	1849	G	7000	699	7699	0.00022
Acidothermus	28048	G	3951	203	4154	0.00012
Candidatus Planktophila	622681	G	626	71	697	0.00002
Candidatus Nanopelagicus	2039639	G	120	32	152	0.00000
Conexibacter	191494	G	527125	77891	605016	0.01695
Miltoncostaea	2843200	G	87851	11325	99176	0.00278
Rubrobacter	42255	G	333354	13301	346655	0.00971
Baekduia	2600304	G	162083	27236	189319	0.00530
Aquihabitans	1648491	G	70575	11671	82246	0.00230
Iamia	467975	G	47359	7316	54675	0.00153
Actinomarinicola	2789775	G	35460	6813	42273	0.00118
Ilumatobacter	682522	G	17413	1075	18488	0.00052
Acidimicrobium	53634	G	4519	353	4872	0.00014
Eggerthella	84111	G	7834	2366	10200	0.00029
Gordonibacter	644652	G	4235	1675	5910	0.00017
Arabiibacter	2005386	G	3255	591	3846	0.00011
Adlercreutzia	447020	G	3168	656	3824	0.00011
Raoultibacter	1926677	G	1539	117	1656	0.00005
Berryella	2815775	G	1472	1606	3078	0.00009
Slackia	84108	G	1110	33	1143	0.00003
Denitrobacterium	79603	G	684	278	962	0.00003
Olsenella	133925	G	5522	943	6465	0.00018
Parolsenella	2082587	G	3429	1046	4475	0.00013
Thermophilibacter	2847307	G	1909	618	2527	0.00007
Parafannyhessea	2847312	G	1762	962	2724	0.00008
Atopobium	1380	G	463	46	509	0.00001
Collinsella	102106	G	4386	1168	5554	0.00016
Coriobacterium	33870	G	1106	34	1140	0.00003
Euzebya	908623	G	14251	1179	15430	0.00043
Egibacter	1747770	G	13469	800	14269	0.00040
Egicoccus	1755825	G	13083	2008	15091	0.00042
Priestia	2800373	G	83675	76181	159856	0.00448
Bacillus	1386	G	40792	82749	123541	0.00346
Metabacillus	2675233	G	18238	6790	25028	0.00070
Cytobacillus	2675230	G	5370	2359	7729	0.00022
Geobacillus	129337	G	4981	1637	6618	0.00019
Peribacillus	2675229	G	3746	1989	5735	0.00016
Hydrogenibacillus	1609627	G	3615	412	4027	0.00011
Neobacillus	2675232	G	3510	1538	5048	0.00014
Terribacillus	459532	G	3112	508	3620	0.00010
Anoxybacillus	150247	G	2341	566	2907	0.00008
Lysinibacillus	400634	G	2332	736	3068	0.00009
Mesobacillus	2675231	G	2189	669	2858	0.00008
Rossellomorea	2837508	G	1340	570	1910	0.00005
Virgibacillus	84406	G	1265	181	1446	0.00004
Parageobacillus	1906945	G	1203	303	1506	0.00004
Alkalihalobacillus	2675234	G	1072	224	1296	0.00004
Niallia	2837506	G	891	247	1138	0.00003
Halobacillus	45667	G	840	113	953	0.00003
Psychrobacillus	1221880	G	710	256	966	0.00003
Sutcliffiella	2837511	G	702	255	957	0.00003
Fictibacillus	1329200	G	685	111	796	0.00002
Salicibibacter	2685905	G	622	35	657	0.00002
Weizmannia	2817139	G	618	308	926	0.00003
Oceanobacillus	182709	G	557	86	643	0.00002
Heyndrickxia	2837504	G	529	181	710	0.00002
Salisediminibacterium	1434042	G	461	65	526	0.00001
Gracilibacillus	74385	G	433	48	481	0.00001
Gottfriedia	2837503	G	297	98	395	0.00001
Lentibacillus	175304	G	269	19	288	0.00001
Anaerobacillus	704093	G	251	61	312	0.00001
Lederbergia	2804231	G	233	65	298	0.00001
Radiobacillus	2785518	G	230	45	275	0.00001
Pontibacillus	289201	G	208	28	236	0.00001
Caldalkalibacillus	379065	G	198	38	236	0.00001
Caldibacillus	1276290	G	196	69	265	0.00001
Halalkalibacterium	2893055	G	189	144	333	0.00001
Salimicrobium	351195	G	187	29	216	0.00001
Alkalihalophilus	2893060	G	177	33	210	0.00001
Mangrovibacillus	2920444	G	177	107	284	0.00001
Pradoshia	2651279	G	159	53	212	0.00001
Aeribacillus	1055323	G	156	64	220	0.00001
Evansella	2837485	G	143	22	165	0.00000
Sediminibacillus	482460	G	129	23	152	0.00000
Paraliobacillus	200903	G	106	19	125	0.00000
Paenibacillus	44249	G	80028	7684	87712	0.00246
Brevibacillus	55080	G	7114	1221	8335	0.00023
Cohnella	329857	G	5338	736	6074	0.00017
Thermobacillus	76632	G	3502	430	3932	0.00011
Saccharibacillus	456492	G	2917	319	3236	0.00009
Aneurinibacillus	55079	G	449	95	544	0.00002
Planococcus	1372	G	8445	2489	10934	0.00031
Sporosarcina	1569	G	1226	266	1492	0.00004
Solibacillus	648800	G	929	348	1277	0.00004
Paenisporosarcina	651660	G	256	98	354	0.00001
Ureibacillus	160795	G	199	128	327	0.00001
Kurthia	1649	G	155	69	224	0.00001
Jeotgalibacillus	157226	G	123	42	165	0.00000
Alicyclobacillus	29330	G	5173	381	5554	0.00016
Tumebacillus	432330	G	3665	1211	4876	0.00014
Kyrpidia	1129704	G	1501	81	1582	0.00004
Effusibacillus	1502725	G	276	36	312	0.00001
Novibacillus	1677050	G	1377	180	1557	0.00004
Kroppenstedtia	1274351	G	954	78	1032	0.00003
Staphylospora	2689589	G	852	135	987	0.00003
Polycladomyces	1348505	G	599	53	652	0.00002
Thermoactinomyces	2023	G	463	89	552	0.00002
Laceyella	292635	G	336	75	411	0.00001
Exiguobacterium	33986	G	3556	1104	4660	0.00013
Gemella	1378	G	126	50	176	0.00000
Staphylococcus	1279	G	1953	14118	16071	0.00045
Macrococcus	69965	G	259	78	337	0.00001
Jeotgalicoccus	227979	G	184	21	205	0.00001
Mammaliicoccus	2803850	G	180	96	276	0.00001
Salinicoccus	45669	G	134	43	177	0.00000
Listeria	1637	G	645	6213	6858	0.00019
Sporolactobacillus	2077	G	239	34	273	0.00001
Limosilactobacillus	2742598	G	1104	590	1694	0.00005
Levilactobacillus	2767886	G	870	205	1075	0.00003
Lactobacillus	1578	G	811	661	1472	0.00004
Lacticaseibacillus	2759736	G	758	241	999	0.00003
Lactiplantibacillus	2767842	G	424	119	543	0.00002
Schleiferilactobacillus	2767891	G	353	35	388	0.00001
Weissella	46255	G	319	68	387	0.00001
Ligilactobacillus	2767887	G	271	157	428	0.00001
Leuconostoc	1243	G	234	43	277	0.00001
Lentilactobacillus	2767893	G	197	54	251	0.00001
Companilactobacillus	2767879	G	178	20	198	0.00001
Oenococcus	46254	G	170	8	178	0.00000
Latilactobacillus	2767885	G	160	45	205	0.00001
Loigolactobacillus	2767889	G	154	65	219	0.00001
Pediococcus	1253	G	139	83	222	0.00001
Secundilactobacillus	2767892	G	133	35	168	0.00000
Streptococcus	1301	G	2077	2182	4259	0.00012
Lactococcus	1357	G	394	318	712	0.00002
Enterococcus	1350	G	1041	1185	2226	0.00006
Vagococcus	2737	G	262	183	445	0.00001
Tetragenococcus	51668	G	137	24	161	0.00000
Jeotgalibaca	1470540	G	185	73	258	0.00001
Carnobacterium	2747	G	171	49	220	0.00001
Aerococcus	1375	G	263	79	342	0.00001
Faecalibacterium	216851	G	3835	2238	6073	0.00017
Dysosmobacter	2591381	G	2339	900	3239	0.00009
Flavonifractor	946234	G	2158	474	2632	0.00007
Vescimonas	2892396	G	1068	990	2058	0.00006
Ethanoligenens	253238	G	960	46	1006	0.00003
Ruthenibacterium	1905344	G	931	227	1158	0.00003
Anaerotruncus	244127	G	760	356	1116	0.00003
Caproiciproducens	1738645	G	742	77	819	0.00002
Oscillibacter	459786	G	734	211	945	0.00003
Acutalibacter	1918385	G	564	24	588	0.00002
Caproicibacter	2576755	G	489	25	514	0.00001
Ruminococcus	1263	G	415	15	430	0.00001
Pusillibacter	2892397	G	392	235	627	0.00002
Caproicibacterium	2834348	G	294	19	313	0.00001
Solibaculum	2842531	G	249	190	439	0.00001
Acetivibrio	35829	G	217	101	318	0.00001
Ruminiclostridium	1508657	G	100	20	120	0.00000
Thermaerobacter	73918	G	14098	993	15091	0.00042
Intestinimonas	1392389	G	1031	356	1387	0.00004
Flintibacter	1918454	G	605	67	672	0.00002
Emergencia	1926556	G	228	71	299	0.00001
Aminipila	2060094	G	223	17	240	0.00001
Massilistercora	2717089	G	314	256	570	0.00002
Carboxydocella	178898	G	228	22	250	0.00001
Clostridium	1485	G	4467	2348	6815	0.00019
Alkaliphilus	114627	G	381	51	432	0.00001
Hungatella	1649459	G	379	12	391	0.00001
Crassaminicella	1848399	G	152	20	172	0.00000
Symbiobacterium	2733	G	5664	444	6108	0.00017
Lachnoclostridium	1506553	G	1034	493	1527	0.00004
Blautia	572511	G	757	1127	1884	0.00005
Roseburia	841	G	370	269	639	0.00002
Anaerocolumna	1843210	G	366	13	379	0.00001
Enterocloster	2719313	G	359	184	543	0.00002
Anaerostipes	207244	G	271	77	348	0.00001
Lacrimispora	2719231	G	258	17	275	0.00001
Coprococcus	33042	G	237	163	400	0.00001
Butyrivibrio	830	G	162	19	181	0.00001
Mediterraneibacter	2316020	G	114	82	196	0.00001
Anaerotignum	2039240	G	103	10	113	0.00000
Candidatus Desulforudis	471826	G	1490	81	1571	0.00004
Desulforamulus	2916693	G	527	113	640	0.00002
Acididesulfobacillus	2924872	G	415	15	430	0.00001
Candidatus Formimonas	2840454	G	268	12	280	0.00001
Thermanaerosceptrum	2651578	G	169	21	190	0.00001
Desulfofarcimen	2282742	G	119	12	131	0.00000
Christensenella	990721	G	1760	769	2529	0.00007
Heliomicrobium	2831443	G	1460	589	2049	0.00006
Eubacterium	1730	G	901	245	1146	0.00003
Acetobacterium	33951	G	374	50	424	0.00001
Alkalibacter	274470	G	145	8	153	0.00000
Desulfitobacterium	36853	G	520	107	627	0.00002
Desulfosporosinus	79206	G	493	48	541	0.00002
Dehalobacter	56112	G	213	24	237	0.00001
Syntrophobotulus	51196	G	143	8	151	0.00000
Romboutsia	1501226	G	215	78	293	0.00001
Clostridioides	1870884	G	177	78	255	0.00001
Peptoclostridium	1481960	G	137	20	157	0.00000
Paeniclostridium	1849828	G	124	26	150	0.00000
Acetoanaerobium	186831	G	108	9	117	0.00000
Terrisporobacter	1505652	G	100	15	115	0.00000
Syntrophothermus	129001	G	219	15	234	0.00001
Syntrophomonas	862	G	140	17	157	0.00000
Desulfoscipio	2867376	G	287	22	309	0.00001
Thermincola	278993	G	165	12	177	0.00000
Desulfotomaculum	1562	G	130	47	177	0.00000
Moorella	44260	G	2260	82	2342	0.00007
Ammonifex	42837	G	767	26	793	0.00002
Gelria	189326	G	1928	132	2060	0.00006
Thermacetogenium	140458	G	691	556	1247	0.00003
Carboxydothermus	129957	G	256	19	275	0.00001
Thermoanaerobacter	1754	G	215	53	268	0.00001
Thermanaeromonas	202949	G	193	5	198	0.00001
Caldanaerobacter	249529	G	101	67	168	0.00000
Caldicellulosiruptor	44000	G	220	32	252	0.00001
Thermoanaerobacterium	28895	G	176	57	233	0.00001
Zhaonella	2748674	G	185	23	208	0.00001
Mahella	252965	G	140	68	208	0.00001
Thermodesulfobium	227388	G	104	2	106	0.00000
Iocasia	2899804	G	223	16	239	0.00001
Halothermothrix	32636	G	105	11	116	0.00000
Anoxybacter	1769008	G	177	37	214	0.00001
Thermosediminibacter	291988	G	320	19	339	0.00001
Biomaibacter	2770094	G	174	9	183	0.00001
Natranaerofaba	2807497	G	111	12	123	0.00000
Koleobacter	2786989	G	113	9	122	0.00000
Selenomonas	970	G	6125	307	6432	0.00018
Pelosinus	365348	G	553	60	613	0.00002
Sporomusa	2375	G	381	42	423	0.00001
Methylomusa	2093783	G	249	14	263	0.00001
Megasphaera	906	G	1516	535	2051	0.00006
Dialister	39948	G	218	7	225	0.00001
Veillonella	29465	G	181	26	207	0.00001
Acidaminococcus	904	G	529	69	598	0.00002
Phascolarctobacterium	33024	G	383	120	503	0.00001
Limnochorda	1676651	G	5765	213	5978	0.00017
Allobaculum	174708	G	326	25	351	0.00001
Faecalibaculum	1729679	G	266	28	294	0.00001
Erysipelatoclostridium	1505663	G	178	220	398	0.00001
Erysipelothrix	1647	G	145	15	160	0.00000
Turicibacter	191303	G	556	335	891	0.00002
Peptoniphilus	162289	G	329	96	425	0.00001
Murdochiella	1161127	G	136	105	241	0.00001
Anaerococcus	165779	G	127	126	253	0.00001
Gottschalkia	1505664	G	142	15	157	0.00000
Ezakiella	1582879	G	149	279	428	0.00001
Ndongobacter	1930845	G	184	178	362	0.00001
Deinococcus	1298	G	64954	6213	71167	0.00199
Thermus	270	G	10309	739	11048	0.00031
Oceanithermus	208447	G	5448	530	5978	0.00017
Meiothermus	65551	G	5151	315	5466	0.00015
Marinithermus	186191	G	3288	518	3806	0.00011
Truepera	332248	G	5228	257	5485	0.00015
Synechococcus	1129	G	27562	2505	30067	0.00084
Dactylococcopsis	13034	G	112	32	144	0.00000
Cyanobium	167375	G	6103	1108	7211	0.00020
Parasynechococcus	2881427	G	391	90	481	0.00001
Prochlorococcus	1218	G	373	17	390	0.00001
Acaryochloris	155977	G	422	11	433	0.00001
Synechocystis	1142	G	381	141	522	0.00001
Chamaesiphon	217161	G	376	16	392	0.00001
Allocoleopsis	2886347	G	3069	247	3316	0.00009
Geitlerinema	63132	G	1524	173	1697	0.00005
Microcoleus	44471	G	2379	319	2698	0.00008
Oxynema	1492710	G	687	46	733	0.00002
Planktothrix	54304	G	195	14	209	0.00001
Oscillatoria	1158	G	1836	236	2072	0.00006
Moorena	1155738	G	862	16	878	0.00002
Koinonema	2023214	G	405	18	423	0.00001
Crinalium	241421	G	190	18	208	0.00001
Limnospira	2596745	G	107	4	111	0.00000
Gloeothece	28070	G	220	12	232	0.00001
Rippkaea	2546365	G	121	15	136	0.00000
Crocosphaera	263510	G	107	13	120	0.00000
Microcystis	1125	G	606	132	738	0.00002
Geminocystis	669357	G	257	23	280	0.00001
Gloeocapsa	102231	G	189	14	203	0.00001
Nostoc	1177	G	4417	526	4943	0.00014
Anabaena	1163	G	333	1405	1738	0.00005
Cylindrospermum	56106	G	158	12	170	0.00000
Trichormus	264688	G	101	50	151	0.00000
Calothrix	1186	G	2441	339	2780	0.00008
Scytonema	1203	G	1039	127	1166	0.00003
Brasilonema	383614	G	244	23	267	0.00001
Sphaerospermopsis	752201	G	377	60	437	0.00001
Nodularia	159191	G	307	41	348	0.00001
Dolichospermum	748770	G	174	478	652	0.00002
Anabaenopsis	110103	G	151	53	204	0.00001
Fischerella	1190	G	373	41	414	0.00001
Tolypothrix	111782	G	317	55	372	0.00001
Rivularia	373984	G	116	5	121	0.00000
Leptolyngbya	47251	G	5267	315	5582	0.00016
Kovacikia	1874526	G	743	53	796	0.00002
Leptothermofonsia	2917830	G	458	38	496	0.00001
Leptodesmis	2664261	G	347	33	380	0.00001
Thermoleptolyngbya	2303528	G	1112	84	1196	0.00003
Halomicronema	170610	G	642	21	663	0.00002
Thermosynechococcus	146785	G	634	44	678	0.00002
Pseudanabaena	1152	G	351	12	363	0.00001
Gloeobacter	33071	G	7794	161	7955	0.00022
Anthocerotibacter	2857076	G	555	14	569	0.00002
Chroococcidiopsis	54298	G	916	100	1016	0.00003
Pleurocapsa	44474	G	236	21	257	0.00001
Stanieria	102115	G	152	11	163	0.00000
Gloeomargarita	1188227	G	208	5	213	0.00001
Thermostichus	2881385	G	160	70	230	0.00001
Sphaerobacter	2056	G	16498	876	17374	0.00049
Thermomicrobium	499	G	3646	69	3715	0.00010
Roseiflexus	120961	G	7769	373	8142	0.00023
Chloroflexus	1107	G	3099	111	3210	0.00009
Tepidiforma	2682228	G	8000	313	8313	0.00023
Candidatus Promineofilum	1988031	G	7463	140	7603	0.00021
Caldilinea	233191	G	3870	212	4082	0.00011
Anaerolinea	233189	G	1129	78	1207	0.00003
Pelolinea	1649478	G	985	31	1016	0.00003
Brevefilum	2019482	G	411	10	421	0.00001
Dehalogenimonas	670486	G	1651	77	1728	0.00005
Dehalococcoides	61434	G	570	34	604	0.00002
Thermobaculum	262406	G	1649	189	1838	0.00005
Ktedonosporobacter	2692417	G	1488	38	1526	0.00004
Phototrophicus	2922426	G	988	9	997	0.00003
Fimbriimonas	1005038	G	3672	20	3692	0.00010
Chthonomonas	1077265	G	786	6	792	0.00002
Mycoplasma	2093	G	252	113	365	0.00001
Mycoplasmopsis	2767358	G	176	54	230	0.00001
Spiroplasma	2132	G	238	16	254	0.00001
Bradyrhizobium	374	G	803721	87510	891231	0.02497
Rhodopseudomonas	1073	G	48553	12047	60600	0.00170
Tardiphaga	1395974	G	16889	2283	19172	0.00054
Nitrobacter	911	G	16800	1827	18627	0.00052
Afipia	1033	G	11099	4149	15248	0.00043
Variibacter	1649510	G	10309	689	10998	0.00031
Methylobacterium	407	G	267095	44889	311984	0.00874
Microvirga	186650	G	246664	24725	271389	0.00760
Methylorubrum	2282523	G	55033	22485	77518	0.00217
Rhizobium	379	G	179195	51758	230953	0.00647
Agrobacterium	357	G	39054	12177	51231	0.00144
Neorhizobium	1525371	G	23316	4694	28010	0.00078
Pseudorhizobium	1903858	G	8550	1519	10069	0.00028
Sinorhizobium	28105	G	106206	50520	156726	0.00439
Ensifer	106591	G	42146	6713	48859	0.00137
Shinella	323620	G	35298	21862	57160	0.00160
Ciceribacter	1648508	G	4575	749	5324	0.00015
Georhizobium	2661800	G	4324	793	5117	0.00014
Peteryoungia	2853332	G	1515	218	1733	0.00005
Liberibacter	34019	G	180	157	337	0.00001
Mesorhizobium	68287	G	302910	49793	352703	0.00988
Aquibium	2911176	G	23943	5200	29143	0.00082
Aminobacter	31988	G	18580	11247	29827	0.00084
Nitratireductor	245876	G	14734	2002	16736	0.00047
Phyllobacterium	28100	G	7869	717	8586	0.00024
Roseitalea	1915401	G	6286	945	7231	0.00020
Hoeflea	274591	G	4824	405	5229	0.00015
Oricola	1594166	G	4607	561	5168	0.00014
Salaquimonas	2712688	G	1551	61	1612	0.00005
Lentilitoribacter	1649463	G	131	2	133	0.00000
Pseudolabrys	556257	G	35622	4698	40320	0.00113
Xanthobacter	279	G	24972	5060	30032	0.00084
Starkeya	152053	G	23915	5598	29513	0.00083
Ancylobacter	99	G	23040	6993	30033	0.00084
Labrys	204476	G	8605	791	9396	0.00026
Azorhizobium	6	G	7893	1489	9382	0.00026
Rhodoplanes	29407	G	48023	4128	52151	0.00146
Hyphomicrobium	81	G	19988	1252	21240	0.00060
Methyloceanibacter	1484898	G	12081	781	12862	0.00036
Methyloligella	1485594	G	7555	846	8401	0.00024
Aquabacter	45402	G	6801	989	7790	0.00022
Rhodomicrobium	1068	G	4581	292	4873	0.00014
Caenibius	2827482	G	3713	1444	5157	0.00014
Filomicrobium	119044	G	2008	56	2064	0.00006
Devosia	46913	G	79776	5688	85464	0.00239
Youhaiella	1827478	G	6769	1365	8134	0.00023
Paradevosia	1573407	G	6248	2093	8341	0.00023
Pelagibacterium	1082930	G	3050	365	3415	0.00010
Maritalea	623276	G	522	17	539	0.00002
Bosea	85413	G	86975	11866	98841	0.00277
Aureimonas	414371	G	37157	6622	43779	0.00123
Martelella	293088	G	18138	2983	21121	0.00059
Aurantimonas	182269	G	10652	2844	13496	0.00038
Methylocystis	133	G	25633	2021	27654	0.00077
Methylosinus	425	G	13287	1773	15060	0.00042
Pseudorhodoplanes	1734920	G	18327	1181	19508	0.00055
Nordella	169055	G	13645	672	14317	0.00040
Terrihabitans	2874214	G	5885	590	6475	0.00018
Phreatobacter	1632780	G	35492	5436	40928	0.00115
Stappia	152161	G	14603	2488	17091	0.00048
Roseibium	150830	G	6885	792	7677	0.00022
Pannonibacter	227873	G	6743	4083	10826	0.00030
Labrenzia	478070	G	5310	428	5738	0.00016
Pseudovibrio	258255	G	1217	60	1277	0.00004
Chelatococcus	28209	G	25346	5022	30368	0.00085
Kaustia	2838250	G	12022	1041	13063	0.00037
Parvibaculum	256616	G	4519	2860	7379	0.00021
Pyruvatibacter	1742974	G	3253	347	3600	0.00010
Candidatus Phaeomarinobacter	1541445	G	1305	54	1359	0.00004
Blastochloris	59282	G	19191	4077	23268	0.00065
Methylocella	120652	G	9133	750	9883	0.00028
Methylovirgula	1156568	G	6906	518	7424	0.00021
Beijerinckia	532	G	1927	138	2065	0.00006
Acuticoccus	1904377	G	14174	1406	15580	0.00044
Kaistia	166953	G	12117	2656	14773	0.00041
Brucella	234	G	10813	12594	23407	0.00066
Pseudochrobactrum	354349	G	935	149	1084	0.00003
Hartmannibacter	1572860	G	7180	1128	8308	0.00023
Breoghania	1406135	G	7040	828	7868	0.00022
Lichenihabitans	2723776	G	6674	296	6970	0.00020
Cohaesibacter	655352	G	1156	44	1200	0.00003
Bartonella	773	G	999	110	1109	0.00003
Sphingomonas	13687	G	490262	64789	555051	0.01555
Sphingopyxis	165697	G	93227	18053	111280	0.00312
Sphingobium	165695	G	86692	39698	126390	0.00354
Novosphingobium	165696	G	66299	22194	88493	0.00248
Rhizorhabdus	1649486	G	29951	13194	43145	0.00121
Allosphingosinicella	2823232	G	15479	1786	17265	0.00048
Sphingosinithalassobacter	2676233	G	11325	2456	13781	0.00039
Parasphingopyxis	1234545	G	7265	341	7606	0.00021
Sphingorhabdus	1434046	G	6404	407	6811	0.00019
Blastomonas	150203	G	6075	1000	7075	0.00020
Tardibacter	2685927	G	4151	2958	7109	0.00020
Hankyongella	1763827	G	4136	728	4864	0.00014
Citromicrobium	72173	G	3792	1566	5358	0.00015
Novosphingopyxis	2709686	G	2868	1438	4306	0.00012
Parasphingorhabdus	2709685	G	1790	55	1845	0.00005
Aquisediminimonas	2676781	G	1653	63	1716	0.00005
Erythrobacter	1041	G	45217	10929	56146	0.00157
Porphyrobacter	1111	G	14401	3729	18130	0.00051
Qipengyuania	1855416	G	27927	6994	34921	0.00098
Altererythrobacter	361177	G	19242	4916	24158	0.00068
Tsuneonella	2800686	G	18888	3578	22466	0.00063
Croceicoccus	1295327	G	14596	8398	22994	0.00064
Pelagerythrobacter	2800685	G	3417	457	3874	0.00011
Aurantiacibacter	2800681	G	3303	515	3818	0.00011
Croceibacterium	2676755	G	3267	1326	4593	0.00013
Paraurantiacibacter	2800682	G	3144	392	3536	0.00010
Sphingosinicella	335405	G	35661	3366	39027	0.00109
Polymorphobacter	1508451	G	10517	394	10911	0.00031
Sandaracinobacter	56358	G	4444	288	4732	0.00013
Zymomonas	541	G	341	376	717	0.00002
Skermanella	204447	G	245368	34424	279792	0.00784
Azospirillum	191	G	146545	16936	163481	0.00458
Nitrospirillum	1543705	G	9027	891	9918	0.00028
Indioceanicola	2478349	G	8001	930	8931	0.00025
Niveispirillum	1543704	G	3897	366	4263	0.00012
Roseomonas	125216	G	96900	13499	110399	0.00309
Rhodovastum	504465	G	15616	1430	17046	0.00048
Roseococcus	35812	G	12831	1059	13890	0.00039
Komagataeibacter	1434011	G	9892	3984	13876	0.00039
Acidiphilium	522	G	9417	5131	14548	0.00041
Sediminicoccus	1706033	G	9163	418	9581	0.00027
Lichenicola	2804525	G	6722	295	7017	0.00020
Acidibrevibacterium	2603324	G	5751	457	6208	0.00017
Acetobacter	434	G	5097	1501	6598	0.00018
Gluconacetobacter	89583	G	4103	731	4834	0.00014
Gluconobacter	441	G	3696	894	4590	0.00013
Granulibacter	364409	G	2208	180	2388	0.00007
Neoasaia	320496	G	1604	276	1880	0.00005
Asaia	91914	G	1415	215	1630	0.00005
Kozakia	153497	G	1096	322	1418	0.00004
Novacetimonas	2919364	G	976	392	1368	0.00004
Oecophyllibacter	2791118	G	697	22	719	0.00002
Parasaccharibacter	1602345	G	454	21	475	0.00001
Swingsia	1649499	G	387	15	402	0.00001
Neokomagataea	1223423	G	168	25	193	0.00001
Hypericibacter	2705399	G	30916	1716	32632	0.00091
Magnetospirillum	13134	G	20616	386947	407563	0.01142
Rhodospirillum	1081	G	13992	1543	15535	0.00044
Tistrella	171436	G	9514	3920	13434	0.00038
Ferrovibrio	1231242	G	7418	429	7847	0.00022
Defluviicoccus	111830	G	4996	410	5406	0.00015
Pararhodospirillum	1612157	G	2760	199	2959	0.00008
Haematospirillum	1804663	G	451	38	489	0.00001
Candidatus Endolissoclinum	1263978	G	155	1	156	0.00000
Stella	93	G	18940	1210	20150	0.00056
Elioraea	457933	G	9850	467	10317	0.00029
Thalassospira	168934	G	3263	284	3547	0.00010
Magnetospira	1182780	G	1805	58	1863	0.00005
Terasakiella	196080	G	231	5	236	0.00001
Paracoccus	265	G	133360	19119	152479	0.00427
Cereibacter	1653176	G	41500	11445	52945	0.00148
Rhodobacter	1060	G	22222	5984	28206	0.00079
Rhodovulum	34008	G	12370	2264	14634	0.00041
Paroceanicella	2683599	G	10542	2389	12931	0.00036
Polymorphum	991903	G	8212	1810	10022	0.00028
Pontivivens	1844015	G	7390	500	7890	0.00022
Pikeienuella	2831955	G	6966	586	7552	0.00021
Thioclava	285107	G	6162	661	6823	0.00019
Silicimonas	1955420	G	5856	300	6156	0.00017
Pelagovum	2795377	G	5666	614	6280	0.00018
Frigidibacter	1775705	G	4983	1815	6798	0.00019
Pukyongiella	2831925	G	4015	810	4825	0.00014
Brevirhabdus	1855413	G	3757	1503	5260	0.00015
Fuscovulum	2818469	G	3186	335	3521	0.00010
Gymnodinialimonas	2937410	G	3126	258	3384	0.00009
Falsirhodobacter	1434002	G	3083	378	3461	0.00010
Haematobacter	366614	G	2949	1014	3963	0.00011
Tabrizicola	1443919	G	2768	208	2976	0.00008
Gemmobacter	204456	G	2666	499	3165	0.00009
Pseudopuniceibacterium	2613960	G	2556	172	2728	0.00008
Pacificitalea	2846749	G	2331	431	2762	0.00008
Pseudooceanicola	1679449	G	2270	192	2462	0.00007
Monaibacterium	2029873	G	2091	412	2503	0.00007
Roseicitreum	1209946	G	2019	90	2109	0.00006
Tritonibacter	2083206	G	1447	562	2009	0.00006
Yoonia	2211641	G	1346	259	1605	0.00004
Qingshengfaniella	2816884	G	1314	64	1378	0.00004
Pseudohalocynthiibacter	1759417	G	1213	205	1418	0.00004
Rhodophyticola	2680018	G	1176	30	1206	0.00003
Rhodobaca	119541	G	965	38	1003	0.00003
Profundibacter	2778525	G	927	28	955	0.00003
Pseudorhodobacter	238783	G	822	46	868	0.00002
Parasedimentitalea	2738399	G	686	29	715	0.00002
Aestuarium	2820509	G	662	227	889	0.00002
Cognatishimia	2211635	G	620	25	645	0.00002
Planktomarina	1284657	G	352	8	360	0.00001
Roseovarius	74030	G	20847	2810	23657	0.00066
Sulfitobacter	60136	G	18460	3357	21817	0.00061
Salipiger	263377	G	16301	4704	21005	0.00059
Roseivivax	93682	G	12939	1758	14697	0.00041
Celeribacter	875170	G	8383	2856	11239	0.00031
Leisingera	191028	G	6977	842	7819	0.00022
Phaeobacter	302485	G	6739	1208	7947	0.00022
Ruegeria	97050	G	6225	808	7033	0.00020
Sagittula	58842	G	5772	2140	7912	0.00022
Yangia	2919626	G	5623	861	6484	0.00018
Pseudosulfitobacter	2854186	G	5078	1244	6322	0.00018
Ponticoccus	983507	G	4407	590	4997	0.00014
Mameliella	1434019	G	3885	644	4529	0.00013
Dinoroseobacter	309512	G	3808	1220	5028	0.00014
Roseobacter	2433	G	3020	77	3097	0.00009
Actibacterium	1433986	G	2918	1225	4143	0.00012
Roseibacterium	159345	G	2887	220	3107	0.00009
Ketogulonicigenium	92944	G	2874	286	3160	0.00009
Oceanicola	252301	G	2635	122	2757	0.00008
Octadecabacter	53945	G	2506	149	2655	0.00007
Maribius	387095	G	2039	96	2135	0.00006
Antarctobacter	74032	G	1872	86	1958	0.00005
Tateyamaria	299261	G	1833	55	1888	0.00005
Thalassococcus	436357	G	1771	41	1812	0.00005
Jannaschia	188905	G	1665	40	1705	0.00005
Thalassobius	335927	G	977	47	1024	0.00003
Falsihalocynthiibacter	2854182	G	408	11	419	0.00001
Caulobacter	75	G	91051	12362	103413	0.00290
Brevundimonas	41275	G	87259	11612	98871	0.00277
Phenylobacterium	20	G	36301	5414	41715	0.00117
Asticcacaulis	76890	G	5419	374	5793	0.00016
Terricaulis	2768684	G	4677	145	4822	0.00014
Marinicauda	1649466	G	5917	885	6802	0.00019
Maricaulis	74317	G	1903	110	2013	0.00006
Glycocaulis	1433402	G	1634	74	1708	0.00005
Hyphobacterium	2004661	G	1289	50	1339	0.00004
Hyphomonas	85	G	5849	250	6099	0.00017
Candidatus Viadribacter	2892997	G	2865	68	2933	0.00008
Hirschia	2723	G	105	2	107	0.00000
Aquisalinus	1795639	G	2212	94	2306	0.00006
Parvularcula	208215	G	929	98	1027	0.00003
Anaplasma	768	G	319	51	370	0.00001
Wolbachia	953	G	229	16	245	0.00001
Ehrlichia	943	G	100	14	114	0.00000
Rickettsia	780	G	386	28	414	0.00001
Paremcibacter	2813804	G	679	22	701	0.00002
Luteithermobacter	2813803	G	656	115	771	0.00002
Micavibrio	213485	G	1051	13	1064	0.00003
Candidatus Puniceispirillum	767891	G	166	4	170	0.00000
Candidatus Nucleicultrix	1509243	G	108	5	113	0.00000
Candidatus Paracaedibacter	1521255	G	102	3	105	0.00000
Magnetococcus	162171	G	389	10	399	0.00001
Candidatus Pelagibacter	198251	G	134	5	139	0.00000
Kordiimonas	288021	G	171	3	174	0.00000
Burkholderia	32008	G	279639	176564	456203	0.01278
Cupriavidus	106589	G	147390	58905	206295	0.00578
Paraburkholderia	1822464	G	132633	13703	146336	0.00410
Ralstonia	48736	G	40811	27793	68604	0.00192
Pandoraea	93217	G	36099	5458	41557	0.00116
Caballeronia	1827195	G	35641	4297	39938	0.00112
Lautropia	47670	G	3411	569	3980	0.00011
Polynucleobacter	44013	G	3173	85	3258	0.00009
Chitinimonas	240411	G	2395	173	2568	0.00007
Mycetohabitans	2571159	G	1867	118	1985	0.00006
Mycoavidus	1810868	G	451	19	470	0.00001
Limnobacter	131079	G	361	16	377	0.00001
Candidatus Vallotia	2018044	G	315	37	352	0.00001
Ephemeroptericola	2680021	G	182	11	193	0.00001
Variovorax	34072	G	185449	62662	248111	0.00695
Acidovorax	12916	G	76158	35972	112130	0.00314
Hydrogenophaga	47420	G	74886	32314	107200	0.00300
Ramlibacter	174951	G	56007	20868	76875	0.00215
Comamonas	283	G	38138	23961	62099	0.00174
Rhodoferax	28065	G	32901	7350	40251	0.00113
Schlegelella	215579	G	24998	7162	32160	0.00090
Delftia	80865	G	21615	23077	44692	0.00125
Diaphorobacter	238749	G	20338	20308	40646	0.00114
Polaromonas	52972	G	16235	1225	17460	0.00049
Kinneretia	683756	G	15845	8586	24431	0.00068
Ottowia	219181	G	11506	1844	13350	0.00037
Alicycliphilus	201096	G	10346	16432	26778	0.00075
Melaminivora	1649468	G	8777	7700	16477	0.00046
Serpentinimonas	2490452	G	5754	1311	7065	0.00020
Verminephrobacter	364316	G	4686	529	5215	0.00015
Pulveribacter	2678886	G	4279	2035	6314	0.00018
Hylemonella	232523	G	4213	549	4762	0.00013
Simplicispira	352450	G	2881	1057	3938	0.00011
Limnohabitans	665874	G	1914	171	2085	0.00006
Curvibacter	281915	G	1374	91	1465	0.00004
Candidatus Symbiobacter	1436289	G	1152	39	1191	0.00003
Massilia	149698	G	191942	31415	223357	0.00626
Duganella	75654	G	14070	4158	18228	0.00051
Janthinobacterium	29580	G	27599	4937	32536	0.00091
Herbaspirillum	963	G	26914	4743	31657	0.00089
Collimonas	202907	G	11172	1155	12327	0.00035
Noviherbaspirillum	1344552	G	7413	1123	8536	0.00024
Undibacterium	401469	G	1497	87	1584	0.00004
Herminiimonas	303379	G	584	77	661	0.00002
Glaciimonas	1229970	G	554	32	586	0.00002
Oxalobacter	846	G	268	24	292	0.00001
Achromobacter	222	G	87892	33881	121773	0.00341
Bordetella	517	G	72771	84068	156839	0.00439
Pigmentiphaga	152267	G	11583	1102	12685	0.00036
Orrella	1921582	G	5569	1523	7092	0.00020
Castellaniella	359336	G	5382	3396	8778	0.00025
Alcaligenes	507	G	3529	797	4326	0.00012
Pusillimonas (ex Stolz et al. 2005)	305976	G	2340	423	2763	0.00008
Kerstersia	257820	G	2032	371	2403	0.00007
Paralcaligenes	1148163	G	1442	49	1491	0.00004
Advenella	290425	G	1371	38	1409	0.00004
Oligella	90243	G	203	69	272	0.00001
Rhizobacter	212743	G	43326	8664	51990	0.00146
Sphaerotilus	34102	G	20070	9698	29768	0.00083
Methylibium	316612	G	16042	4501	20543	0.00058
Rubrivivax	28067	G	15991	4781	20772	0.00058
Aquincola	391952	G	14512	4771	19283	0.00054
Mitsuaria	65047	G	10977	2081	13058	0.00037
Leptothrix	88	G	10858	3269	14127	0.00040
Thiomonas	32012	G	10427	1121	11548	0.00032
Xylophilus	54066	G	8124	2153	10277	0.00029
Ideonella	36862	G	6399	3547	9946	0.00028
Aquabacterium	92793	G	5630	1383	7013	0.00020
Tepidimonas	114248	G	5206	1779	6985	0.00020
Roseateles	93681	G	4978	904	5882	0.00016
Inhella	644355	G	3481	520	4001	0.00011
Paucibacter	318147	G	2842	445	3287	0.00009
Sutterella	40544	G	3475	324	3799	0.00011
Turicimonas	1918598	G	152	11	163	0.00000
Thauera	33057	G	32048	19214	51262	0.00144
Azoarcus	12960	G	26953	8019	34972	0.00098
Nitrogeniibacter	2891294	G	8578	1275	9853	0.00028
Aromatoleum	551759	G	25983	7200	33183	0.00093
Azospira	146937	G	16991	7325	24316	0.00068
Niveibacterium	1769726	G	4194	572	4766	0.00013
Oryzomicrobium	1911577	G	3231	767	3998	0.00011
Rugosibacter	1914449	G	711	111	822	0.00002
Dechloromonas	73029	G	7365	1164	8529	0.00024
Ferribacterium	88875	G	6247	950	7197	0.00020
Quatrionicoccus	138117	G	2686	704	3390	0.00009
Fluviibacter	2808942	G	367	130	497	0.00001
Usitatibacter	2803845	G	46882	3399	50281	0.00141
Nitrosospira	35798	G	30024	767	30791	0.00086
Nitrosomonas	914	G	10410	375	10785	0.00030
Denitratisoma	311181	G	6300	2875	9175	0.00026
Sulfuritalea	1054211	G	4694	624	5318	0.00015
Methyloversatilis	378210	G	4347	531	4878	0.00014
Sterolibacterium	157591	G	3018	789	3807	0.00011
Thiobacillus	919	G	5895	1072	6967	0.00020
Sulfuritortus	1938335	G	4160	1595	5755	0.00016
Sideroxydans	314343	G	3801	478	4279	0.00012
Ferrigenium	2249462	G	2570	489	3059	0.00009
Ferriphaselus	1443590	G	847	106	953	0.00003
Candidatus Nitrotoga	453161	G	752	42	794	0.00002
Gallionella	96	G	580	48	628	0.00002
Sulfuriferula	1778653	G	2803	408	3211	0.00009
Sulfurimicrobium	2772198	G	2795	320	3115	0.00009
Sulfuricella	935200	G	1355	114	1469	0.00004
Methylovorus	81682	G	902	51	953	0.00003
Methylobacillus	404	G	855	193	1048	0.00003
Methylophilus	16	G	419	23	442	0.00001
Methylotenera	359407	G	292	21	313	0.00001
Candidatus Methylopumilus	1679002	G	276	19	295	0.00001
Methyloradius	2872156	G	178	12	190	0.00001
Chromobacterium	535	G	25616	5320	30936	0.00087
Iodobacter	32014	G	314	72	386	0.00001
Jeongeupia	885864	G	6970	1162	8132	0.00023
Paludibacterium	400060	G	5735	908	6643	0.00019
Pseudogulbenkiania	568394	G	4085	1229	5314	0.00015
Vogesella	57739	G	3972	877	4849	0.00014
Aquitalea	407217	G	3020	517	3537	0.00010
Microvirgula	57479	G	2940	504	3444	0.00010
Laribacter	168470	G	2052	1803	3855	0.00011
Aquaspirillum	187	G	1370	181	1551	0.00004
Chitinibacter	230666	G	514	217	731	0.00002
Deefgea	400947	G	482	56	538	0.00002
Neisseria	482	G	8179	3271	11450	0.00032
Crenobacter	1654931	G	4926	1460	6386	0.00018
Chitinolyticbacter	1055692	G	3280	360	3640	0.00010
Vitreoscilla	59	G	1929	295	2224	0.00006
Kingella	32257	G	1081	282	1363	0.00004
Eikenella	538	G	998	252	1250	0.00004
Uruburuella	299568	G	868	126	994	0.00003
Paralysiella	2898489	G	382	72	454	0.00001
Alysiella	194195	G	176	56	232	0.00001
Conchiformibius	334107	G	145	116	261	0.00001
Casimicrobium	2706000	G	3506	1552	5058	0.00014
Lysobacter	68	G	242336	37394	279730	0.00784
Stenotrophomonas	40323	G	87487	36181	123668	0.00346
Xanthomonas	338	G	81344	42021	123365	0.00346
Luteimonas	83614	G	60441	11408	71849	0.00201
Pseudoxanthomonas	83618	G	43943	18026	61969	0.00174
Thermomonas	141948	G	23941	6138	30079	0.00084
Arenimonas	490567	G	7449	1388	8837	0.00025
Pseudolysobacter	2709666	G	2785	72	2857	0.00008
Xylella	2370	G	816	174	990	0.00003
Luteibacter	242605	G	24090	2493	26583	0.00074
Rhodanobacter	75309	G	18520	3698	22218	0.00062
Dyella	231454	G	15894	2445	18339	0.00051
Frateuria	70411	G	11952	2759	14711	0.00041
Dokdonella	323413	G	9852	1582	11434	0.00032
Aerosticca	2707020	G	4444	5427	9871	0.00028
Ahniella	2233801	G	2339	59	2398	0.00007
Pseudomonas	286	G	506784	172875	679659	0.01904
Azotobacter	352	G	11885	4576	16461	0.00046
Halopseudomonas	2901189	G	5610	921	6531	0.00018
Permianibacter	1649479	G	889	27	916	0.00003
Thiopseudomonas	1654787	G	110	21	131	0.00000
Marinobacter	2742	G	11454	862	12316	0.00035
Klebsiella	570	G	13490	90327	103817	0.00291
Raoultella	160674	G	3406	2188	5594	0.00016
Enterobacter	547	G	14884	23069	37953	0.00106
Citrobacter	544	G	6335	6662	12997	0.00036
Cronobacter	413496	G	4202	953	5155	0.00014
Leclercia	83654	G	4189	2568	6757	0.00019
Kosakonia	1330547	G	3694	652	4346	0.00012
Pseudescherichia	2055880	G	3040	181	3221	0.00009
Salmonella	590	G	2893	78120	81013	0.00227
Pluralibacter	1330546	G	2880	733	3613	0.00010
Escherichia	561	G	2106	47326	49432	0.00138
Cedecea	158483	G	2039	307	2346	0.00007
Lelliottia	1330545	G	1307	277	1584	0.00004
Kluyvera	579	G	1073	311	1384	0.00004
Candidatus Symbiopectobacterium	801	G	277	34	311	0.00001
Candidatus Blochmannia	203804	G	146	5	151	0.00000
Jejubacter	2815296	G	494	55	549	0.00002
Atlantibacter	1903434	G	471	103	574	0.00002
Shimwellia	1335483	G	450	93	543	0.00002
Yokenella	158876	G	433	191	624	0.00002
Buttiauxella	82976	G	428	62	490	0.00001
Plesiomonas	702	G	423	138	561	0.00002
Scandinavium	2726810	G	339	65	404	0.00001
Phytobacter	447792	G	306	498	804	0.00002
Pseudocitrobacter	1504576	G	295	182	477	0.00001
Serratia	613	G	22138	6092	28230	0.00079
Rahnella	34037	G	2066	539	2605	0.00007
Yersinia	629	G	1930	7546	9476	0.00027
Nissabacter	1964366	G	1523	224	1747	0.00005
Gibbsiella	929812	G	797	104	901	0.00003
Rouxiella	1565532	G	548	49	597	0.00002
Ewingella	41201	G	478	66	544	0.00002
Chania	1745211	G	222	24	246	0.00001
Pantoea	53335	G	13879	2823	16702	0.00047
Erwinia	551	G	5277	1022	6299	0.00018
Mixta	2100764	G	3113	884	3997	0.00011
Buchnera	32199	G	333	46	379	0.00001
Tatumella	82986	G	250	40	290	0.00001
Dickeya	204037	G	6039	5828	11867	0.00033
Pectobacterium	122277	G	3384	631	4015	0.00011
Brenneria	71655	G	2281	207	2488	0.00007
Lonsdalea	1082702	G	990	153	1143	0.00003
Musicola	2884243	G	578	21	599	0.00002
Edwardsiella	635	G	3861	1219	5080	0.00014
Hafnia	568	G	424	174	598	0.00002
Morganella	581	G	988	987	1975	0.00006
Providencia	586	G	741	319	1060	0.00003
Xenorhabdus	626	G	566	75	641	0.00002
Proteus	583	G	487	458	945	0.00003
Photorhabdus	29487	G	368	30	398	0.00001
Sodalis	84565	G	2510	176	2686	0.00008
Leminorella	82980	G	266	38	304	0.00001
Pragia	82984	G	109	19	128	0.00000
Thioalkalivibrio	106633	G	16271	2612	18883	0.00053
Spiribacter	1335745	G	10918	733	11651	0.00033
Acidihalobacter	1765964	G	6692	516	7208	0.00020
Halorhodospira	85108	G	3749	298	4047	0.00011
Alkalilimnicola	133193	G	3171	371	3542	0.00010
Aquisalimonas	406099	G	3151	198	3349	0.00009
Ectothiorhodospira	1051	G	2652	243	2895	0.00008
Ectothiorhodosinus	233099	G	348	21	369	0.00001
Thiodictyon	53392	G	6104	295	6399	0.00018
Allochromatium	85072	G	5608	1147	6755	0.00019
Thioflavicoccus	156885	G	5567	474	6041	0.00017
Marichromatium	85076	G	5324	939	6263	0.00018
Thiocapsa	1056	G	3999	194	4193	0.00012
Thiocystis	13724	G	3064	241	3305	0.00009
Thermochromatium	85073	G	1825	377	2202	0.00006
Caldichromatium	2828366	G	1353	144	1497	0.00004
Nitrosococcus	1227	G	1322	36	1358	0.00004
Rheinheimera	67575	G	499	80	579	0.00002
Wenzhouxiangella	1676142	G	5662	261	5923	0.00017
Thiohalobacter	1273155	G	4091	429	4520	0.00013
Guyparkeria	2035712	G	3361	782	4143	0.00012
Sulfurivermis	2034504	G	2852	971	3823	0.00011
Halothiobacillus	109262	G	1768	133	1901	0.00005
Woeseia	1738655	G	1518	24	1542	0.00004
Granulosicoccus	437504	G	653	11	664	0.00002
Sulfuriflexus	1860077	G	649	18	667	0.00002
Halomonas	2745	G	64044	9236	73280	0.00205
Cobetia	204286	G	3712	2383	6095	0.00017
Halotalea	376488	G	3534	648	4182	0.00012
Salinicola	404432	G	3451	384	3835	0.00011
Kushneria	504090	G	2349	120	2469	0.00007
Chromohalobacter	42054	G	2258	242	2500	0.00007
Pistricoccus	1897649	G	1395	96	1491	0.00004
Zymobacter	33073	G	378	50	428	0.00001
Alcanivorax	59753	G	7572	3462	11034	0.00031
Ketobacter	2025617	G	355	21	376	0.00001
Marinobacterium	48075	G	2469	281	2750	0.00008
Marinomonas	28253	G	767	74	841	0.00002
Thalassolituus	187492	G	453	52	505	0.00001
Venatorbacter	2893036	G	392	89	481	0.00001
Bacterioplanes	1537406	G	266	14	280	0.00001
Neptunomonas	75687	G	228	17	245	0.00001
Nitrincola	267849	G	172	24	196	0.00001
Amphritea	515417	G	159	13	172	0.00000
Hahella	158481	G	1586	59	1645	0.00005
Saccharospirillum	231683	G	912	50	962	0.00003
Reinekea	230494	G	328	17	345	0.00001
Gynuella	1445504	G	291	8	299	0.00001
Litoricola	418700	G	524	25	549	0.00002
Endozoicomonas	305899	G	200	11	211	0.00001
Oleiphilus	141450	G	191	12	203	0.00001
Aeromonas	642	G	34508	25354	59862	0.00168
Zobellella	347533	G	2556	533	3089	0.00009
Oceanimonas	129577	G	1156	220	1376	0.00004
Dongshaea	2802288	G	289	27	316	0.00001
Oceanisphaera	225143	G	228	27	255	0.00001
Tolumonas	43947	G	186	71	257	0.00001
Methylococcus	413	G	10728	771	11499	0.00032
Methylomonas	416	G	6434	205	6639	0.00019
Methylomagnum	1760987	G	3326	143	3469	0.00010
Methylocaldum	73778	G	3155	171	3326	0.00009
Methylogaea	1295378	G	2747	202	2949	0.00008
Methylomicrobium	39773	G	2538	405	2943	0.00008
Candidatus Methylospira	1808977	G	893	38	931	0.00003
Methylotuvimicrobium	2822410	G	592	312	904	0.00003
Methylovulum	762296	G	454	10	464	0.00001
Methylobacter	429	G	157	9	166	0.00000
Solimonas	413435	G	8943	853	9796	0.00027
Flagellatimonas	2893022	G	2871	174	3045	0.00009
Sinimarinibacterium	1861863	G	1368	669	2037	0.00006
Steroidobacter	469322	G	8138	1937	10075	0.00028
Microbulbifer	48073	G	9615	519	10134	0.00028
Cellvibrio	10	G	3708	127	3835	0.00011
Simiduia	447467	G	683	32	715	0.00002
Teredinibacter	2425	G	636	26	662	0.00002
Marinagarivorans	1792291	G	122	9	131	0.00000
Saccharophagus	316625	G	121	3	124	0.00000
Kineobactrum	2678529	G	1790	63	1853	0.00005
Halioglobus	1217416	G	1341	40	1381	0.00004
Congregibacter	393661	G	688	243	931	0.00003
Aequoribacter	2847769	G	198	20	218	0.00001
Spongiibacter	630749	G	1367	107	1474	0.00004
Zhongshania	1434050	G	272	15	287	0.00001
Oceanicoccus	1084558	G	138	2	140	0.00000
Sulfurifustis	1692042	G	11085	659	11744	0.00033
Sulfuricaulis	1744881	G	4021	284	4305	0.00012
Acidiferrobacter	986106	G	3406	62	3468	0.00010
Shewanella	22	G	9178	1498	10676	0.00030
Alteromonas	226	G	1208	222	1430	0.00004
Salinimonas	288793	G	528	75	603	0.00002
Hydrocarboniclastica	2650549	G	875	112	987	0.00003
Agarivorans	261825	G	261	19	280	0.00001
Lacimicrobium	1751872	G	258	16	274	0.00001
Paraglaciecola	1621534	G	247	16	263	0.00001
Saliniradius	2661818	G	225	19	244	0.00001
Paraneptunicella	2905123	G	114	5	119	0.00000
Pseudoalteromonas	53246	G	2379	313	2692	0.00008
Ferrimonas	44011	G	1168	134	1302	0.00004
Colwellia	28228	G	234	21	255	0.00001
Thalassotalea	1518149	G	199	22	221	0.00001
Idiomarina	135575	G	472	51	523	0.00001
Moritella	58050	G	195	32	227	0.00001
Psychromonas	67572	G	124	12	136	0.00000
Vibrio	662	G	8387	1826	10213	0.00029
Photobacterium	657	G	1442	273	1715	0.00005
Salinivibrio	51366	G	320	36	356	0.00001
Grimontia	246861	G	172	22	194	0.00001
Thaumasiovibrio	2014233	G	108	13	121	0.00000
Acinetobacter	469	G	4369	2414	6783	0.00019
Psychrobacter	497	G	889	43	932	0.00003
Moraxella	475	G	651	68	719	0.00002
Aquirhabdus	2824158	G	120	5	125	0.00000
Immundisolibacter	1934947	G	4969	856	5825	0.00016
Candidatus Endoriftia	393764	G	1468	113	1581	0.00004
Sedimenticola	349742	G	1029	40	1069	0.00003
Candidatus Reidiella	2738850	G	621	12	633	0.00002
Thiolapillus	1608298	G	540	12	552	0.00002
Pseudohongiella	1524249	G	437	11	448	0.00001
Gallaecimonas	745410	G	291	22	313	0.00001
Thiomicrorhabdus	2039723	G	452	22	474	0.00001
Methylophaga	40222	G	334	76	410	0.00001
Thiomicrospira	933	G	325	84	409	0.00001
Hydrogenovibrio	28884	G	256	90	346	0.00001
Thiosulfatimonas	2781121	G	107	7	114	0.00000
Thiothrix	1030	G	1409	42	1451	0.00004
Francisella	262	G	337	38	375	0.00001
Salinisphaera	180541	G	3363	136	3499	0.00010
Legionella	445	G	1724	178	1902	0.00005
Aquicella	254245	G	464	14	478	0.00001
Coxiella	776	G	287	60	347	0.00001
Pasteurella	745	G	358	580	938	0.00003
Actinobacillus	713	G	332	140	472	0.00001
Aggregatibacter	416916	G	327	63	390	0.00001
Haemophilus	724	G	302	138	440	0.00001
Mannheimia	75984	G	263	59	322	0.00001
Avibacterium	292486	G	121	20	141	0.00000
Cardiobacterium	2717	G	1852	244	2096	0.00006
Kangiella	261963	G	308	19	327	0.00001
Archangium	47	G	123080	10336	133416	0.00374
Cystobacter	42	G	58105	9906	68011	0.00191
Stigmatella	40	G	25497	1878	27375	0.00077
Melittangium	44	G	16015	2560	18575	0.00052
Myxococcus	32	G	60734	54695	115429	0.00323
Corallococcus	83461	G	58607	5681	64288	0.00180
Pyxidicoccus	224458	G	34096	1678	35774	0.00100
Anaeromyxobacter	161492	G	113186	8339	121525	0.00340
Vulgatibacter	1524214	G	11737	882	12619	0.00035
Sorangium	39643	G	193991	20460	214451	0.00601
Polyangium	55	G	46873	3269	50142	0.00140
Chondromyces	50	G	17702	623	18325	0.00051
Pajaroellobacter	1882917	G	190	4	194	0.00001
Sandaracinus	1055688	G	59438	2853	62291	0.00175
Labilithrix	1524217	G	25342	897	26239	0.00074
Haliangium	162027	G	24430	1193	25623	0.00072
Geomonas	2651583	G	20513	2990	23503	0.00066
Geobacter	28231	G	16848	1692	18540	0.00052
Citrifermentans	2883512	G	6123	1297	7420	0.00021
Geotalea	2910589	G	2488	150	2638	0.00007
Geoalkalibacter	392332	G	1324	999	2323	0.00007
Trichlorobacter	115782	G	797	91	888	0.00002
Desulfuromonas	890	G	13862	1579	15441	0.00043
Pelobacter	18	G	2056	640	2696	0.00008
Syntrophotalea	2812025	G	2579	272	2851	0.00008
Desulfovibrio	872	G	13878	1618	15496	0.00043
Pseudodesulfovibrio	2035811	G	13343	2211	15554	0.00044
Solidesulfovibrio	2910984	G	8591	796	9387	0.00026
Oceanidesulfovibrio	2905722	G	3381	178	3559	0.00010
Desulfolutivibrio	2773294	G	2581	552	3133	0.00009
Desulfocurvibacter	2582840	G	2463	161	2624	0.00007
Megalodesulfovibrio	2910978	G	1892	78	1970	0.00006
Oleidesulfovibrio	2909705	G	546	635	1181	0.00003
Paradesulfovibrio	2910986	G	300	26	326	0.00001
Maridesulfovibrio	2794998	G	298	24	322	0.00001
Desulfomicrobium	898	G	2576	263	2839	0.00008
Desulfohalobium	45662	G	622	26	648	0.00002
Desulfosarcina	2299	G	5502	714	6216	0.00017
Desulfococcus	896	G	1438	228	1666	0.00005
Desulfatibacillum	218207	G	1140	33	1173	0.00003
Desulfoluna	497721	G	996	45	1041	0.00003
Desulfonema	45654	G	590	12	602	0.00002
Desulfobacter	2289	G	429	36	465	0.00001
Desulforapulum	2904687	G	324	30	354	0.00001
Desulfobacula	28222	G	115	8	123	0.00000
Desulfobulbus	893	G	3285	528	3813	0.00011
Desulfurivibrio	427922	G	1349	66	1415	0.00004
Desulfomarina	2894767	G	164	14	178	0.00001
Desulfosudis	2904716	G	1130	64	1194	0.00003
Desulfosediminicola	2886823	G	538	51	589	0.00002
Desulfotalea	109168	G	166	27	193	0.00001
Desulfocapsa	53318	G	118	6	124	0.00000
Persicimonas	2766927	G	9885	272	10157	0.00028
Bradymonas	1779136	G	3323	1331	4654	0.00013
Desulfarculus	453229	G	3974	1985	5959	0.00017
Syntrophobacter	29526	G	2182	771	2953	0.00008
Desulfoglaeba	361106	G	1705	78	1783	0.00005
Desulfomonile	2357	G	718	6	724	0.00002
Desulfobacca	60892	G	681	16	697	0.00002
Syntrophus	43773	G	572	35	607	0.00002
Dissulfurimicrobium	1769732	G	300	18	318	0.00001
Candidatus Desulfofervidus	1902583	G	215	4	219	0.00001
Campylobacter	194	G	1916	239	2155	0.00006
Sulfurimonas	202746	G	1300	83	1383	0.00004
Nitratifractor	269260	G	524	25	549	0.00002
Sulfurovum	265570	G	514	36	550	0.00002
Helicobacter	209	G	920	70	990	0.00003
Aliarcobacter	2321111	G	258	89	347	0.00001
Arcobacter	28196	G	154	53	207	0.00001
Hydrogenimonas	223785	G	506	37	543	0.00002
Sulfurospirillum	57665	G	315	14	329	0.00001
Nitratiruptor	269258	G	149	54	203	0.00001
Nitrosophilus	2795692	G	149	86	235	0.00001
Acidithiobacillus	119977	G	3917	413	4330	0.00012
Bdellovibrio	958	G	1682	58	1740	0.00005
Pseudobdellovibrio	2862745	G	108	3	111	0.00000
Bacteriovorax	146784	G	174	37	211	0.00001
Hydrogenophilus	70774	G	1192	238	1430	0.00004
Mariprofundus	377315	G	733	22	755	0.00002
Gemmata	113	G	63083	5742	68825	0.00193
Urbifossiella	2807415	G	54120	4499	58619	0.00164
Frigoriglobus	2774146	G	33802	5050	38852	0.00109
Limnoglobus	2731450	G	24464	1072	25536	0.00072
Tuwongella	2051044	G	2676	104	2780	0.00008
Telmatocola	1382832	G	2177	20	2197	0.00006
Tautonia	2680020	G	51557	4218	55775	0.00156
Aquisphaera	1511635	G	35100	5466	40566	0.00114
Paludisphaera	1763521	G	21808	4303	26111	0.00073
Singulisphaera	466152	G	18149	2399	20548	0.00058
Isosphaera	127	G	3598	237	3835	0.00011
Lacipirellula	2691417	G	26463	1707	28170	0.00079
Pirellulimonas	2795783	G	11755	1215	12970	0.00036
Botrimarina	2795782	G	10016	892	10908	0.00031
Aeoliella	2795781	G	3572	281	3853	0.00011
Adhaeretor	2862451	G	2180	198	2378	0.00007
Bythopirellula	1400386	G	1758	120	1878	0.00005
Stieleria	2795973	G	7957	791	8748	0.00025
Lignipirellula	2795775	G	7553	790	8343	0.00023
Rosistilla	2795779	G	7067	464	7531	0.00021
Anatilimnocola	2807414	G	6834	679	7513	0.00021
Pirellula	123	G	4848	149	4997	0.00014
Bremerella	2714594	G	4744	318	5062	0.00014
Roseimaritima	1579506	G	4366	257	4623	0.00013
Rubripirellula	1579505	G	1897	327	2224	0.00006
Rhodopirellula	265488	G	1367	85	1452	0.00004
Mariniblastus	2005380	G	1309	22	1331	0.00004
Aureliella	2795605	G	1118	80	1198	0.00003
Thermogutta	1676125	G	1311	37	1348	0.00004
Planctomyces	118	G	35715	7730	43445	0.00122
Caulifigura	2795778	G	11816	709	12525	0.00035
Gimesia	1649453	G	11087	537	11624	0.00033
Alienimonas	2714737	G	9532	650	10182	0.00029
Maioricimonas	2795777	G	8774	1003	9777	0.00027
Symmachiella	2795780	G	3661	196	3857	0.00011
Fuerstiella	1936111	G	2175	34	2209	0.00006
Rubinisphaera	1649490	G	2066	188	2254	0.00006
Crateriforma	2714592	G	1824	329	2153	0.00006
Planctopirus	1649480	G	1809	65	1874	0.00005
Calycomorphotria	2795776	G	1778	60	1838	0.00005
Polystyrenella	2795774	G	757	59	816	0.00002
Thalassoglobus	2795865	G	689	32	721	0.00002
Humisphaera	2807511	G	24879	615	25494	0.00071
Phycisphaera	666508	G	8694	691	9385	0.00026
Mucisphaera	2913022	G	3830	200	4030	0.00011
Poriferisphaera	2803301	G	442	3	445	0.00001
Anaerohalosphaera	2690159	G	680	21	701	0.00002
Limihaloglobus	2690160	G	291	14	305	0.00001
Sedimentisphaera	2483368	G	258	86	344	0.00001
Candidatus Kuenenia	380738	G	269	1	270	0.00001
Candidatus Uabimicrobium	2897349	G	174	3	177	0.00000
Opitutus	178440	G	20726	1677	22403	0.00063
Lacunisphaera	1961799	G	7434	1016	8450	0.00024
Nibricoccus	2576890	G	6217	268	6485	0.00018
Oleiharenicola	2100741	G	5442	285	5727	0.00016
Ereboglobus	2028344	G	3357	156	3513	0.00010
Ruficoccus	2175957	G	1591	237	1828	0.00005
Coraliomargarita	442430	G	439	10	449	0.00001
Verrucomicrobium	2735	G	8816	636	9452	0.00026
Luteolibacter	518753	G	7743	261	8004	0.00022
Roseimicrobium	1348508	G	5849	171	6020	0.00017
Sulfuriroseicoccus	2911469	G	1086	93	1179	0.00003
Akkermansia	239934	G	2792	189	2981	0.00008
Methylacidimicrobium	1541670	G	2834	226	3060	0.00009
Methylacidiphilum	511745	G	275	12	287	0.00001
Candidatus Xiphinematobacter	134550	G	246	15	261	0.00001
Kiritimatiella	1921784	G	2017	2076	4093	0.00011
Tichowtungia	2907187	G	689	19	708	0.00002
Candidatus Protochlamydia	282132	G	129	24	153	0.00000
Chlamydia	810	G	226	40	266	0.00001
Candidatus Velamenicoccus	2789201	G	567	2	569	0.00002
Hymenobacter	89966	G	52686	2087	54773	0.00153
Pontibacter	323449	G	19254	1588	20842	0.00058
Rufibacter	1379908	G	4416	783	5199	0.00015
Adhaeribacter	299566	G	4363	247	4610	0.00013
Nibribacter	1649474	G	1044	449	1493	0.00004
Spirosoma	107	G	9543	399	9942	0.00028
Rhodocytophaga	455076	G	3714	119	3833	0.00011
Aquirufa	2676247	G	240	31	271	0.00001
Cytophaga	978	G	223	17	240	0.00001
Dyadobacter	120831	G	4150	232	4382	0.00012
Fibrella	861914	G	2386	135	2521	0.00007
Runella	105	G	1542	49	1591	0.00004
Larkinella	332157	G	554	31	585	0.00002
Leadbetterella	319458	G	123	54	177	0.00000
Arcticibacterium	2173039	G	105	5	110	0.00000
Chryseolinea	1433993	G	3184	77	3261	0.00009
Fulvivirga	396811	G	955	40	995	0.00003
Echinicola	390846	G	1198	155	1353	0.00004
Algoriphagus	246875	G	691	63	754	0.00002
Cyclobacterium	68288	G	272	25	297	0.00001
Aquiflexum	280472	G	212	23	235	0.00001
Mongoliitalea	1511649	G	123	10	133	0.00000
Belliella	232244	G	112	40	152	0.00000
Flammeovirga	59739	G	295	18	313	0.00001
Marivirga	869806	G	153	39	192	0.00001
Mangrovivirga	2858886	G	145	8	153	0.00000
Chitinophaga	79328	G	9538	521	10059	0.00028
Niastella	354354	G	6823	615	7438	0.00021
Pseudocnuella	2812019	G	6043	637	6680	0.00019
Flavisolibacter	398041	G	5644	399	6043	0.00017
Paraflavitalea	2698688	G	2244	147	2391	0.00007
Flavihumibacter	1004301	G	2213	109	2322	0.00007
Niabella	379899	G	1862	125	1987	0.00006
Pseudobacter	1860196	G	1785	133	1918	0.00005
Arachidicoccus	1769012	G	1560	188	1748	0.00005
Panacibacter	1874621	G	1405	57	1462	0.00004
Ferruginibacter	1004303	G	1198	62	1260	0.00004
Lacibacter	649461	G	1165	45	1210	0.00003
Phnomibacter	2836216	G	989	103	1092	0.00003
Filimonas	649460	G	916	96	1012	0.00003
Flavobacterium	237	G	10159	1204	11363	0.00032
Muricauda	111500	G	1042	206	1248	0.00003
Capnocytophaga	1016	G	958	127	1085	0.00003
Gramella	292691	G	920	150	1070	0.00003
Polaribacter	52959	G	871	134	1005	0.00003
Robiginitalea	252306	G	626	36	662	0.00002
Nonlabens	363408	G	574	87	661	0.00002
Winogradskyella	286104	G	496	110	606	0.00002
Antarcticibacterium	2058174	G	437	63	500	0.00001
Myroides	76831	G	416	133	549	0.00002
Maribacter	252356	G	401	99	500	0.00001
Tenacibaculum	104267	G	371	78	449	0.00001
Aequorivita	153265	G	326	14	340	0.00001
Cellulophaga	104264	G	325	61	386	0.00001
Aquimarina	290174	G	324	21	345	0.00001
Sinomicrobium	1434045	G	299	12	311	0.00001
Salegentibacter	143222	G	279	154	433	0.00001
Formosa	225842	G	270	49	319	0.00001
Kordia	221065	G	238	15	253	0.00001
Zunongwangia	417127	G	200	139	339	0.00001
Lacinutrix	291183	G	183	49	232	0.00001
Dokdonia	326319	G	177	15	192	0.00001
Algibacter	261827	G	176	55	231	0.00001
Leeuwenhoekiella	283735	G	165	43	208	0.00001
Flagellimonas	444459	G	158	11	169	0.00000
Arenibacter	178469	G	146	48	194	0.00001
Lutibacter	358023	G	145	14	159	0.00000
Zobellia	112040	G	141	9	150	0.00000
Aggregatimonas	2913017	G	132	7	139	0.00000
Mariniflexile	527198	G	117	11	128	0.00000
Seonamhaeicola	1649495	G	114	17	131	0.00000
Gilvibacter	379070	G	108	14	122	0.00000
Tamlana	393005	G	108	20	128	0.00000
Zhouia	561555	G	105	25	130	0.00000
Chryseobacterium	59732	G	5115	1435	6550	0.00018
Kaistella	2782231	G	724	90	814	0.00002
Epilithonimonas	2782229	G	431	313	744	0.00002
Elizabethkingia	308865	G	556	155	711	0.00002
Empedobacter	59734	G	275	116	391	0.00001
Cruoricaptor	1433995	G	183	26	209	0.00001
Cloacibacterium	501783	G	163	86	249	0.00001
Apibacter	1778601	G	145	20	165	0.00000
Ornithobacterium	28250	G	141	107	248	0.00001
Blattabacterium	34098	G	423	41	464	0.00001
Owenweeksia	267986	G	121	6	127	0.00000
Croceimicrobium	2828338	G	107	19	126	0.00000
Fluviicola	332102	G	140	11	151	0.00000
Alistipes	239759	G	10915	3168	14083	0.00039
Prevotella	838	G	3804	429	4233	0.00012
Paraprevotella	577309	G	165	122	287	0.00001
Pseudoprevotella	2884814	G	164	13	177	0.00000
Bacteroides	816	G	3431	1271	4702	0.00013
Phocaeicola	909656	G	554	406	960	0.00003
Tannerella	195950	G	1054	55	1109	0.00003
Parabacteroides	375288	G	940	667	1607	0.00005
Sodaliphilus	2815786	G	709	301	1010	0.00003
Duncaniella	2518495	G	495	13	508	0.00001
Muribaculum	1918540	G	412	28	440	0.00001
Porphyromonas	836	G	1409	135	1544	0.00004
Proteiniphilum	294702	G	319	15	334	0.00001
Petrimonas	307628	G	211	11	222	0.00001
Barnesiella	397864	G	372	410	782	0.00002
Butyricimonas	574697	G	206	83	289	0.00001
Odoribacter	283168	G	119	11	130	0.00000
Paludibacter	346096	G	142	4	146	0.00000
Draconibacterium	1471399	G	326	17	343	0.00001
Maribellus	2678352	G	150	7	157	0.00000
Rhodocaloribacter	2893090	G	9441	914	10355	0.00029
Rhodothermus	29548	G	8036	443	8479	0.00024
Salinibacter	146918	G	5988	95	6083	0.00017
Mucilaginibacter	423349	G	8242	525	8767	0.00025
Pedobacter	84567	G	4280	281	4561	0.00013
Sphingobacterium	28453	G	3209	1267	4476	0.00013
Olivibacter	376469	G	1007	62	1069	0.00003
Anseongella	1773450	G	550	21	571	0.00002
Solitalea	929509	G	396	27	423	0.00001
Pseudopedobacter	1649482	G	176	134	310	0.00001
Haliscomenobacter	2349	G	688	8	696	0.00002
Saprospira	1007	G	156	4	160	0.00000
Candidatus Sulfidibacterium	2923290	G	198	6	204	0.00001
Chlorobaculum	256319	G	3774	231	4005	0.00011
Pelodictyon	1099	G	922	104	1026	0.00003
Chlorobium	1091	G	746	67	813	0.00002
Prosthecochloris	1101	G	1600	102	1702	0.00005
Chloroherpeton	100715	G	353	6	359	0.00001
Candidatus Cyclonatronum	2489367	G	564	48	612	0.00002
Melioribacter	1134403	G	195	42	237	0.00001
Gemmatirosa	1706036	G	125617	11738	137355	0.00385
Gemmatimonas	173479	G	37487	1018	38505	0.00108
Fibrobacter	832	G	284	5	289	0.00001
Luteitalea	2004797	G	150806	8471	159277	0.00446
Granulicella	940557	G	16479	1550	18029	0.00051
Terriglobus	392733	G	11117	1230	12347	0.00035
Acidobacterium	33973	G	7906	612	8518	0.00024
Candidatus Koribacter	658061	G	6607	208	6815	0.00019
Edaphobacter	388463	G	5094	578	5672	0.00016
Acidisarcina	2608728	G	2870	189	3059	0.00009
Paludibaculum	1649475	G	13213	373	13586	0.00038
Chloracidobacterium	458032	G	6941	218	7159	0.00020
Sulfidibacter	2915177	G	4411	88	4499	0.00013
Thermotomaculum	1172428	G	104	5	109	0.00000
Nitrospira	1234	G	19365	299	19664	0.00055
Leptospirillum	179	G	802	13	815	0.00002
Dissulfurispira	2811506	G	163	12	175	0.00000
Thermodesulfovibrio	28261	G	133	4	137	0.00000
Spirochaeta	146	G	1883	62	1945	0.00005
Salinispira	1616789	G	216	6	222	0.00001
Sediminispirochaeta	1911556	G	183	4	187	0.00001
Treponema	157	G	2115	242	2357	0.00007
Sphaerochaeta	399320	G	591	30	621	0.00002
Breznakiella	2845254	G	376	19	395	0.00001
Borrelia	138	G	169	162	331	0.00001
Leptospira	171	G	923	56	979	0.00003
Turneriella	338321	G	700	6	706	0.00002
Brachyspira	29521	G	159	5	164	0.00000
Pyramidobacter	638847	G	1462	79	1541	0.00004
Fretibacterium	1434006	G	1423	21	1444	0.00004
Aminomonas	81411	G	1292	122	1414	0.00004
Cloacibacillus	508459	G	1064	217	1281	0.00004
Thermanaerovibrio	81461	G	955	180	1135	0.00003
Jonquetella	428711	G	613	94	707	0.00002
Acetomicrobium	49894	G	146	4	150	0.00000
Aminobacterium	81466	G	129	6	135	0.00000
Thermovirga	336260	G	107	90	197	0.00001
Candidatus Bipolaricaulis	2250122	G	1469	64	1533	0.00004
Candidatus Nanosynbacter	2093823	G	262	144	406	0.00001
Candidatus Saccharimonas	1331051	G	121	1	122	0.00000
Thermotoga	2335	G	604	50	654	0.00002
Pseudothermotoga	1643951	G	215	8	223	0.00001
Thermosipho	2420	G	119	19	138	0.00000
Fervidobacterium	2422	G	112	47	159	0.00000
Mesotoga	1184396	G	234	19	253	0.00001
Kosmotoga	651456	G	105	10	115	0.00000
Thermocrinis	75905	G	222	26	248	0.00001
Hydrogenobacter	939	G	133	14	147	0.00000
Aquifex	2713	G	115	7	122	0.00000
Persephonella	182899	G	123	10	133	0.00000
Sulfurihydrogenibium	212790	G	114	20	134	0.00000
Thermosulfidibacter	412592	G	137	9	146	0.00000
Thermovibrio	171868	G	195	61	256	0.00001
Thermosulfurimonas	1522431	G	346	60	406	0.00001
Thermosulfuriphilus	2033601	G	159	8	167	0.00000
Thermodesulfatator	241192	G	135	23	158	0.00000
Fusobacterium	848	G	404	136	540	0.00002
Leptotrichia	32067	G	248	59	307	0.00001
Geovibrio	46200	G	210	83	293	0.00001
Caldithrix	187144	G	581	6	587	0.00002
Desulfurispirillum	393029	G	541	272	813	0.00002
Elusimicrobium	423604	G	147	1	148	0.00000
Endomicrobium	1408194	G	105	1	106	0.00000
Caldisericum	693074	G	150	0	150	0.00000
Coprothermobacter	68335	G	136	29	165	0.00000
Dictyoglomus	13	G	121	1	122	0.00000
Fusarium	5506	G	59718	3466	63184	0.00177
Trichoderma	5543	G	12370	439	12809	0.00036
Beauveria	5581	G	7574	247	7821	0.00022
Cordyceps	45234	G	3459	219	3678	0.00010
Metarhizium	5529	G	7439	729	8168	0.00023
Ustilaginoidea	124426	G	2344	95	2439	0.00007
Pochonia	243023	G	896	49	945	0.00003
Purpureocillium	1052105	G	4539	265	4804	0.00013
Drechmeria	98402	G	3237	124	3361	0.00009
Clonostachys	110564	G	2024	119	2143	0.00006
Colletotrichum	5455	G	4493	781	5274	0.00015
Thermothielavioides	2609811	G	5909	432	6341	0.00018
Thermothelomyces	1920207	G	4916	263	5179	0.00015
Neurospora	5140	G	2096	102	2198	0.00006
Pyricularia	48558	G	5276	47	5323	0.00015
Neopestalotiopsis	1562158	G	2560	32	2592	0.00007
Botrytis	33196	G	628	3	631	0.00002
Aspergillus	5052	G	23586	1244	24830	0.00070
Penicillium	5073	G	11309	395	11704	0.00033
Paecilomyces	33202	G	1247	28	1275	0.00004
Talaromyces	5094	G	717	31	748	0.00002
Paraphaeosphaeria	125369	G	1882	495	2377	0.00007
Ampelomyces	50729	G	1594	124	1718	0.00005
Zymoseptoria	1047167	G	989	16	1005	0.00003
Cercospora	29002	G	819	4	823	0.00002
Eremothecium	33170	G	672	452	1124	0.00003
Lachancea	300275	G	281	16	297	0.00001
Saccharomyces	4930	G	243	16	259	0.00001
Kazachstania	71245	G	218	9	227	0.00001
Kluyveromyces	4910	G	197	28	225	0.00001
Tetrapisispora	113604	G	186	6	192	0.00001
Naumovozyma	278028	G	180	8	188	0.00001
Torulaspora	4948	G	175	12	187	0.00001
Ogataea	461281	G	218	9	227	0.00001
Brettanomyces	13366	G	206	10	216	0.00001
Candida	1535326	G	331	8	339	0.00001
Yarrowia	4951	G	376	3	379	0.00001
Sugiyamaella	410829	G	255	16	271	0.00001
Pseudozyma	63298	G	5922	39	5961	0.00017
Sporisorium	63265	G	1245	140	1385	0.00004
Ustilago	5269	G	1065	20	1085	0.00003
Malassezia	55193	G	524	61	585	0.00002
Phlebiopsis	82309	G	1947	18	1965	0.00006
Rhizoctonia	1322061	G	436	13	449	0.00001
Marasmius	34448	G	343	13	356	0.00001
Cryptococcus	5206	G	627	68	695	0.00002
Phytophthora	4783	G	14302	2242	16544	0.00046
Pythium	4797	G	1512	27	1539	0.00004
