name	taxonomy_id	taxonomy_lvl	kraken_assigned_reads	added_reads	new_est_reads	fraction_total_reads
Streptomycetaceae	2062	F	2559803	615937	3175740	0.13754
Mycobacteriaceae	1762	F	971630	128343	1099973	0.04764
Nocardiaceae	85025	F	380612	77091	457703	0.01982
Corynebacteriaceae	1653	F	100864	28360	129224	0.00560
Gordoniaceae	85026	F	91927	21437	113364	0.00491
Tsukamurellaceae	85028	F	29444	7746	37190	0.00161
Dietziaceae	85029	F	17063	16917	33980	0.00147
Segniliparaceae	316606	F	2281	134	2415	0.00010
Lawsonellaceae	2805586	F	348	41	389	0.00002
Microbacteriaceae	85023	F	713813	110242	824055	0.03569
Micrococcaceae	1268	F	242948	62256	305204	0.01322
Cellulomonadaceae	85016	F	152043	52358	204401	0.00885
Intrasporangiaceae	85021	F	83316	23738	107054	0.00464
Promicromonosporaceae	85017	F	78942	31245	110187	0.00477
Ornithinimicrobiaceae	2805590	F	56590	12590	69180	0.00300
Dermabacteraceae	85020	F	41102	8165	49267	0.00213
Brevibacteriaceae	85019	F	38192	8473	46665	0.00202
Bogoriellaceae	145358	F	33015	10377	43392	0.00188
Ruaniaceae	1331736	F	26023	3367	29390	0.00127
Dermacoccaceae	145357	F	25299	29708	55007	0.00238
Beutenbergiaceae	125316	F	17532	5613	23145	0.00100
Sanguibacteraceae	145360	F	11869	3812	15681	0.00068
Kytococcaceae	2805426	F	4858	2492	7350	0.00032
Dermatophilaceae	85018	F	4650	481	5131	0.00022
Demequinaceae	1042322	F	1689	144	1833	0.00008
Jonesiaceae	85022	F	275	54	329	0.00001
Pseudonocardiaceae	2070	F	1357082	219305	1576387	0.06827
Micromonosporaceae	28056	F	1300379	196360	1496739	0.06483
Nocardioidaceae	85015	F	859172	188960	1048132	0.04540
Propionibacteriaceae	31957	F	143069	37841	180910	0.00784
Kribbellaceae	2726069	F	71248	11891	83139	0.00360
Actinopolymorphaceae	2805400	F	16973	2118	19091	0.00083
Thermomonosporaceae	2012	F	208761	45358	254119	0.01101
Streptosporangiaceae	2004	F	201501	36586	238087	0.01031
Nocardiopsaceae	83676	F	77115	13943	91058	0.00394
Geodermatophilaceae	85030	F	319388	90230	409618	0.01774
Frankiaceae	74712	F	73988	8151	82139	0.00356
Actinomycetaceae	2049	F	66154	10591	76745	0.00332
Jiangellaceae	1217100	F	50370	9676	60046	0.00260
Nakamurellaceae	85031	F	28473	4193	32666	0.00141
Bifidobacteriaceae	31953	F	21996	5919	27915	0.00121
Catenulisporaceae	414877	F	20359	3284	23643	0.00102
Jatrophihabitantaceae	2805416	F	16046	1556	17602	0.00076
Glycomycetaceae	85034	F	12001	1090	13091	0.00057
Kineosporiaceae	83778	F	10571	3227	13798	0.00060
Sporichthyaceae	85033	F	5595	2945	8540	0.00037
Actinopolysporaceae	622451	F	5449	620	6069	0.00026
Acidothermaceae	85032	F	3320	194	3514	0.00015
Candidatus Nanopelagicaceae	2162846	F	508	11	519	0.00002
Conexibacteraceae	320583	F	508979	79177	588156	0.02547
Miltoncostaeaceae	2843199	F	62756	8832	71588	0.00310
Rubrobacteraceae	84997	F	223289	10153	233442	0.01011
Baekduiaceae	2600303	F	169507	30434	199941	0.00866
Iamiaceae	633392	F	83633	11186	94819	0.00411
Ilumatobacteraceae	2448023	F	8137	517	8654	0.00037
Acidimicrobiaceae	84994	F	2943	237	3180	0.00014
Eggerthellaceae	1643826	F	18388	3033	21421	0.00093
Atopobiaceae	1643824	F	9408	2093	11501	0.00050
Coriobacteriaceae	84107	F	4027	936	4963	0.00021
Egibacteraceae	1747769	F	9904	618	10522	0.00046
Egicoccaceae	1755824	F	9816	1585	11401	0.00049
Euzebyaceae	908622	F	9790	843	10633	0.00046
Paenibacillaceae	186822	F	59528	5656	65184	0.00282
Bacillaceae	186817	F	43268	54056	97324	0.00422
Alicyclobacillaceae	186823	F	7349	1276	8625	0.00037
Planococcaceae	186818	F	3340	1192	4532	0.00020
Staphylococcaceae	90964	F	1925	3319	5244	0.00023
Thermoactinomycetaceae	186824	F	1914	2333	4247	0.00018
Listeriaceae	186820	F	343	5369	5712	0.00025
Sporolactobacillaceae	186821	F	118	20	138	0.00001
Lactobacillaceae	33958	F	4052	1427	5479	0.00024
Streptococcaceae	1300	F	1485	1389	2874	0.00012
Enterococcaceae	81852	F	725	963	1688	0.00007
Carnobacteriaceae	186828	F	256	105	361	0.00002
Aerococcaceae	186827	F	198	77	275	0.00001
Clostridiales Family XVII. Incertae Sedis	539000	F	10454	2249	12703	0.00055
Eubacteriales Family XIII. Incertae Sedis	543314	F	277	335	612	0.00003
Clostridiales Family XVI. Incertae Sedis	543347	F	148	60	208	0.00001
Oscillospiraceae	216572	F	11424	4034	15458	0.00067
Symbiobacteriaceae	543349	F	3849	334	4183	0.00018
Lachnospiraceae	186803	F	3098	1159	4257	0.00018
Peptococcaceae	186807	F	1987	164	2151	0.00009
Clostridiaceae	31979	F	1929	376	2305	0.00010
Christensenellaceae	990719	F	1124	562	1686	0.00007
Heliobacteriaceae	31984	F	992	382	1374	0.00006
Eubacteriaceae	186806	F	849	184	1033	0.00004
Desulfitobacteriaceae	2937909	F	772	84	856	0.00004
Peptostreptococcaceae	186804	F	311	114	425	0.00002
Syntrophomonadaceae	68298	F	273	14	287	0.00001
Desulfallaceae	2867375	F	181	15	196	0.00001
Thermoanaerobacteraceae	186814	F	4255	577	4832	0.00021
Thermoanaerobacterales Family III. Incertae Sedis	543371	F	209	26	235	0.00001
Thermoanaerobacterales Family IV. Incertae Sedis	543372	F	103	56	159	0.00001
Halanaerobiaceae	972	F	229	151	380	0.00002
Thermosediminibacteraceae	2770093	F	184	11	195	0.00001
Tepidanaerobacteraceae	2770092	F	126	5	131	0.00001
Selenomonadaceae	1843491	F	3949	222	4171	0.00018
Sporomusaceae	1843490	F	511	41	552	0.00002
Veillonellaceae	31977	F	1240	393	1633	0.00007
Acidaminococcaceae	909930	F	556	121	677	0.00003
Limnochordaceae	1676650	F	4161	171	4332	0.00019
Erysipelotrichaceae	128827	F	638	168	806	0.00003
Peptoniphilaceae	1570339	F	427	262	689	0.00003
Tissierellaceae	1737406	F	141	23	164	0.00001
Deinococcaceae	183710	F	42639	2241	44880	0.00194
Thermaceae	188786	F	16503	1050	17553	0.00076
Trueperaceae	332247	F	3518	185	3703	0.00016
Synechococcaceae	1890426	F	18427	1747	20174	0.00087
Prochlorococcaceae	2881426	F	4740	845	5585	0.00024
Acaryochloridaceae	1890429	F	285	7	292	0.00001
Chamaesiphonaceae	1890431	F	217	8	225	0.00001
Merismopediaceae	1890428	F	207	8	215	0.00001
Nostocaceae	1162	F	3388	865	4253	0.00018
Calotrichaceae	2661849	F	1323	100	1423	0.00006
Scytonemataceae	1182	F	933	87	1020	0.00004
Aphanizomenonaceae	1892259	F	593	407	1000	0.00004
Hapalosiphonaceae	1892263	F	201	20	221	0.00001
Tolypothrichaceae	119859	F	173	30	203	0.00001
Microcoleaceae	1892252	F	1815	208	2023	0.00009
Oscillatoriaceae	1892254	F	1286	146	1432	0.00006
Coleofasciculaceae	1892251	F	1196	370	1566	0.00007
Microcystaceae	1890449	F	363	68	431	0.00002
Aphanothecaceae	1890450	F	336	30	366	0.00002
Chroococcaceae	1890464	F	270	20	290	0.00001
Gloeobacteraceae	1890422	F	5820	118	5938	0.00026
Leptolyngbyaceae	1890438	F	3565	414	3979	0.00017
Oculatellaceae	2303507	F	678	48	726	0.00003
Prochlorotrichaceae	2303730	F	407	13	420	0.00002
Thermosynechococcaceae	2881378	F	388	24	412	0.00002
Pseudanabaenaceae	1890436	F	201	6	207	0.00001
Chroococcidiopsidaceae	1890528	F	554	54	608	0.00003
Hyellaceae	1890500	F	146	11	157	0.00001
Gloeomargaritaceae	1955043	F	109	2	111	0.00000
Sphaerobacteraceae	85002	F	9657	482	10139	0.00044
Thermomicrobiaceae	189777	F	2001	37	2038	0.00009
Roseiflexaceae	1508635	F	4512	199	4711	0.00020
Chloroflexaceae	1106	F	1610	51	1661	0.00007
Ardenticatenaceae	1382930	F	4716	95	4811	0.00021
Tepidiformaceae	2682227	F	4583	192	4775	0.00021
Caldilineaceae	475964	F	1912	89	2001	0.00009
Ktedonosporobacteraceae	2692416	F	1419	995	2414	0.00010
Dehalococcoidaceae	1202464	F	302	13	315	0.00001
Anaerolineaceae	292628	F	1255	1231	2486	0.00011
Phototrophicaceae	2922432	F	439	3	442	0.00002
Fimbriimonadaceae	1663426	F	2385	15	2400	0.00010
Chthonomonadaceae	1077264	F	520	5	525	0.00002
Mycoplasmataceae	2092	F	349	53	402	0.00002
Acholeplasmataceae	2146	F	142	12	154	0.00001
Bradyrhizobiaceae	41294	F	1082035	90776	1172811	0.05080
Methylobacteriaceae	119045	F	271279	37635	308914	0.01338
Rhizobiaceae	82115	F	248094	53254	301348	0.01305
Phyllobacteriaceae	69277	F	241511	36750	278261	0.01205
Xanthobacteraceae	335928	F	90874	13866	104740	0.00454
Hyphomicrobiaceae	45401	F	86587	7310	93897	0.00407
Boseaceae	2831100	F	52033	7031	59064	0.00256
Devosiaceae	2831106	F	39175	3114	42289	0.00183
Aurantimonadaceae	255475	F	37699	6824	44523	0.00193
Methylocystaceae	31993	F	26086	28104	54190	0.00235
Phreatobacteraceae	2843305	F	22750	3437	26187	0.00113
Stappiaceae	2821832	F	19703	3824	23527	0.00102
Chelatococcaceae	2036754	F	13444	2658	16102	0.00070
Blastochloridaceae	2831090	F	12804	2717	15521	0.00067
Beijerinckiaceae	45404	F	12445	821	13266	0.00057
Parvibaculaceae	2813035	F	12133	2563	14696	0.00064
Amorphaceae	2685818	F	8021	823	8844	0.00038
Kaistiaceae	2831111	F	7549	1648	9197	0.00040
Brucellaceae	118882	F	6422	3970	10392	0.00045
Lichenihabitantaceae	2723775	F	4499	210	4709	0.00020
Pleomorphomonadaceae	2843308	F	4185	648	4833	0.00021
Breoghaniaceae	2831104	F	4061	480	4541	0.00020
Cohaesibacteraceae	655351	F	747	31	778	0.00003
Bartonellaceae	772	F	598	69	667	0.00003
Sphingomonadaceae	41297	F	457440	63669	521109	0.02257
Erythrobacteraceae	335929	F	73019	13218	86237	0.00374
Sphingosinicellaceae	2820280	F	25652	1993	27645	0.00120
Zymomonadaceae	2844881	F	163	154	317	0.00001
Acetobacteraceae	433	F	121833	16553	138386	0.00599
Azospirillaceae	2829815	F	117098	13125	130223	0.00564
Rhodospirillaceae	41295	F	55676	235582	291258	0.01261
Stellaceae	2844601	F	12081	835	12916	0.00056
Elioraeaceae	2690195	F	6152	324	6476	0.00028
Thalassospiraceae	2844866	F	2895	219	3114	0.00013
Terasakiellaceae	2813951	F	115	3	118	0.00001
Rhodobacteraceae	31989	F	128013	16653	144666	0.00627
Roseobacteraceae	2854170	F	84026	8168	92194	0.00399
Caulobacteraceae	76892	F	128159	12785	140944	0.00610
Maricaulaceae	2800061	F	6475	647	7122	0.00031
Hyphomonadaceae	69657	F	5062	198	5260	0.00023
Parvularculaceae	255474	F	1939	120	2059	0.00009
Emcibacteraceae	2066491	F	749	800	1549	0.00007
Anaplasmataceae	942	F	351	5	356	0.00002
Rickettsiaceae	775	F	276	12	288	0.00001
Holosporaceae	44746	F	116	4	120	0.00001
Magnetococcaceae	1191479	F	225	6	231	0.00001
Burkholderiaceae	119060	F	460367	171700	632067	0.02738
Comamonadaceae	80864	F	293386	105293	398679	0.01727
Oxalobacteraceae	75682	F	150535	19379	169914	0.00736
Alcaligenaceae	506	F	116875	144195	261070	0.01131
Sutterellaceae	995019	F	1887	182	2069	0.00009
Zoogloeaceae	2008794	F	35883	14052	49935	0.00216
Rhodocyclaceae	75787	F	25458	7714	33172	0.00144
Azonexaceae	2008795	F	8638	881	9519	0.00041
Fluviibacteraceae	2808923	F	221	88	309	0.00001
Chromobacteriaceae	1499392	F	35357	6808	42165	0.00183
Neisseriaceae	481	F	13131	2677	15808	0.00068
Usitatibacteraceae	2803844	F	14736	1081	15817	0.00069
Sterolibacteriaceae	2008793	F	9071	2312	11383	0.00049
Nitrosomonadaceae	206379	F	6197	255	6452	0.00028
Thiobacillaceae	2008790	F	5167	1315	6482	0.00028
Gallionellaceae	90627	F	4139	415	4554	0.00020
Sulfuricellaceae	2772226	F	3469	376	3845	0.00017
Methylophilaceae	32011	F	1324	117	1441	0.00006
Casimicrobiaceae	2705999	F	1836	879	2715	0.00012
Xanthomonadaceae	32033	F	264601	56889	321490	0.01392
Rhodanobacteraceae	1775411	F	62454	10143	72597	0.00314
Pseudomonadaceae	135621	F	324606	95731	420337	0.01821
Marinobacteraceae	2887365	F	6698	538	7236	0.00031
Enterobacteriaceae	543	F	47847	179270	227117	0.00984
Yersiniaceae	1903411	F	19776	7635	27411	0.00119
Erwiniaceae	1903409	F	14442	2897	17339	0.00075
Pectobacteriaceae	1903410	F	8662	1206	9868	0.00043
Hafniaceae	1903412	F	2946	1078	4024	0.00017
Morganellaceae	1903414	F	1835	1257	3092	0.00013
Bruguierivoracaceae	2812006	F	1619	121	1740	0.00008
Budviciaceae	1903416	F	274	38	312	0.00001
Halomonadaceae	28256	F	52672	7397	60069	0.00260
Alcanivoracaceae	224372	F	4925	2472	7397	0.00032
Oceanospirillaceae	135620	F	2821	329	3150	0.00014
Hahellaceae	224379	F	971	39	1010	0.00004
Saccharospirillaceae	255527	F	873	44	917	0.00004
Litoricolaceae	449732	F	338	17	355	0.00002
Zooshikellaceae	2898533	F	186	6	192	0.00001
Endozoicomonadaceae	2066474	F	109	6	115	0.00001
Ectothiorhodospiraceae	72276	F	27864	2474	30338	0.00131
Chromatiaceae	1046	F	21629	1553	23182	0.00100
Wenzhouxiangellaceae	1676141	F	3305	2736	6041	0.00026
Thioalkalibacteraceae	2035710	F	2164	546	2710	0.00012
Thioalkalispiraceae	1096778	F	1652	573	2225	0.00010
Halothiobacillaceae	255526	F	1066	83	1149	0.00005
Woeseiaceae	1738654	F	808	13	821	0.00004
Granulosicoccaceae	449719	F	653	15	668	0.00003
Aeromonadaceae	84642	F	24591	16316	40907	0.00177
Methylococcaceae	403	F	18324	895	19219	0.00083
Microbulbiferaceae	1706373	F	5500	319	5819	0.00025
Halieaceae	1706372	F	2378	210	2588	0.00011
Cellvibrionaceae	1706371	F	1937	70	2007	0.00009
Spongiibacteraceae	1706375	F	1078	77	1155	0.00005
Sinobacteraceae	568386	F	7199	900	8099	0.00035
Steroidobacteraceae	2689614	F	3743	905	4648	0.00020
Shewanellaceae	267890	F	5527	984	6511	0.00028
Alteromonadaceae	72275	F	2235	268	2503	0.00011
Pseudoalteromonadaceae	267888	F	1497	197	1694	0.00007
Ferrimonadaceae	267892	F	736	91	827	0.00004
Colwelliaceae	267889	F	304	27	331	0.00001
Idiomarinaceae	267893	F	259	31	290	0.00001
Moritellaceae	267891	F	109	23	132	0.00001
Acidiferrobacteraceae	1692041	F	10294	522	10816	0.00047
Vibrionaceae	641	F	6109	1751	7860	0.00034
Moraxellaceae	468	F	3174	1883	5057	0.00022
Immundisolibacteraceae	1934946	F	3018	3191	6209	0.00027
Salinisphaeraceae	742031	F	2253	101	2354	0.00010
Piscirickettsiaceae	135616	F	1034	100	1134	0.00005
Thiotrichaceae	135617	F	816	28	844	0.00004
Francisellaceae	34064	F	143	9	152	0.00001
Legionellaceae	444	F	1065	83	1148	0.00005
Coxiellaceae	118968	F	510	1684	2194	0.00010
Cardiobacteriaceae	868	F	1211	164	1375	0.00006
Pasteurellaceae	712	F	1098	385	1483	0.00006
Kangiellaceae	1920240	F	150	11	161	0.00001
Archangiaceae	39	F	74507	4976	79483	0.00344
Myxococcaceae	31	F	73709	15292	89001	0.00385
Anaeromyxobacteraceae	1524215	F	59938	5231	65169	0.00282
Vulgatibacteraceae	1524213	F	6068	538	6606	0.00029
Polyangiaceae	49	F	110026	8635	118661	0.00514
Sandaracinaceae	1055686	F	31687	1793	33480	0.00145
Labilitrichaceae	1524216	F	11736	486	12222	0.00053
Kofleriaceae	224464	F	13776	765	14541	0.00063
Geobacteraceae	213422	F	28600	2749	31349	0.00136
Desulfuromonadaceae	213421	F	9449	1330	10779	0.00047
Syntrophotaleaceae	2812024	F	1496	164	1660	0.00007
Desulfovibrionaceae	194924	F	30512	2673	33185	0.00144
Desulfomicrobiaceae	213116	F	1519	152	1671	0.00007
Desulfohalobiaceae	213117	F	352	15	367	0.00002
Desulfobacteraceae	213119	F	6345	566	6911	0.00030
Desulfobulbaceae	213121	F	2772	340	3112	0.00013
Desulfosudaceae	2904715	F	707	31	738	0.00003
Desulfocapsaceae	2886822	F	435	38	473	0.00002
Bradymonadaceae	1779135	F	8081	911	8992	0.00039
Desulfarculaceae	453228	F	2623	1300	3923	0.00017
Syntrophobacteraceae	213465	F	2154	474	2628	0.00011
Syntrophaceae	213468	F	1244	232	1476	0.00006
Candidatus Desulfofervidaceae	1902584	F	120	3	123	0.00001
Campylobacteraceae	72294	F	1009	205	1214	0.00005
Thiovulaceae	2771471	F	831	53	884	0.00004
Helicobacteraceae	72293	F	601	34	635	0.00003
Sulfurovaceae	2771472	F	572	37	609	0.00003
Hydrogenimonaceae	292630	F	310	27	337	0.00001
Arcobacteraceae	2808963	F	257	31	288	0.00001
Sulfurospirillaceae	2932623	F	189	7	196	0.00001
Nitratiruptoraceae	2795691	F	313	26	339	0.00001
Acidithiobacillaceae	225058	F	2384	280	2664	0.00012
Bdellovibrionaceae	213483	F	787	13	800	0.00003
Hydrogenophilaceae	206349	F	678	155	833	0.00004
Mariprofundaceae	580372	F	374	13	387	0.00002
Isosphaeraceae	1763524	F	112378	9052	121430	0.00526
Gemmataceae	1914233	F	112276	3581	115857	0.00502
Planctomycetaceae	126	F	54332	5427	59759	0.00259
Lacipirellulaceae	2691359	F	26329	1066	27395	0.00119
Pirellulaceae	2691357	F	24095	807	24902	0.00108
Thermoguttaceae	2691358	F	693	16	709	0.00003
Tepidisphaeraceae	1771355	F	10229	242	10471	0.00045
Phycisphaeraceae	666507	F	7485	440	7925	0.00034
Anaerohalosphaeraceae	2690158	F	409	9	418	0.00002
Sedimentisphaeraceae	2483367	F	366	51	417	0.00002
Candidatus Brocadiaceae	1127830	F	144	0	144	0.00001
Candidatus Uabimicrobiaceae	2897348	F	101	1	102	0.00000
Opitutaceae	134623	F	20191	803	20994	0.00091
Puniceicoccaceae	415002	F	1203	165	1368	0.00006
Verrucomicrobiaceae	203557	F	11735	478	12213	0.00053
Akkermansiaceae	1647988	F	1810	2372	4182	0.00018
Methylacidiphilaceae	717964	F	177	7	184	0.00001
Kiritimatiellaceae	1921783	F	1283	1136	2419	0.00010
Tichowtungiaceae	2907186	F	443	11	454	0.00002
Parachlamydiaceae	92713	F	139	9	148	0.00001
Chlamydiaceae	809	F	126	349	475	0.00002
Hymenobacteraceae	1853232	F	33169	1220	34389	0.00149
Cytophagaceae	89373	F	5284	200	5484	0.00024
Spirosomaceae	2896860	F	3712	155	3867	0.00017
Fulvivirgaceae	2762286	F	1517	35	1552	0.00007
Cyclobacteriaceae	563798	F	865	68	933	0.00004
Flammeovirgaceae	200667	F	117	5	122	0.00001
Chitinophagaceae	563835	F	18557	267	18824	0.00082
Rikenellaceae	171550	F	6809	1625	8434	0.00037
Prevotellaceae	171552	F	2321	278	2599	0.00011
Bacteroidaceae	815	F	1989	650	2639	0.00011
Tannerellaceae	2005525	F	1089	254	1343	0.00006
Muribaculaceae	2005473	F	960	181	1141	0.00005
Porphyromonadaceae	171551	F	822	126	948	0.00004
Dysgonomonadaceae	2005520	F	284	8	292	0.00001
Barnesiellaceae	2005519	F	239	199	438	0.00002
Odoribacteraceae	1853231	F	154	42	196	0.00001
Prolixibacteraceae	1471398	F	188	3	191	0.00001
Rhodothermaceae	563843	F	13867	763	14630	0.00063
Flavobacteriaceae	49546	F	7665	499	8164	0.00035
Weeksellaceae	2762318	F	2730	575	3305	0.00014
Blattabacteriaceae	39782	F	141	13	154	0.00001
Sphingobacteriaceae	84566	F	6585	499	7084	0.00031
Haliscomenobacteraceae	1937961	F	301	3	304	0.00001
Chlorobiaceae	191412	F	4348	545	4893	0.00021
Melioribacteraceae	1334117	F	124	11	135	0.00001
Gemmatimonadaceae	219687	F	86515	6284	92799	0.00402
Fibrobacteraceae	204431	F	173	37	210	0.00001
Acidobacteriaceae	204434	F	43018	1112	44130	0.00191
Bryobacteraceae	1962910	F	8356	257	8613	0.00037
Vicinamibacteraceae	2211325	F	50176	8360	58536	0.00254
Acanthopleuribacteraceae	533207	F	2688	58	2746	0.00012
Nitrospiraceae	189779	F	9239	173	9412	0.00041
Dissulfurispiraceae	2811505	F	124	6	130	0.00001
Synergistaceae	649777	F	4839	510	5349	0.00023
Spirochaetaceae	137	F	1445	38	1483	0.00006
Treponemataceae	2845253	F	1334	207	1541	0.00007
Sphaerochaetaceae	2791015	F	387	292	679	0.00003
Borreliaceae	1643685	F	226	3	229	0.00001
Leptospiraceae	170	F	945	11	956	0.00004
Candidatus Nanosynbacteraceae	2093822	F	127	154	281	0.00001
Thermotogaceae	188709	F	601	54	655	0.00003
Fervidobacteriaceae	1643950	F	148	34	182	0.00001
Kosmotogaceae	1643948	F	319	6	325	0.00001
Aquificaceae	64898	F	362	124	486	0.00002
Desulfurobacteriaceae	558314	F	194	37	231	0.00001
Thermodesulfobacteriaceae	188711	F	607	14	621	0.00003
Deferribacteraceae	191394	F	346	14	360	0.00002
Fusobacteriaceae	203492	F	192	48	240	0.00001
Leptotrichiaceae	1129771	F	152	26	178	0.00001
Calditrichaceae	1962854	F	340	4	344	0.00001
Chrysiogenaceae	189770	F	337	197	534	0.00002
Nectriaceae	110618	F	11898	843	12741	0.00055
Hypocreaceae	5129	F	8462	270	8732	0.00038
Cordycipitaceae	474943	F	7793	186	7979	0.00035
Clavicipitaceae	34397	F	6253	432	6685	0.00029
Ophiocordycipitaceae	474942	F	5233	207	5440	0.00024
Bionectriaceae	103887	F	1132	61	1193	0.00005
Glomerellaceae	681950	F	2834	456	3290	0.00014
Chaetomiaceae	35718	F	6386	175	6561	0.00028
Sordariaceae	5148	F	921	35	956	0.00004
Pyriculariaceae	2528436	F	3575	25	3600	0.00016
Sporocadaceae	1812776	F	1631	20	1651	0.00007
Sclerotiniaceae	28983	F	292	1	293	0.00001
Aspergillaceae	1131492	F	7059	277	7336	0.00032
Thermoascaceae	1131624	F	811	34	845	0.00004
Trichocomaceae	28568	F	504	33	537	0.00002
Didymosphaeriaceae	221678	F	1672	492	2164	0.00009
Leptosphaeriaceae	34374	F	1062	92	1154	0.00005
Mycosphaerellaceae	93133	F	1255	10	1265	0.00005
Saccharomycetaceae	4893	F	1443	353	1796	0.00008
Pichiaceae	1156497	F	331	8	339	0.00001
Dipodascaceae	34353	F	263	2	265	0.00001
Debaryomycetaceae	766764	F	236	2	238	0.00001
Trichomonascaceae	410830	F	119	8	127	0.00001
Ustilaginaceae	5268	F	5571	89	5660	0.00025
Malasseziaceae	742845	F	352	45	397	0.00002
Phanerochaetaceae	396331	F	1324	13	1337	0.00006
Ceratobasidiaceae	5250	F	273	8	281	0.00001
Marasmiaceae	654128	F	197	8	205	0.00001
Cryptococcaceae	1884633	F	435	64	499	0.00002
Peronosporaceae	4777	F	9735	1591	11326	0.00049
Pythiaceae	4782	F	937	9	946	0.00004
