name	taxonomy_id	taxonomy_lvl	kraken_assigned_reads	added_reads	new_est_reads	fraction_total_reads
Streptomycetaceae	2062	F	1449576	291889	1741465	0.13757
Microbacteriaceae	85023	F	318005	42277	360282	0.02846
Micrococcaceae	1268	F	194621	41330	235951	0.01864
Intrasporangiaceae	85021	F	63198	14921	78119	0.00617
Cellulomonadaceae	85016	F	61742	19038	80780	0.00638
Promicromonosporaceae	85017	F	29935	10771	40706	0.00322
Ornithinimicrobiaceae	2805590	F	25592	5027	30619	0.00242
Dermabacteraceae	85020	F	17736	3189	20925	0.00165
Brevibacteriaceae	85019	F	17456	3348	20804	0.00164
Dermacoccaceae	145357	F	13416	2911	16327	0.00129
Bogoriellaceae	145358	F	12287	3475	15762	0.00125
Ruaniaceae	1331736	F	10622	10646	21268	0.00168
Beutenbergiaceae	125316	F	7219	2163	9382	0.00074
Sanguibacteraceae	145360	F	5104	1490	6594	0.00052
Dermatophilaceae	85018	F	2401	217	2618	0.00021
Kytococcaceae	2805426	F	2171	751	2922	0.00023
Mycobacteriaceae	1762	F	364550	45393	409943	0.03238
Nocardiaceae	85025	F	184501	32305	216806	0.01713
Corynebacteriaceae	1653	F	47339	10767	58106	0.00459
Gordoniaceae	85026	F	41585	9377	50962	0.00403
Tsukamurellaceae	85028	F	12699	2938	15637	0.00124
Dietziaceae	85029	F	7345	7029	14374	0.00114
Segniliparaceae	316606	F	1088	55	1143	0.00009
Pseudonocardiaceae	2070	F	560166	76715	636881	0.05031
Nocardioidaceae	85015	F	437792	83434	521226	0.04117
Propionibacteriaceae	31957	F	57023	11726	68749	0.00543
Kribbellaceae	2726069	F	40146	5632	45778	0.00362
Actinopolymorphaceae	2805400	F	11595	1227	12822	0.00101
Micromonosporaceae	28056	F	378400	47249	425649	0.03362
Thermomonosporaceae	2012	F	147221	27212	174433	0.01378
Streptosporangiaceae	2004	F	105194	16142	121336	0.00959
Nocardiopsaceae	83676	F	31538	4812	36350	0.00287
Geodermatophilaceae	85030	F	86684	20425	107109	0.00846
Frankiaceae	74712	F	30652	2879	33531	0.00265
Actinomycetaceae	2049	F	29645	4092	33737	0.00267
Jiangellaceae	1217100	F	17321	2848	20169	0.00159
Nakamurellaceae	85031	F	14667	1915	16582	0.00131
Bifidobacteriaceae	31953	F	11705	2730	14435	0.00114
Catenulisporaceae	414877	F	9636	1317	10953	0.00087
Jatrophihabitantaceae	2805416	F	8184	670	8854	0.00070
Glycomycetaceae	85034	F	4294	323	4617	0.00036
Kineosporiaceae	83778	F	3857	999	4856	0.00038
Sporichthyaceae	85033	F	2454	1103	3557	0.00028
Actinopolysporaceae	622451	F	2111	202	2313	0.00018
Acidothermaceae	85032	F	1398	67	1465	0.00012
Conexibacteraceae	320583	F	103298	13897	117195	0.00926
Miltoncostaeaceae	2843199	F	24591	3009	27600	0.00218
Baekduiaceae	2600303	F	38057	5986	44043	0.00348
Rubrobacteraceae	84997	F	17953	741	18694	0.00148
Iamiaceae	633392	F	39112	4662	43774	0.00346
Ilumatobacteraceae	2448023	F	4219	253	4472	0.00035
Acidimicrobiaceae	84994	F	1553	118	1671	0.00013
Eggerthellaceae	1643826	F	10150	1529	11679	0.00092
Atopobiaceae	1643824	F	4879	1021	5900	0.00047
Coriobacteriaceae	84107	F	2162	493	2655	0.00021
Egibacteraceae	1747769	F	4082	219	4301	0.00034
Egicoccaceae	1755824	F	3761	529	4290	0.00034
Euzebyaceae	908622	F	3619	269	3888	0.00031
Bacillaceae	186817	F	85164	93056	178220	0.01408
Paenibacillaceae	186822	F	55127	4427	59554	0.00470
Alicyclobacillaceae	186823	F	4989	780	5769	0.00046
Planococcaceae	186818	F	2820	721	3541	0.00028
Thermoactinomycetaceae	186824	F	1637	176	1813	0.00014
Staphylococcaceae	90964	F	1181	4574	5755	0.00045
Lactobacillaceae	33958	F	3207	998	4205	0.00033
Streptococcaceae	1300	F	1176	637	1813	0.00014
Oscillospiraceae	216572	F	7294	2658	9952	0.00079
Clostridiales Family XVII. Incertae Sedis	539000	F	5463	1276	6739	0.00053
Lachnospiraceae	186803	F	2561	809	3370	0.00027
Clostridiaceae	31979	F	2437	401	2838	0.00022
Symbiobacteriaceae	543349	F	2147	168	2315	0.00018
Peptococcaceae	186807	F	1412	125	1537	0.00012
Thermoanaerobacteraceae	186814	F	2710	441	3151	0.00025
Selenomonadaceae	1843491	F	2696	174	2870	0.00023
Limnochordaceae	1676650	F	2075	74	2149	0.00017
Deinococcaceae	183710	F	24064	1082	25146	0.00199
Thermaceae	188786	F	9144	539	9683	0.00076
Trueperaceae	332247	F	1774	87	1861	0.00015
Synechococcaceae	1890426	F	11565	1327	12892	0.00102
Prochlorococcaceae	2881426	F	2770	562	3332	0.00026
Nostocaceae	1162	F	2606	1001	3607	0.00028
Calotrichaceae	2661849	F	1083	141	1224	0.00010
Leptolyngbyaceae	1890438	F	2367	220	2587	0.00020
Gloeobacteraceae	1890422	F	3638	90	3728	0.00029
Sphaerobacteraceae	85002	F	5463	297	5760	0.00046
Thermomicrobiaceae	189777	F	1376	26	1402	0.00011
Roseiflexaceae	1508635	F	4534	235	4769	0.00038
Chloroflexaceae	1106	F	1383	53	1436	0.00011
Tepidiformaceae	2682227	F	3592	136	3728	0.00029
Ardenticatenaceae	1382930	F	3155	57	3212	0.00025
Ktedonosporobacteraceae	2692416	F	2372	64	2436	0.00019
Caldilineaceae	475964	F	1559	90	1649	0.00013
Anaerolineaceae	292628	F	1258	721	1979	0.00016
Fimbriimonadaceae	1663426	F	2168	11	2179	0.00017
Bradyrhizobiaceae	41294	F	775435	63987	839422	0.06631
Phyllobacteriaceae	69277	F	201918	32198	234116	0.01849
Rhizobiaceae	82115	F	164838	42736	207574	0.01640
Methylobacteriaceae	119045	F	124937	17100	142037	0.01122
Xanthobacteraceae	335928	F	85539	12579	98118	0.00775
Hyphomicrobiaceae	45401	F	82310	6732	89042	0.00703
Boseaceae	2831100	F	31392	4321	35713	0.00282
Devosiaceae	2831106	F	30117	28945	59062	0.00467
Aurantimonadaceae	255475	F	24150	4302	28452	0.00225
Methylocystaceae	31993	F	19319	1467	20786	0.00164
Phreatobacteraceae	2843305	F	15032	2246	17278	0.00136
Stappiaceae	2821832	F	14446	2849	17295	0.00137
Beijerinckiaceae	45404	F	9631	630	10261	0.00081
Blastochloridaceae	2831090	F	9232	1952	11184	0.00088
Parvibaculaceae	2813035	F	9105	2160	11265	0.00089
Chelatococcaceae	2036754	F	7662	1537	9199	0.00073
Kaistiaceae	2831111	F	5427	1197	6624	0.00052
Brucellaceae	118882	F	4972	1878	6850	0.00054
Amorphaceae	2685818	F	4700	465	5165	0.00041
Lichenihabitantaceae	2723775	F	3203	136	3339	0.00026
Pleomorphomonadaceae	2843308	F	3049	485	3534	0.00028
Breoghaniaceae	2831104	F	3036	361	3397	0.00027
Sphingomonadaceae	41297	F	274953	36181	311134	0.02458
Erythrobacteraceae	335929	F	45271	7910	53181	0.00420
Sphingosinicellaceae	2820280	F	12976	921	13897	0.00110
Azospirillaceae	2829815	F	71423	7061	78484	0.00620
Acetobacteraceae	433	F	71099	8048	79147	0.00625
Rhodospirillaceae	41295	F	44850	175866	220716	0.01744
Stellaceae	2844601	F	8244	535	8779	0.00069
Elioraeaceae	2690195	F	3847	179	4026	0.00032
Thalassospiraceae	2844866	F	2504	164	2668	0.00021
Rhodobacteraceae	31989	F	77677	9872	87549	0.00692
Roseobacteraceae	2854170	F	54245	5618	59863	0.00473
Caulobacteraceae	76892	F	82430	7345	89775	0.00709
Maricaulaceae	2800061	F	4453	403	4856	0.00038
Hyphomonadaceae	69657	F	4236	152	4388	0.00035
Parvularculaceae	255474	F	1405	87	1492	0.00012
Burkholderiaceae	119060	F	349180	87736	436916	0.03451
Comamonadaceae	80864	F	211826	72497	284323	0.02246
Oxalobacteraceae	75682	F	114766	16113	130879	0.01034
Alcaligenaceae	506	F	80336	101294	181630	0.01435
Sutterellaceae	995019	F	1661	142	1803	0.00014
Zoogloeaceae	2008794	F	27391	11523	38914	0.00307
Rhodocyclaceae	75787	F	20668	6720	27388	0.00216
Azonexaceae	2008795	F	7457	845	8302	0.00066
Usitatibacteraceae	2803844	F	20545	1686	22231	0.00176
Sterolibacteriaceae	2008793	F	8237	2359	10596	0.00084
Nitrosomonadaceae	206379	F	4977	225	5202	0.00041
Thiobacillaceae	2008790	F	4473	1360	5833	0.00046
Gallionellaceae	90627	F	4403	533	4936	0.00039
Sulfuricellaceae	2772226	F	3742	495	4237	0.00033
Methylophilaceae	32011	F	1549	151	1700	0.00013
Chromobacteriaceae	1499392	F	25298	5207	30505	0.00241
Neisseriaceae	481	F	10779	2406	13185	0.00104
Casimicrobiaceae	2705999	F	1557	816	2373	0.00019
Xanthomonadaceae	32033	F	195376	41472	236848	0.01871
Rhodanobacteraceae	1775411	F	55683	8698	64381	0.00509
Pseudomonadaceae	135621	F	214286	72647	286933	0.02267
Marinobacteraceae	2887365	F	5306	427	5733	0.00045
Enterobacteriaceae	543	F	34604	109689	144293	0.01140
Yersiniaceae	1903411	F	13895	4547	18442	0.00146
Erwiniaceae	1903409	F	10410	2295	12705	0.00100
Pectobacteriaceae	1903410	F	6474	1106	7580	0.00060
Hafniaceae	1903412	F	2007	727	2734	0.00022
Morganellaceae	1903414	F	1783	995	2778	0.00022
Bruguierivoracaceae	2812006	F	1229	85	1314	0.00010
Ectothiorhodospiraceae	72276	F	19953	1815	21768	0.00172
Chromatiaceae	1046	F	14964	1017	15981	0.00126
Wenzhouxiangellaceae	1676141	F	2317	2000	4317	0.00034
Thioalkalibacteraceae	2035710	F	1365	319	1684	0.00013
Thioalkalispiraceae	1096778	F	1264	472	1736	0.00014
Halomonadaceae	28256	F	32778	3865	36643	0.00289
Alcanivoracaceae	224372	F	3417	1502	4919	0.00039
Oceanospirillaceae	135620	F	2281	244	2525	0.00020
Aeromonadaceae	84642	F	15838	10419	26257	0.00207
Methylococcaceae	403	F	14838	640	15478	0.00122
Sinobacteraceae	568386	F	6406	800	7206	0.00057
Steroidobacteraceae	2689614	F	3118	815	3933	0.00031
Shewanellaceae	267890	F	4447	743	5190	0.00041
Alteromonadaceae	72275	F	2029	251	2280	0.00018
Pseudoalteromonadaceae	267888	F	1423	166	1589	0.00013
Microbulbiferaceae	1706373	F	4274	241	4515	0.00036
Halieaceae	1706372	F	1911	181	2092	0.00017
Cellvibrionaceae	1706371	F	1749	60	1809	0.00014
Acidiferrobacteraceae	1692041	F	8200	384	8584	0.00068
Vibrionaceae	641	F	5586	2717	8303	0.00066
Moraxellaceae	468	F	2925	1032	3957	0.00031
Legionellaceae	444	F	1845	117	1962	0.00016
Immundisolibacteraceae	1934946	F	2368	2656	5024	0.00040
Piscirickettsiaceae	135616	F	1108	101	1209	0.00010
Salinisphaeraceae	742031	F	1544	62	1606	0.00013
Pasteurellaceae	712	F	1281	1761	3042	0.00024
Myxococcaceae	31	F	83702	37646	121348	0.00959
Archangiaceae	39	F	51085	2154	53239	0.00421
Anaeromyxobacteraceae	1524215	F	49978	3330	53308	0.00421
Vulgatibacteraceae	1524213	F	5490	380	5870	0.00046
Polyangiaceae	49	F	115400	8445	123845	0.00978
Sandaracinaceae	1055686	F	28722	1428	30150	0.00238
Labilitrichaceae	1524216	F	17505	717	18222	0.00144
Kofleriaceae	224464	F	12369	570	12939	0.00102
Geobacteraceae	213422	F	22111	1980	24091	0.00190
Desulfuromonadaceae	213421	F	6778	920	7698	0.00061
Syntrophotaleaceae	2812024	F	1200	126	1326	0.00010
Desulfovibrionaceae	194924	F	20429	1628	22057	0.00174
Desulfomicrobiaceae	213116	F	1154	112	1266	0.00010
Desulfobacteraceae	213119	F	4978	393	5371	0.00042
Desulfobulbaceae	213121	F	2164	235	2399	0.00019
Bradymonadaceae	1779135	F	5714	703	6417	0.00051
Syntrophobacteraceae	213465	F	1775	342	2117	0.00017
Desulfarculaceae	453228	F	1617	697	2314	0.00018
Acidithiobacillaceae	225058	F	1941	195	2136	0.00017
Gemmataceae	1914233	F	77400	2517	79917	0.00631
Isosphaeraceae	1763524	F	69788	6459	76247	0.00602
Pirellulaceae	2691357	F	22369	905	23274	0.00184
Lacipirellulaceae	2691359	F	19943	969	20912	0.00165
Planctomycetaceae	126	F	40461	4048	44509	0.00352
Tepidisphaeraceae	1771355	F	6221	167	6388	0.00050
Phycisphaeraceae	666507	F	4362	271	4633	0.00037
Opitutaceae	134623	F	20390	939	21329	0.00168
Verrucomicrobiaceae	203557	F	8742	396	9138	0.00072
Akkermansiaceae	1647988	F	1225	1364	2589	0.00020
Hymenobacteraceae	1853232	F	21039	842	21881	0.00173
Cytophagaceae	89373	F	4031	181	4212	0.00033
Fulvivirgaceae	2762286	F	3134	82	3216	0.00025
Spirosomaceae	2896860	F	2739	141	2880	0.00023
Chitinophagaceae	563835	F	17384	230	17614	0.00139
Rikenellaceae	171550	F	4367	1340	5707	0.00045
Prevotellaceae	171552	F	1827	248	2075	0.00016
Bacteroidaceae	815	F	1642	647	2289	0.00018
Flavobacteriaceae	49546	F	7540	515	8055	0.00064
Weeksellaceae	2762318	F	2743	695	3438	0.00027
Rhodothermaceae	563843	F	8551	385	8936	0.00071
Sphingobacteriaceae	84566	F	5431	528	5959	0.00047
Chlorobiaceae	191412	F	3598	395	3993	0.00032
Gemmatimonadaceae	219687	F	65521	3701	69222	0.00547
Acidobacteriaceae	204434	F	43467	930	44397	0.00351
Bryobacteraceae	1962910	F	8028	215	8243	0.00065
Vicinamibacteraceae	2211325	F	37671	5530	43201	0.00341
Acanthopleuribacteraceae	533207	F	2059	42	2101	0.00017
Nitrospiraceae	189779	F	9234	131	9365	0.00074
Treponemataceae	2845253	F	1069	124	1193	0.00009
Spirochaetaceae	137	F	1012	32	1044	0.00008
Synergistaceae	649777	F	3032	886	3918	0.00031
Nectriaceae	110618	F	33202	1994	35196	0.00278
Ophiocordycipitaceae	474942	F	6563	380	6943	0.00055
Hypocreaceae	5129	F	5838	255	6093	0.00048
Clavicipitaceae	34397	F	4828	469	5297	0.00042
Cordycipitaceae	474943	F	4610	152	4762	0.00038
Bionectriaceae	103887	F	1050	78	1128	0.00009
Glomerellaceae	681950	F	1798	392	2190	0.00017
Chaetomiaceae	35718	F	7761	330	8091	0.00064
Pyriculariaceae	2528436	F	2095	20	2115	0.00017
Sporocadaceae	1812776	F	2478	48	2526	0.00020
Aspergillaceae	1131492	F	8551	463	9014	0.00071
Trichocomaceae	28568	F	2389	182	2571	0.00020
Saccharomycetaceae	4893	F	1255	235	1490	0.00012
Ustilaginaceae	5268	F	3171	84	3255	0.00026
Peronosporaceae	4777	F	5849	964	6813	0.00054
