name	taxonomy_id	taxonomy_lvl	kraken_assigned_reads	added_reads	new_est_reads	fraction_total_reads
Streptomyces sp. CdTB01	1725411	S	20447	5961	26408	0.00217
Streptomyces sp. BH-MK-02	2880933	S	19392	4047	23439	0.00192
Streptomyces sp. A2-16	2781734	S	16892	5554	22446	0.00184
Streptomyces sp. P3	2135430	S	13793	3576	17369	0.00143
Streptomyces sp. ZYC-3	2797636	S	12576	2599	15175	0.00125
Streptomyces sp. GQFP	2907545	S	12494	2178	14672	0.00120
Streptomyces sp. SN-593	659352	S	12009	2517	14526	0.00119
Streptomyces sp. 3214.6	1882757	S	10663	3243	13906	0.00114
Streptomyces sp. Z423-1	2730915	S	9709	2919	12628	0.00104
Streptomyces sp. WAC 01438	2203204	S	8736	2979	11715	0.00096
Streptomyces sp. ST1015	1848900	S	8687	1805	10492	0.00086
Streptomyces sp. RPA4-2	2721244	S	8679	2703	11382	0.00093
Streptomyces sp. CB01881	2078691	S	8554	1445	9999	0.00082
Streptomyces sp. LRE541	2931983	S	8396	1986	10382	0.00085
Streptomyces sp. So13.3	2136173	S	8221	1401	9622	0.00079
Streptomyces sp. SAT1	1849967	S	8162	2971	11133	0.00091
Streptomyces sp. S1D4-11	2721246	S	7322	6848	14170	0.00116
Streptomyces sp. SCSIO 64649	2878388	S	7094	1128	8222	0.00068
Streptomyces sp. HM190	2695266	S	6962	2239	9201	0.00076
Streptomyces sp. AMCC400023	2056258	S	6957	3295	10252	0.00084
Streptomyces sp. MG28	2865673	S	6718	2723	9441	0.00078
Streptomyces sp. NEAU-sy36	2751189	S	6672	2535	9207	0.00076
Streptomyces sp. DSM 40868	2721173	S	6616	2496	9112	0.00075
Streptomyces sp. MG62	2838015	S	6558	2593	9151	0.00075
Streptomyces sp. Go 40/10	2825844	S	6488	3093	9581	0.00079
Streptomyces sp. NA02950	2742137	S	6360	1215	7575	0.00062
Streptomyces sp. CB09001	2083284	S	6109	4527	10636	0.00087
Streptomyces sp. Go-475	2072505	S	6058	2979	9037	0.00074
Streptomyces sp. HSG2	2797167	S	6054	1201	7255	0.00060
Streptomyces sp. JB150	2714844	S	6053	2114	8167	0.00067
Streptomyces sp. S4.7	2705439	S	5970	2030	8000	0.00066
Streptomyces sp. BJ20	2930049	S	5928	2423	8351	0.00069
Streptomyces sp. CMB-StM0423	2059884	S	5881	3906	9787	0.00080
Streptomyces sp. NHF165	2175864	S	5768	914	6682	0.00055
Streptomyces sp. WY228	2855836	S	5597	3210	8807	0.00072
Streptomyces sp. YIM 121038	2136401	S	5549	1671	7220	0.00059
Streptomyces sp. SYP-A7193	2662065	S	5486	3922	9408	0.00077
Streptomyces sp. MBT27	1488356	S	5314	1480	6794	0.00056
Streptomyces sp. NA04227	2742136	S	5280	1124	6404	0.00053
Streptomyces sp. MA3_2.13	2867410	S	5267	600	5867	0.00048
Streptomyces sp. SCUT-3	2684469	S	5121	1771	6892	0.00057
Streptomyces sp. GMY02	1333528	S	5057	839	5896	0.00048
Streptomyces sp. 3025	2923272	S	5002	824	5826	0.00048
Streptomyces sp. RTd22	1841249	S	4827	2772	7599	0.00062
Streptomyces sp. GS7	2692234	S	4726	1264	5990	0.00049
Streptomyces sp. HP-A2021	2927875	S	4658	2793	7451	0.00061
Streptomyces sp. 891-h	2720714	S	4628	788	5416	0.00044
Streptomyces sp. jing01	2726118	S	4565	2696	7261	0.00060
Streptomyces sp. C8S0	2585716	S	4521	1202	5723	0.00047
Streptomyces sp. MST-110588	2833628	S	4267	970	5237	0.00043
Streptomyces sp. W1SF4	2305220	S	4255	1492	5747	0.00047
Streptomyces sp. QHH-9511	2684468	S	4212	1124	5336	0.00044
Streptomyces sp. SirexAA-E	862751	S	4060	1248	5308	0.00044
Streptomyces sp. SM18	1736046	S	4047	1149	5196	0.00043
Streptomyces sp. 135	2838850	S	4020	1383	5403	0.00044
Streptomyces sp. Rer75	2750011	S	3978	2530	6508	0.00053
Streptomyces sp. WAC 01529	2203205	S	3843	1416	5259	0.00043
Streptomyces sp. BHT-5-2	2866715	S	3764	1195	4959	0.00041
Streptomyces sp. Tu 2975	2676871	S	3288	1033	4321	0.00035
Streptomyces sp. fd1-xmd	1812480	S	3286	1643	4929	0.00040
Streptomyces sp. SUK 48	2582831	S	3198	2250	5448	0.00045
Streptomyces sp. CCM_MD2014	1561022	S	3146	3716	6862	0.00056
Streptomyces sp. HF10	2692233	S	3022	2410	5432	0.00045
Streptomyces sp. WAC 06738	2203210	S	2966	4564	7530	0.00062
Streptomyces sp. INR7	2607753	S	2861	1744	4605	0.00038
Streptomyces sp. ADI95-16	1522758	S	2832	3605	6437	0.00053
Streptomyces sp. CNQ-509	444103	S	2686	4034	6720	0.00055
Streptomyces sp. TN58	234612	S	2649	1406	4055	0.00033
Streptomyces sp. RLB1-33	2721243	S	2593	9397	11990	0.00098
Streptomyces sp. 2114.2	1881022	S	2543	18047	20590	0.00169
Streptomyces sp. NA02536	2742133	S	2514	7342	9856	0.00081
Streptomyces sp. Mg1	465541	S	2344	3171	5515	0.00045
Streptomyces sp. MOE7	1961713	S	2303	2985	5288	0.00043
Streptomyces sp. M2	646637	S	2156	20729	22885	0.00188
Streptomyces sp. YPW6	2840373	S	2075	1143	3218	0.00026
Streptomyces sp. XC 2026	2782004	S	2043	1909	3952	0.00032
Streptomyces sp. 2323.1	1938841	S	2033	1314	3347	0.00027
Streptomyces sp. AgN23	1188315	S	2010	1988	3998	0.00033
Streptomyces sp. 769	1262452	S	1997	1684	3681	0.00030
Streptomyces sp. CRSS-Y-16	2906474	S	1988	20219	22207	0.00182
Streptomyces sp. EAS-AB2608	2779671	S	1974	4790	6764	0.00056
Streptomyces sp. RPA4-5	2721245	S	1917	1337	3254	0.00027
Streptomyces sp. ID38640	1265399	S	1912	1710	3622	0.00030
Streptomyces sp. PBH53	1577075	S	1855	4380	6235	0.00051
Streptomyces sp. NEAU-S7GS2	2202000	S	1554	1527	3081	0.00025
Streptomyces sp. S063	2005885	S	1494	1136	2630	0.00022
Streptomyces sp. PAMC 26508	1265601	S	1468	9418	10886	0.00089
Streptomyces sp. S8	1837283	S	1345	1281	2626	0.00022
Streptomyces sp. 3211	1964449	S	1334	2620	3954	0.00032
Streptomyces sp. S501	2420135	S	1323	9196	10519	0.00086
Streptomyces sp. WA6-1-16	2879427	S	1198	1407	2605	0.00021
Streptomyces sp. 11-1-2	1851167	S	1131	2435	3566	0.00029
Streptomyces sp. endophyte_N2	2153485	S	1118	3658	4776	0.00039
Streptomyces sp. Sge12	1972846	S	1052	2544	3596	0.00030
Streptomyces nodosus	40318	S	28617	6175	34792	0.00286
Streptomyces rapamycinicus	1226757	S	10871	2462	13333	0.00109
Streptomyces hygroscopicus	1912	S	10459	15490	25949	0.00213
Streptomyces violaceusniger	68280	S	2680	1786	4466	0.00037
Streptomyces yatensis	155177	S	2209	1626	3835	0.00031
Streptomyces cadmiisoli	2184053	S	8418	1847	10265	0.00084
Streptomyces aurantiacus	47760	S	7416	1589	9005	0.00074
Streptomyces qaidamensis	1783515	S	4582	1833	6415	0.00053
Streptomyces alboniger	132473	S	2901	1007	3908	0.00032
Streptomyces koyangensis	188770	S	1897	1884	3781	0.00031
Streptomyces venezuelae	54571	S	24799	7950	32749	0.00269
Streptomyces aquilus	2548456	S	21998	5842	27840	0.00229
Streptomyces avermitilis	33903	S	17804	4503	22307	0.00183
Streptomyces chartreusis	1969	S	15991	6089	22080	0.00181
Streptomyces griseorubiginosus	67304	S	15655	4670	20325	0.00167
Streptomyces dengpaensis	2049881	S	13468	3275	16743	0.00137
Streptomyces lydicus	47763	S	12398	8426	20824	0.00171
Streptomyces niveus	193462	S	11679	4617	16296	0.00134
Streptomyces bathyalis	2710756	S	11353	1505	12858	0.00106
Streptomyces collinus	42684	S	11273	6071	17344	0.00142
Streptomyces griseochromogenes	68214	S	10636	2641	13277	0.00109
Streptomyces asoensis	249586	S	10635	2824	13459	0.00110
Streptomyces phaeolivaceus	2653200	S	10397	2674	13071	0.00107
Streptomyces lincolnensis	1915	S	10347	2682	13029	0.00107
Streptomyces griseus	1911	S	3812	3085	6897	0.00057
Streptomyces anulatus	1892	S	3023	3252	6275	0.00052
Streptomyces microflavus	1919	S	1517	7113	8630	0.00071
Streptomyces globisporus	1908	S	1276	10070	11346	0.00093
Streptomyces albus	1888	S	9631	4611	14242	0.00117
Streptomyces capitiformicae	2014920	S	9334	1372	10706	0.00088
Streptomyces seoulensis	73044	S	9211	3014	12225	0.00100
Streptomyces cyaneochromogenes	2496836	S	9003	2396	11399	0.00094
Streptomyces formicae	1616117	S	8793	2529	11322	0.00093
Streptomyces ferrugineus	1413221	S	8741	2537	11278	0.00093
Streptomyces davaonensis	348043	S	8334	2074	10408	0.00085
Streptomyces bingchenggensis	379067	S	8049	1276	9325	0.00077
Streptomyces griseoviridis	45398	S	7875	2191	10066	0.00083
Streptomyces fodineus	1904616	S	7684	2479	10163	0.00083
Streptomyces broussonetiae	2686304	S	7641	2061	9702	0.00080
Streptomyces incarnatus	665007	S	7595	2105	9700	0.00080
Streptomyces calvus	67282	S	7472	2614	10086	0.00083
Streptomyces armeniacus	83291	S	7363	849	8212	0.00067
Streptomyces tsukubensis	83656	S	7300	1509	8809	0.00072
Streptomyces actuosus	1885	S	7225	2677	9902	0.00081
Streptomyces roseirectus	2768066	S	7220	1523	8743	0.00072
Streptomyces durmitorensis	319947	S	7183	1344	8527	0.00070
Streptomyces roseochromogenus	285450	S	7036	1997	9033	0.00074
Streptomyces buecherae	2763006	S	6864	1415	8279	0.00068
Streptomyces antibioticus	1890	S	6705	2095	8800	0.00072
Streptomyces lunaelactis	1535768	S	6684	1188	7872	0.00065
Streptomyces spectabilis	68270	S	6680	1979	8659	0.00071
Streptomyces galilaeus	33899	S	6511	1919	8430	0.00069
Streptomyces cattleya	29303	S	6377	1484	7861	0.00065
Streptomyces pluripotens	1355015	S	6198	1220	7418	0.00061
Streptomyces xanthii	2768069	S	6094	1553	7647	0.00063
Streptomyces chromofuscus	42881	S	6011	2049	8060	0.00066
Streptomyces viridosporus	67581	S	5987	2145	8132	0.00067
Streptomyces nigra	1827580	S	5951	2040	7991	0.00066
Streptomyces dangxiongensis	1442032	S	5825	1793	7618	0.00063
Streptomyces ambofaciens	1889	S	5776	3160	8936	0.00073
Streptomyces fagopyri	2662397	S	5755	1819	7574	0.00062
Streptomyces prasinus	67345	S	5627	1580	7207	0.00059
Streptomyces deccanensis	424188	S	5499	2225	7724	0.00063
Streptomyces pactum	68249	S	5445	1992	7437	0.00061
Streptomyces pratensis	1169025	S	5423	1161	6584	0.00054
Streptomyces glaucescens	1907	S	5411	2045	7456	0.00061
Streptomyces atratus	1893	S	5392	925	6317	0.00052
Streptomyces paludis	2282738	S	5261	957	6218	0.00051
Streptomyces cyanogenus	80860	S	5209	2123	7332	0.00060
Streptomyces aureoverticillatus	66871	S	5129	1222	6351	0.00052
Streptomyces tendae	1932	S	5054	1855	6909	0.00057
Streptomyces vietnamensis	362257	S	5032	1487	6519	0.00054
Streptomyces parvulus	146923	S	5024	1986	7010	0.00058
Streptomyces rimosus	1927	S	5010	20540	25550	0.00210
Streptomyces alboflavus	67267	S	4915	1198	6113	0.00050
Streptomyces xinghaiensis	1038928	S	4776	1174	5950	0.00049
Streptomyces genisteinicus	2768068	S	4651	1218	5869	0.00048
Streptomyces liangshanensis	2717324	S	4643	975	5618	0.00046
Streptomyces olivoreticuli	68246	S	4633	1093	5726	0.00047
Streptomyces hawaiiensis	67305	S	4606	1915	6521	0.00054
Streptomyces albulus	68570	S	4552	1206	5758	0.00047
Streptomyces finlayi	67296	S	4395	851	5246	0.00043
Streptomyces ficellus	1977088	S	4377	1319	5696	0.00047
Streptomyces spongiicola	1690221	S	4359	1557	5916	0.00049
Streptomyces coeruleorubidus	116188	S	4316	1995	6311	0.00052
Streptomyces peucetius	1950	S	4315	1003	5318	0.00044
Streptomyces clavuligerus	1901	S	4294	857	5151	0.00042
Streptomyces griseocarneus	51201	S	4279	1243	5522	0.00045
Streptomyces rectiverticillatus	173860	S	4170	1112	5282	0.00043
Streptomyces luteoverticillatus	66425	S	4128	1134	5262	0.00043
Streptomyces globosus	68209	S	4110	1258	5368	0.00044
Streptomyces tuirus	68278	S	4027	1884	5911	0.00049
Streptomyces hundungensis	1077946	S	3998	1065	5063	0.00042
Streptomyces coelicolor	1902	S	3286	42197	45483	0.00373
Streptomyces gilvosporeus	553510	S	3916	1070	4986	0.00041
Streptomyces kanamyceticus	1967	S	3915	1255	5170	0.00042
Streptomyces exfoliatus	1905	S	3881	1152	5033	0.00041
Streptomyces lavendulae	1914	S	3865	1172	5037	0.00041
Streptomyces katrae	68223	S	3855	1248	5103	0.00042
Streptomyces vinaceus	1960	S	3838	1202	5040	0.00041
Streptomyces subrutilus	36818	S	3813	1220	5033	0.00041
Streptomyces inhibens	2293571	S	3691	1004	4695	0.00039
Streptomyces harbinensis	1176198	S	3671	818	4489	0.00037
Streptomyces qinzhouensis	2599401	S	3668	764	4432	0.00036
Streptomyces pristinaespiralis	38300	S	3553	1270	4823	0.00040
Streptomyces angustmyceticus	285578	S	3376	1235	4611	0.00038
Streptomyces tirandamycinicus	2174846	S	3310	961	4271	0.00035
Streptomyces nitrosporeus	28894	S	3238	779	4017	0.00033
Streptomyces huasconensis	1854574	S	3024	1085	4109	0.00034
Streptomyces gardneri	66892	S	2940	1125	4065	0.00033
Streptomyces mobaraensis	35621	S	2885	123859	126744	0.01041
Streptomyces rutgersensis	53451	S	2856	1235	4091	0.00034
Streptomyces leeuwenhoekii	1437453	S	2793	1903	4696	0.00039
Streptomyces gobiensis	2875706	S	2792	424	3216	0.00026
Streptomyces nojiriensis	66374	S	2684	1081	3765	0.00031
Streptomyces olivaceus	47716	S	2527	10109	12636	0.00104
Streptomyces cyaneogriseus	68192	S	2466	1859	4325	0.00036
Streptomyces lividans	1916	S	2408	16329	18737	0.00154
Streptomyces fungicidicus	68203	S	2148	6687	8835	0.00073
Streptomyces auratus	114687	S	1803	1199	3002	0.00025
Streptomyces lydicamycinicus	1546107	S	1762	1057	2819	0.00023
Streptomyces decoyicus	249567	S	1685	931	2616	0.00021
Streptomyces antimycoticus	68175	S	1684	1856	3540	0.00029
Streptomyces xiamenensis	408015	S	1651	1465	3116	0.00026
Streptomyces mirabilis	68239	S	1487	10087	11574	0.00095
Streptomyces platensis	58346	S	1295	991	2286	0.00019
Streptomyces griseofuscus	146922	S	1255	6243	7498	0.00062
Kitasatospora sp. MMS16-BH015	2018025	S	5876	1566	7442	0.00061
Kitasatospora sp. NA04385	2742135	S	5470	2480	7950	0.00065
Kitasatospora setae	2066	S	5181	2258	7439	0.00061
Kitasatospora aureofaciens	1894	S	4538	1507	6045	0.00050
Kitasatospora albolonga	68173	S	1370	899	2269	0.00019
Streptacidiphilus sp. P02-A3a	2704468	S	5770	1422	7192	0.00059
Streptacidiphilus sp. PB12-B1b	2705012	S	5102	1615	6717	0.00055
Streptacidiphilus bronchialis	2126346	S	4091	1055	5146	0.00042
Yinghuangia sp. ASG 101	2896848	S	13175	1721	14896	0.00122
Microbacterium sp. No. 7	1714373	S	3457	1460	4917	0.00040
Microbacterium sp. 4R-513	2567934	S	3211	628	3839	0.00032
Microbacterium sp. 10M-3C3	2483401	S	2476	1497	3973	0.00033
Microbacterium sp. JZ31	1906274	S	2379	658	3037	0.00025
Microbacterium sp. YJN-G	2763257	S	2224	923	3147	0.00026
Microbacterium sp. SSW1-51	2851650	S	2096	858	2954	0.00024
Microbacterium sp. SSW1-36	2851648	S	1980	632	2612	0.00021
Microbacterium sp. BH-3-3-3	1906742	S	1935	485	2420	0.00020
Microbacterium sp. ABRD_28	2268461	S	1705	242	1947	0.00016
Microbacterium sp. XT11	367477	S	1674	426	2100	0.00017
Microbacterium sp. cx-55	2875948	S	1665	251	1916	0.00016
Microbacterium sp. H1-D42	2925844	S	1652	327	1979	0.00016
Microbacterium sp. A18JL241	2782166	S	1640	484	2124	0.00017
Microbacterium sp. PM5	2014534	S	1626	325	1951	0.00016
Microbacterium sp. Y-01	2048898	S	1591	1078	2669	0.00022
Microbacterium sp. NIBRBAC000506063	2734618	S	1591	621	2212	0.00018
Microbacterium sp. LKL04	912630	S	1459	366	1825	0.00015
Microbacterium sp. TPU 3598	1938334	S	1412	750	2162	0.00018
Microbacterium sp. CBA3102	2603598	S	1372	642	2014	0.00017
Microbacterium sp. 1S1	2606451	S	1283	1302	2585	0.00021
Microbacterium sp. Nx66	2766784	S	1028	1554	2582	0.00021
Microbacterium foliorum	104336	S	4055	850	4905	0.00040
Microbacterium hominis	162426	S	3417	12587	16004	0.00131
Microbacterium cremeum	2782169	S	3329	628	3957	0.00032
Microbacterium oleivorans	273677	S	3164	559	3723	0.00031
Microbacterium atlanticum	2782168	S	2980	584	3564	0.00029
Microbacterium lemovicicum	1072463	S	2399	481	2880	0.00024
Microbacterium resistens	156977	S	2257	365	2622	0.00022
Microbacterium sediminis	904291	S	2158	869	3027	0.00025
Microbacterium pygmaeum	370764	S	2125	233	2358	0.00019
Microbacterium oryzae	743009	S	2058	525	2583	0.00021
Microbacterium testaceum	2033	S	1984	328	2312	0.00019
Microbacterium aurum	36805	S	1878	538	2416	0.00020
Microbacterium caowuchunii	2614638	S	1757	290	2047	0.00017
Microbacterium wangchenii	2541726	S	1726	381	2107	0.00017
Microbacterium chocolatum	84292	S	1713	336	2049	0.00017
Microbacterium luteum	2782167	S	1711	633	2344	0.00019
Microbacterium protaetiae	2509458	S	1690	323	2013	0.00017
Microbacterium oxydans	82380	S	1689	1599	3288	0.00027
Microbacterium lushaniae	2614639	S	1672	377	2049	0.00017
Microbacterium esteraromaticum	57043	S	1581	330	1911	0.00016
Microbacterium hydrocarbonoxydans	273678	S	1387	249	1636	0.00013
Microbacterium schleiferi	69362	S	1230	363	1593	0.00013
Agromyces sp. H17E-10	2932244	S	4586	1389	5975	0.00049
Agromyces sp. LHK192	2498704	S	3193	847	4040	0.00033
Agromyces sp. CFWR-12	2929802	S	2407	1326	3733	0.00031
Agromyces flavus	589382	S	3509	1010	4519	0.00037
Agromyces soli	659012	S	3273	1089	4362	0.00036
Agromyces aureus	453304	S	3204	832	4036	0.00033
Agromyces protaetiae	2509455	S	2590	677	3267	0.00027
Agromyces marinus	1389020	S	2332	770	3102	0.00025
Agromyces archimandritae	2781962	S	2238	579	2817	0.00023
Agromyces intestinalis	2592652	S	2164	1134	3298	0.00027
Agromyces badenianii	2080742	S	2024	609	2633	0.00022
Agromyces laixinhei	2585717	S	1883	396	2279	0.00019
Leifsonia sp. 21MFCrub1.1	1798223	S	4601	5244	9845	0.00081
Leifsonia sp. ZF2019	2781978	S	4269	1107	5376	0.00044
Leifsonia sp. PS1209	2724914	S	3682	949	4631	0.00038
Leifsonia shinshuensis	150026	S	7613	2039	9652	0.00079
Leifsonia xyli	1575	S	2258	286	2544	0.00021
Curtobacterium sp. BH-2-1-1	1905847	S	2169	920	3089	0.00025
Curtobacterium sp. L6-1	2841594	S	1900	675	2575	0.00021
Curtobacterium sp. YC1	2795488	S	1554	869	2423	0.00020
Curtobacterium sp. TC1	2862880	S	1354	1299	2653	0.00022
Curtobacterium sp. MR_MD2014	1561023	S	1340	1023	2363	0.00019
Curtobacterium sp. 24E2	2804758	S	1256	1280	2536	0.00021
Curtobacterium sp. SGAir0471	2070337	S	1006	1998	3004	0.00025
Curtobacterium flaccumfaciens	2035	S	3033	1338	4371	0.00036
Curtobacterium luteum	33881	S	1979	662	2641	0.00022
Rathayibacter sp. VKM Ac-2759	2609252	S	2463	1089	3552	0.00029
Rathayibacter sp. VKM Ac-2760	2609253	S	2232	1898	4130	0.00034
Rathayibacter sp. VKM Ac-2804	2609257	S	1668	2016	3684	0.00030
Rathayibacter festucae	110937	S	2575	2858	5433	0.00045
Rathayibacter tanaceti	1671680	S	1486	367	1853	0.00015
Clavibacter michiganensis	28447	S	10572	9614	20186	0.00166
Clavibacter zhangzhiyongii	2768071	S	1276	611	1887	0.00015
Leucobacter sp. H25R-14	2932245	S	1641	1400	3041	0.00025
Leucobacter sp. NB 10	2873270	S	1546	792	2338	0.00019
Leucobacter sp. Psy1	2875729	S	1190	342	1532	0.00013
Leucobacter sp. CX169	2813744	S	1067	421	1488	0.00012
Leucobacter muris	1935379	S	1813	619	2432	0.00020
Leucobacter triazinivorans	1784719	S	1598	827	2425	0.00020
Agrococcus sp. SGAir0287	2070347	S	2591	743	3334	0.00027
Agrococcus sp. SCSIO52902	2933290	S	2358	1065	3423	0.00028
Agrococcus sp. Marseille-Q4369	2810513	S	2233	732	2965	0.00024
Agrococcus jejuensis	399736	S	2795	834	3629	0.00030
Agrococcus carbonis	684552	S	2468	1057	3525	0.00029
Protaetiibacter intestinalis	2419774	S	2917	1046	3963	0.00033
Protaetiibacter sp. SSC-01	2759943	S	2836	1040	3876	0.00032
Protaetiibacter larvae	2592654	S	2200	689	2889	0.00024
Salinibacterium sp. ZJ450	2708338	S	1651	247	1898	0.00016
Salinibacterium sp. ZJ70	2708084	S	1633	407	2040	0.00017
Salinibacterium sp. dk2585	2603292	S	1212	213	1425	0.00012
Cryobacterium sp. LW097	1978566	S	1409	401	1810	0.00015
Cryobacterium soli	2220095	S	1130	1245	2375	0.00019
Frondihabitans sp. PAMC 28766	1795630	S	2436	309	2745	0.00023
Frondihabitans sp. 762G35	1446794	S	2108	429	2537	0.00021
Microterricola viridarii	412690	S	3868	897	4765	0.00039
Microcella flavibacter	1804990	S	2186	963	3149	0.00026
Microcella alkaliphila	279828	S	1389	226	1615	0.00013
Cnuibacter physcomitrellae	1619308	S	2950	603	3553	0.00029
Herbiconiux sp. SALV-R1	2735133	S	2838	536	3374	0.00028
Frigoribacterium sp. NBH87	2596916	S	2757	764	3521	0.00029
Gryllotalpicola protaetiae	2419771	S	2689	481	3170	0.00026
Subtercola sp. AK-R2A1-2	2895559	S	1367	121	1488	0.00012
Humibacter sp. WJ7-1	2599293	S	2204	451	2655	0.00022
Amnibacterium sp. L3-i23	2905871	S	2069	463	2532	0.00021
Marisediminicola antarctica	674079	S	1601	185	1786	0.00015
Gulosibacter sediminis	1729695	S	1464	372	1836	0.00015
Diaminobutyricimonas sp. LJ205	2683590	S	1443	252	1695	0.00014
Glaciihabitans sp. INWT7	2596912	S	1365	101	1466	0.00012
Agreia sp. COWG	2773266	S	1240	141	1381	0.00011
Arthrobacter sp. NicSoilC5	2831000	S	45919	16730	62649	0.00514
Arthrobacter sp. FW305-BF8	2879617	S	10478	2315	12793	0.00105
Arthrobacter sp. QXT-31	1357915	S	9507	2177	11684	0.00096
Arthrobacter sp. NtRootA1	2830983	S	6997	1536	8533	0.00070
Arthrobacter sp. NicSoilB8	2830998	S	4318	905	5223	0.00043
Arthrobacter sp. PM3	2017685	S	4122	497	4619	0.00038
Arthrobacter sp. FW306-06-A	2879621	S	3945	9273	13218	0.00109
Arthrobacter sp. PGP41	2079227	S	3719	870	4589	0.00038
Arthrobacter sp. StoSoilB19	2830994	S	3324	10054	13378	0.00110
Arthrobacter sp. NicSoilB11	2830999	S	3324	8770	12094	0.00099
Arthrobacter sp. KBS0702	2578107	S	3247	1044	4291	0.00035
Arthrobacter sp. UKPF54-2	2600159	S	3203	1089	4292	0.00035
Arthrobacter sp. 24S4-2	2575374	S	3195	568	3763	0.00031
Arthrobacter sp. FB24	290399	S	3031	682	3713	0.00030
Arthrobacter sp. PAMC25564	2565366	S	2814	624	3438	0.00028
Arthrobacter sp. FW306-2-2C-D06B	2879618	S	2801	451	3252	0.00027
Arthrobacter sp. NicSoilB4	2830997	S	2800	710	3510	0.00029
Arthrobacter sp. U41	1849032	S	2744	612	3356	0.00028
Arthrobacter sp. FW306-07-I	2879622	S	2524	9423	11947	0.00098
Arthrobacter sp. FW306-05-C	2879620	S	2362	8289	10651	0.00087
Arthrobacter sp. PAMC25284	2861279	S	2046	434	2480	0.00020
Arthrobacter sp. QL17	2895818	S	2003	485	2488	0.00020
Arthrobacter sp. ERGS1:01	1704044	S	1629	319	1948	0.00016
Arthrobacter sp. StoSoilB5	2830992	S	1244	266	1510	0.00012
Arthrobacter sp. StoSoilB20	2830995	S	1193	237	1430	0.00012
Arthrobacter sp. Helios	2828862	S	1149	180	1329	0.00011
Arthrobacter agilis	37921	S	2972	460	3432	0.00028
Arthrobacter crystallopoietes	37928	S	2307	389	2696	0.00022
Arthrobacter woluwensis	156980	S	1553	318	1871	0.00015
Arthrobacter sulfonylureivorans	2486855	S	1463	220	1683	0.00014
Arthrobacter dokdonellae	2211210	S	1391	246	1637	0.00013
Pseudarthrobacter sp. NIBRBAC000502770	2590785	S	4322	9951	14273	0.00117
Pseudarthrobacter sp. NIBRBAC000502771	2590774	S	4266	11138	15404	0.00126
Pseudarthrobacter sp. L1SW	2851598	S	2654	852	3506	0.00029
Pseudarthrobacter sp. BIM B-2242	2772401	S	2341	472	2813	0.00023
Pseudarthrobacter sp. NBSH8	2596911	S	1161	508	1669	0.00014
Pseudarthrobacter chlorophenolicus	85085	S	2902	1135	4037	0.00033
Pseudarthrobacter equi	728066	S	2896	1240	4136	0.00034
Pseudarthrobacter phenanthrenivorans	361575	S	2768	1046	3814	0.00031
Pseudarthrobacter psychrotolerans	2697569	S	1326	671	1997	0.00016
Kocuria rosea	1275	S	2670	765	3435	0.00028
Kocuria flava	446860	S	2304	972	3276	0.00027
Kocuria turfanensis	388357	S	2263	727	2990	0.00025
Kocuria palustris	71999	S	1375	436	1811	0.00015
Kocuria rhizophila	72000	S	1160	2159	3319	0.00027
Sinomonas atrocyanea	37927	S	7498	1895	9393	0.00077
Sinomonas sp. R1AF57	2020377	S	2878	511	3389	0.00028
Micrococcus luteus	1270	S	3143	4755	7898	0.00065
Micrococcus sp. KD337-16	2856555	S	1271	622	1893	0.00016
Paenarthrobacter ureafaciens	37931	S	1798	3081	4879	0.00040
Paenarthrobacter aurescens	43663	S	1074	546	1620	0.00013
Rothia kristinae	37923	S	1535	752	2287	0.00019
Citricoccus sp. SGAir0253	2567881	S	2169	459	2628	0.00022
Pedococcus dokdonensis	443156	S	18365	5186	23551	0.00193
Intrasporangium calvum	53358	S	16578	3761	20339	0.00167
Janibacter melonis	262209	S	5730	1772	7502	0.00062
Janibacter limosus	53458	S	3745	911	4656	0.00038
Janibacter indicus	857417	S	1924	2978	4902	0.00040
Janibacter sp. YB324	2761047	S	1038	2216	3254	0.00027
Phycicoccus sp. HDW14	2714941	S	9035	2808	11843	0.00097
Phycicoccus endophyticus	1690220	S	6125	1703	7828	0.00064
Tetrasphaera sp. HKS02	1813880	S	12120	3033	15153	0.00124
Arsenicicoccus sp. oral taxon 190	1658671	S	4903	1685	6588	0.00054
Cellulomonas sp. Y8	2591145	S	5151	2025	7176	0.00059
Cellulomonas sp. H30R-01	2704467	S	4933	1794	6727	0.00055
Cellulomonas sp. zg-ZUI188	2819978	S	3785	961	4746	0.00039
Cellulomonas sp. C5510	2871170	S	3619	1339	4958	0.00041
Cellulomonas sp. JZ18	2654191	S	3616	1431	5047	0.00041
Cellulomonas sp. zg-ZUI222	2816956	S	3159	1099	4258	0.00035
Cellulomonas sp. zg-ZUI157	2819979	S	3075	990	4065	0.00033
Cellulomonas sp. EW123	2608402	S	2805	1569	4374	0.00036
Cellulomonas sp. PSBB021	2003551	S	2644	1998	4642	0.00038
Cellulomonas fimi	1708	S	4014	2989	7003	0.00057
Cellulomonas iranensis	76862	S	3382	1464	4846	0.00040
Cellulomonas shaoxiangyii	2566013	S	3312	1267	4579	0.00038
Cellulomonas flavigena	1711	S	2939	1037	3976	0.00033
Cellulomonas gilvus	11	S	2832	1146	3978	0.00033
Cellulomonas taurus	2729175	S	2220	636	2856	0.00023
Actinotalea sp. JY-7876	2758442	S	3651	1186	4837	0.00040
Oerskovia sp. KBS0722	1179673	S	2998	868	3866	0.00032
Pseudactinotalea sp. HY158	2654547	S	2339	301	2640	0.00022
Paraoerskovia marina	545619	S	1963	457	2420	0.00020
Cellulosimicrobium cellulans	1710	S	7027	8936	15963	0.00131
Cellulosimicrobium sp. BI34T	2587808	S	2800	1634	4434	0.00036
Xylanimonas protaetiae	2509457	S	3263	1343	4606	0.00038
Xylanimonas cellulosilytica	186189	S	2817	926	3743	0.00031
Xylanimonas allomyrinae	2509459	S	2663	773	3436	0.00028
Isoptericola variabilis	139208	S	3813	1857	5670	0.00047
Isoptericola dokdonensis	372663	S	3325	1184	4509	0.00037
Ornithinimicrobium avium	2283195	S	4123	981	5104	0.00042
Ornithinimicrobium sp. HY006	2508882	S	2838	910	3748	0.00031
Ornithinimicrobium flavum	1288636	S	3062	923	3985	0.00033
Ornithinimicrobium ciconiae	2594265	S	2501	345	2846	0.00023
Ornithinimicrobium pratense	2593973	S	1979	537	2516	0.00021
Serinicoccus chungangensis	767452	S	3072	939	4011	0.00033
Serinicoccus hydrothermalis	1758689	S	2813	1178	3991	0.00033
Serinicoccus profundi	1078471	S	2636	845	3481	0.00029
Serinicoccus marinus	247333	S	2399	1054	3453	0.00028
Brachybacterium sp. CBA3105	2887346	S	2493	501	2994	0.00025
Brachybacterium sp. SGAir0954	2571029	S	2384	584	2968	0.00024
Brachybacterium sp. P6-10-X1	1903186	S	1981	304	2285	0.00019
Brachybacterium ginsengisoli	1331682	S	1983	513	2496	0.00020
Brachybacterium saurashtrense	556288	S	1898	477	2375	0.00020
Brachybacterium faecium	43669	S	1719	464	2183	0.00018
Brachybacterium vulturis	2017484	S	1380	455	1835	0.00015
Brachybacterium avium	2017485	S	1215	400	1615	0.00013
Brevibacterium sp. CS2	2575923	S	2233	828	3061	0.00025
Brevibacterium casei	33889	S	2312	2975	5287	0.00043
Brevibacterium luteolum	199591	S	1175	431	1606	0.00013
Brevibacterium linens	1703	S	1174	1566	2740	0.00022
Dermacoccus nishinomiyaensis	1274	S	3031	1201	4232	0.00035
Dermacoccus sp. PAMC28757	2762331	S	2116	717	2833	0.00023
Luteipulveratus mongoliensis	571913	S	4404	550	4954	0.00041
Allobranchiibius sp. GilTou73	2904523	S	3506	686	4192	0.00034
Yimella sp. cx-51	2770551	S	2015	358	2373	0.00019
Georgenia yuyongxinii	2589797	S	3634	784	4418	0.00036
Georgenia sp. TF02-10	2917725	S	3586	1159	4745	0.00039
Georgenia wutianyii	2585135	S	3006	918	3924	0.00032
Georgenia faecalis	2483799	S	2905	708	3613	0.00030
Haloactinobacterium kanbiaonis	2675754	S	3808	491	4299	0.00035
Ruania sp. LR1S40	2897774	S	2012	388	2400	0.00020
Ruania sp. M4N3S171	2897773	S	1283	175	1458	0.00012
Ruania zhangjianzhongii	2603206	S	2083	183	2266	0.00019
Ruania alkalisoli	2779775	S	1567	250	1817	0.00015
Pengzhenrongella sicca	2819238	S	4143	1032	5175	0.00042
Luteimicrobium xylanilyticum	1133546	S	3635	1003	4638	0.00038
Beutenbergia cavernae	84757	S	4396	646	5042	0.00041
Miniimonas sp. S16	2171623	S	2972	1397	4369	0.00036
Sanguibacter keddieii	60920	S	2763	740	3503	0.00029
Sanguibacter sp. HDW7	2714931	S	2394	674	3068	0.00025
Gephyromycinifex aptenodytis	2716227	S	1304	158	1462	0.00012
Kytococcus sedentarius	1276	S	2293	1751	4044	0.00033
Nocardioides sp. G188	2849501	S	87082	24316	111398	0.00915
Nocardioides sp. LMS-CY	2840457	S	19269	5988	25257	0.00207
Nocardioides sp. JS614	196162	S	18510	5262	23772	0.00195
Nocardioides sp. HDW12B	2714939	S	11514	3413	14927	0.00123
Nocardioides sp. W7	2931390	S	11403	3717	15120	0.00124
Nocardioides sp. TF02-7	2917724	S	10768	3239	14007	0.00115
Nocardioides sp. zg-579	2663857	S	10691	5202	15893	0.00130
Nocardioides sp. cx-173	2898796	S	10241	3351	13592	0.00112
Nocardioides sp. S-1144	2582905	S	10120	3679	13799	0.00113
Nocardioides sp. S5	2017486	S	10119	4996	15115	0.00124
Nocardioides sp. zg-1228	2763008	S	9500	4006	13506	0.00111
Nocardioides sp. InS609-2	2760705	S	9086	1969	11055	0.00091
Nocardioides sp. 603	2483798	S	8586	3805	12391	0.00102
Nocardioides sp. SCSIO 67246	2872154	S	8414	2079	10493	0.00086
Nocardioides sp. CF8	110319	S	7810	3177	10987	0.00090
Nocardioides sp. MC1495	2736757	S	7295	2439	9734	0.00080
Nocardioides sp. JQ2195	2592334	S	6908	1341	8249	0.00068
Nocardioides sp. zg-536	2803858	S	6303	2587	8890	0.00073
Nocardioides sp. dk884	2662361	S	5689	6492	12181	0.00100
Nocardioides sp. Kera G14	2884264	S	5543	1055	6598	0.00054
Nocardioides sp. ZJ1313	2685869	S	5466	6299	11765	0.00097
Nocardioides sp. WS12	2486272	S	5397	892	6289	0.00052
Nocardioides ungokensis	1643322	S	42563	13973	56536	0.00464
Nocardioides mesophilus	433659	S	24251	6624	30875	0.00253
Nocardioides cynanchi	2558918	S	18808	4099	22907	0.00188
Nocardioides anomalus	2712223	S	15676	4410	20086	0.00165
Nocardioides okcheonensis	2894081	S	10511	4587	15098	0.00124
Nocardioides dongkuii	2760089	S	9895	4686	14581	0.00120
Nocardioides euryhalodurans	2518370	S	9768	2778	12546	0.00103
Nocardioides humi	449461	S	9341	2950	12291	0.00101
Nocardioides aromaticivorans	200618	S	8571	3080	11651	0.00096
Nocardioides aquaticus	160826	S	8058	2305	10363	0.00085
Nocardioides rotundus	1774216	S	7652	2691	10343	0.00085
Nocardioides marinisabuli	419476	S	7460	3982	11442	0.00094
Nocardioides dokdonensis	450734	S	7144	3261	10405	0.00085
Nocardioides sambongensis	2589074	S	6483	1711	8194	0.00067
Nocardioides seonyuensis	2518371	S	5735	1458	7193	0.00059
Nocardioides houyundeii	2045452	S	5451	1552	7003	0.00057
Nocardioides piscis	2714938	S	5262	1978	7240	0.00059
Nocardioides panacisoli	627624	S	5195	1169	6364	0.00052
Nocardioides daphniae	402297	S	4154	1788	5942	0.00049
Nocardioides jishulii	2575440	S	3434	1190	4624	0.00038
Nocardioides baekrokdamisoli	1804624	S	2435	277	2712	0.00022
Nocardioides yefusunii	2500546	S	2390	633	3023	0.00025
Aeromicrobium sp. Leaf245	1736306	S	3585	986	4571	0.00038
Aeromicrobium sp. A1-2	2107713	S	3211	406	3617	0.00030
Aeromicrobium sp. zg-629	2663859	S	2810	826	3636	0.00030
Aeromicrobium chenweiae	2079793	S	4370	1328	5698	0.00047
Aeromicrobium yanjiei	2662028	S	3991	1131	5122	0.00042
Aeromicrobium erythreum	2041	S	3790	994	4784	0.00039
Aeromicrobium choanae	1736691	S	3293	871	4164	0.00034
Aeromicrobium marinum	219314	S	2888	547	3435	0.00028
Marmoricola scoriae	642780	S	9010	3005	12015	0.00099
Pimelobacter simplex	2045	S	7430	2507	9937	0.00082
Friedmanniella luteola	546871	S	6141	1042	7183	0.00059
Mumia sp. ZJ1417	2708082	S	4256	642	4898	0.00040
Micropruina glycogenica	75385	S	2079	255	2334	0.00019
Microlunatus sagamiharensis	546874	S	5717	1111	6828	0.00056
Microlunatus soli	630515	S	4177	357	4534	0.00037
Microlunatus elymi	2596828	S	3491	336	3827	0.00031
Microlunatus phosphovorus	29405	S	3389	339	3728	0.00031
Microlunatus sp. Gsoil 973	2672569	S	2989	204	3193	0.00026
Tessaracoccus sp. J1M15	2829499	S	1953	512	2465	0.00020
Tessaracoccus sp. MC1865	2760310	S	1299	304	1603	0.00013
Tessaracoccus aquimaris	1332264	S	1967	803	2770	0.00023
Tessaracoccus defluvii	1285901	S	1890	1081	2971	0.00024
Tessaracoccus flavescens	399497	S	1597	1093	2690	0.00022
Tessaracoccus flavus	1610493	S	1331	835	2166	0.00018
Brevilactibacter coleopterorum	2714937	S	2602	972	3574	0.00029
Brevilactibacter sp. MC1595	2819349	S	2364	776	3140	0.00026
Acidipropionibacterium acidipropionici	1748	S	1606	814	2420	0.00020
Acidipropionibacterium jensenii	1749	S	1556	810	2366	0.00019
Acidipropionibacterium virtanenii	2057246	S	1017	166	1183	0.00010
Propionibacterium acidifaciens	556499	S	1612	323	1935	0.00016
Propionibacterium freudenreichii	1744	S	1237	1017	2254	0.00019
Propionibacterium australiense	119981	S	1178	181	1359	0.00011
Auraticoccus monumenti	675864	S	3766	576	4342	0.00036
Raineyella fluvialis	2662261	S	2054	234	2288	0.00019
Arachnia propionica	1750	S	1270	159	1429	0.00012
Kribbella flavida	182640	S	26634	5322	31956	0.00262
Kribbella qitaiheensis	1544730	S	21673	2979	24652	0.00202
Actinopolymorpha singaporensis	117157	S	10103	948	11051	0.00091
Mycobacterium sp. JS623	212767	S	10995	876	11871	0.00097
Mycobacterium sp. EPa45	1545728	S	5181	935	6116	0.00050
Mycobacterium sp. DL592	2675524	S	2309	370	2679	0.00022
Mycobacterium sp. IDR2000157661	2867005	S	2257	427	2684	0.00022
Mycobacterium sp. MS1601	1936029	S	2108	297	2405	0.00020
Mycobacterium sp. YC-RL4	1682113	S	2061	770	2831	0.00023
Mycobacterium sp. DL440	2675523	S	1968	505	2473	0.00020
Mycobacterium sp. WY10	1920667	S	1567	6573	8140	0.00067
Mycobacterium sp. TY59	2775496	S	1451	246	1697	0.00014
Mycobacterium saskatchewanense	220927	S	2338	422	2760	0.00023
Mycobacterium parmense	185642	S	2324	396	2720	0.00022
Mycobacterium kubicae	120959	S	2065	332	2397	0.00020
Mycobacterium shigaense	722731	S	1794	234	2028	0.00017
Mycobacterium florentinum	292462	S	1724	358	2082	0.00017
Mycobacterium simiae	1784	S	1714	132	1846	0.00015
Mycobacterium heidelbergense	53376	S	1596	346	1942	0.00016
Mycobacterium stomatepiae	470076	S	1591	297	1888	0.00016
Mycobacterium lentiflavum	141349	S	1566	357	1923	0.00016
Mycobacterium avium	1764	S	3607	2531	6138	0.00050
Mycobacterium marseillense	701042	S	1954	441	2395	0.00020
Mycobacterium mantenii	560555	S	1815	200	2015	0.00017
Mycobacterium intracellulare	1767	S	1805	22487	24292	0.00199
Mycobacterium colombiense	339268	S	1725	268	1993	0.00016
Mycobacterium rufum	318424	S	8258	2488	10746	0.00088
Mycobacterium crocinum	388459	S	5780	3240	9020	0.00074
Mycobacterium grossiae	1552759	S	3429	988	4417	0.00036
Mycobacterium conspicuum	44010	S	3269	358	3627	0.00030
Mycobacterium frederiksbergense	117567	S	2752	910	3662	0.00030
Mycobacterium dioxanotrophicus	482462	S	2641	675	3316	0.00027
Mycobacterium paragordonae	1389713	S	2325	272	2597	0.00021
Mycobacterium holsaticum	152142	S	2307	349	2656	0.00022
Mycobacterium diernhoferi	1801	S	2301	431	2732	0.00022
Mycobacterium goodii	134601	S	2149	885	3034	0.00025
Mycobacterium branderi	43348	S	2132	246	2378	0.00020
Mycobacterium gordonae	1778	S	1892	157	2049	0.00017
Mycobacterium cookii	1775	S	1825	161	1986	0.00016
Mycobacterium riyadhense	486698	S	1765	65	1830	0.00015
Mycobacterium paraterrae	577492	S	1734	183	1917	0.00016
Mycobacterium koreense	1069220	S	1579	469	2048	0.00017
Mycobacterium lacus	169765	S	1575	102	1677	0.00014
Mycobacterium kansasii	1768	S	1560	148	1708	0.00014
Mycobacterium vicinigordonae	1719132	S	1497	70	1567	0.00013
Mycobacterium paraseoulense	590652	S	1481	275	1756	0.00014
Mycobacterium malmoense	1780	S	1448	204	1652	0.00014
Mycobacterium shinjukuense	398694	S	1441	123	1564	0.00013
Mycobacterium heckeshornense	110505	S	1437	99	1536	0.00013
Mycobacterium noviomagense	459858	S	1413	98	1511	0.00012
Mycobacterium seoulense	386911	S	1353	290	1643	0.00013
Mycobacterium ostraviense	2738409	S	1301	120	1421	0.00012
Mycobacterium virginiense	1795032	S	1189	349	1538	0.00013
Mycobacterium basiliense	2094119	S	1132	35	1167	0.00010
Mycobacterium xenopi	1789	S	1122	128	1250	0.00010
Mycobacterium spongiae	886343	S	1091	25	1116	0.00009
Mycolicibacterium litorale	758802	S	5193	1469	6662	0.00055
Mycolicibacterium helvum	1534349	S	4867	577	5444	0.00045
Mycolicibacterium psychrotolerans	216929	S	4023	898	4921	0.00040
Mycolicibacterium sp. YH-1	2908837	S	2729	1499	4228	0.00035
Mycolicibacterium smegmatis	1772	S	3864	2927	6791	0.00056
Mycolicibacterium fluoranthenivorans	258505	S	3855	468	4323	0.00035
Mycolicibacterium chubuense	1800	S	3483	805	4288	0.00035
Mycolicibacterium aichiense	1799	S	3344	577	3921	0.00032
Mycolicibacterium sediminis	1286180	S	3273	554	3827	0.00031
Mycolicibacterium madagascariense	212765	S	3256	443	3699	0.00030
Mycolicibacterium arabiense	1286181	S	3226	450	3676	0.00030
Mycolicibacterium neoaurum	1795	S	3212	624	3836	0.00031
Mycolicibacterium rutilum	370526	S	3167	965	4132	0.00034
Mycolicibacterium fortuitum	1766	S	3101	1291	4392	0.00036
Mycolicibacterium mageritense	53462	S	3086	542	3628	0.00030
Mycolicibacterium sarraceniae	1534348	S	3068	395	3463	0.00028
Mycolicibacterium phlei	1771	S	3048	998	4046	0.00033
Mycolicibacterium vaccae	1810	S	3012	574	3586	0.00029
Mycolicibacterium rhodesiae	36814	S	2990	511	3501	0.00029
Mycolicibacterium parafortuitum	39692	S	2978	560	3538	0.00029
Mycolicibacterium aurum	1791	S	2703	327	3030	0.00025
Mycolicibacterium gadium	1794	S	2687	380	3067	0.00025
Mycolicibacterium moriokaense	39691	S	2682	313	2995	0.00025
Mycolicibacterium duvalii	39688	S	2622	496	3118	0.00026
Mycolicibacterium hassiacum	46351	S	2619	697	3316	0.00027
Mycolicibacterium poriferae	39694	S	2609	563	3172	0.00026
Mycolicibacterium chitae	1792	S	2607	590	3197	0.00026
Mycolicibacterium gilvum	1804	S	2583	1070	3653	0.00030
Mycolicibacterium monacense	85693	S	2515	893	3408	0.00028
Mycolicibacterium septicum	98668	S	2457	2072	4529	0.00037
Mycolicibacterium phocaicum	319706	S	2446	1458	3904	0.00032
Mycolicibacterium pulveris	36813	S	2411	395	2806	0.00023
Mycolicibacterium boenickei	146017	S	2403	4138	6541	0.00054
Mycolicibacterium tokaiense	39695	S	2345	353	2698	0.00022
Mycolicibacterium thermoresistibile	1797	S	2320	492	2812	0.00023
Mycolicibacterium confluentis	28047	S	2278	317	2595	0.00021
Mycolicibacterium anyangense	1431246	S	2212	344	2556	0.00021
Mycolicibacterium baixiangningiae	2761578	S	2198	346	2544	0.00021
Mycolicibacterium fallax	1793	S	2138	829	2967	0.00024
Mycolicibacterium celeriflavum	1249101	S	2060	415	2475	0.00020
Mycolicibacterium mengxianglii	2736649	S	1906	187	2093	0.00017
Mycolicibacterium insubricum	444597	S	1877	525	2402	0.00020
Mycolicibacterium austroafricanum	39687	S	1779	9138	10917	0.00090
Mycolicibacterium alvei	67081	S	1690	522	2212	0.00018
Mycolicibacterium mucogenicum	56689	S	1588	725	2313	0.00019
Mycobacterium doricum	126673	S	1486	349	1835	0.00015
Mycolicibacter sp. MYC340	2855503	S	1217	1083	2300	0.00019
Mycolicibacter sp. MYC098	2872309	S	1036	1011	2047	0.00017
Mycolicibacter terrae	1788	S	1342	474	1816	0.00015
Mycolicibacter hiberniae	29314	S	1288	284	1572	0.00013
Mycobacteroides abscessus	36809	S	2115	2187	4302	0.00035
Mycobacteroides chelonae	1774	S	1561	1002	2563	0.00021
Mycolicibacillus parakoreensis	1069221	S	1643	507	2150	0.00018
Nocardia asteroides	1824	S	17111	5611	22722	0.00187
Nocardia brasiliensis	37326	S	10965	2895	13860	0.00114
Nocardia nova	37330	S	9302	1208	10510	0.00086
Nocardia cyriacigeorgica	135487	S	7818	3261	11079	0.00091
Nocardia terpenica	455432	S	6623	1086	7709	0.00063
Nocardia farcinica	37329	S	5237	2981	8218	0.00067
Nocardia arthritidis	228602	S	4920	580	5500	0.00045
Nocardia wallacei	480035	S	4509	1302	5811	0.00048
Nocardia sp. CS682	1047172	S	4072	988	5060	0.00042
Nocardia iowensis	204891	S	4061	890	4951	0.00041
Nocardia gipuzkoensis	2749991	S	3877	1510	5387	0.00044
Nocardia otitidiscaviarum	1823	S	3496	647	4143	0.00034
Nocardia yamanashiensis	209247	S	3468	666	4134	0.00034
Nocardia tengchongensis	2055889	S	3323	823	4146	0.00034
Nocardia huaxiensis	2755382	S	3309	626	3935	0.00032
Nocardia mangyaensis	2213200	S	3175	815	3990	0.00033
Nocardia yunnanensis	2382165	S	3079	770	3849	0.00032
Nocardia seriolae	37332	S	2976	805	3781	0.00031
Rhodococcus sp. X156	2499145	S	3259	930	4189	0.00034
Rhodococcus sp. MTM3W5.2	1805827	S	3035	660	3695	0.00030
Rhodococcus sp. SGAir0479	2567884	S	2462	694	3156	0.00026
Rhodococcus sp. W8901	2742603	S	2441	643	3084	0.00025
Rhodococcus sp. PBTS 1	1653478	S	2191	494	2685	0.00022
Rhodococcus sp. R79	2811421	S	1647	2669	4316	0.00035
Rhodococcus sp. ABRD24	2507582	S	1611	281	1892	0.00016
Rhodococcus sp. USK10	2789739	S	1401	2351	3752	0.00031
Rhodococcus sp. B7740	1564114	S	1137	151	1288	0.00011
Rhodococcus sp. P1Y	1302308	S	1101	93	1194	0.00010
Rhodococcus opacus	37919	S	7704	10076	17780	0.00146
Rhodococcus equi	43767	S	3861	1246	5107	0.00042
Rhodococcus fascians	1828	S	3296	661	3957	0.00032
Rhodococcus qingshengii	334542	S	1539	10544	12083	0.00099
Rhodococcus rhodochrous	1829	S	2138	1399	3537	0.00029
Rhodococcus koreensis	99653	S	1968	697	2665	0.00022
Rhodococcus triatomae	300028	S	1961	523	2484	0.00020
Rhodococcus coprophilus	38310	S	1459	222	1681	0.00014
Rhodococcus jostii	132919	S	1351	681	2032	0.00017
Rhodococcus pyridinivorans	103816	S	1166	5347	6513	0.00053
Rhodococcus globerulus	33008	S	1051	111	1162	0.00010
Corynebacterium cyclohexanicum	322009	S	2958	871	3829	0.00031
Corynebacterium frankenforstense	1230998	S	1646	814	2460	0.00020
Corynebacterium xerosis	1725	S	1584	1933	3517	0.00029
Corynebacterium sphenisci	191493	S	1408	532	1940	0.00016
Corynebacterium bovis	36808	S	1392	480	1872	0.00015
Corynebacterium halotolerans	225326	S	1165	642	1807	0.00015
Corynebacterium freneyi	134034	S	1117	1431	2548	0.00021
Corynebacterium nuruki	1032851	S	1059	467	1526	0.00013
Gordonia sp. PP30	2935861	S	2172	606	2778	0.00023
Gordonia sp. KTR9	337191	S	1589	669	2258	0.00019
Gordonia sp. YC-JH1	2059875	S	1540	1085	2625	0.00022
Gordonia sp. PDNC005	2811424	S	1260	181	1441	0.00012
Gordonia polyisoprenivorans	84595	S	3720	897	4617	0.00038
Gordonia terrae	2055	S	2791	4363	7154	0.00059
Gordonia insulae	2420509	S	2219	461	2680	0.00022
Gordonia phthalatica	1136941	S	1910	756	2666	0.00022
Gordonia bronchialis	2054	S	1828	595	2423	0.00020
Gordonia amarae	36821	S	1810	369	2179	0.00018
Gordonia jinghuaiqii	2758710	S	1766	387	2153	0.00018
Gordonia rubripertincta	36822	S	1646	2107	3753	0.00031
Gordonia iterans	1004901	S	1643	527	2170	0.00018
Gordonia pseudoamarae	2831662	S	1471	318	1789	0.00015
Gordonia otitidis	249058	S	1427	313	1740	0.00014
Gordonia zhaorongruii	2597659	S	1068	175	1243	0.00010
Skermania piniformis	39122	S	1923	203	2126	0.00017
Tsukamurella paurometabola	2061	S	3638	1581	5219	0.00043
Tsukamurella tyrosinosolvens	57704	S	3025	1192	4217	0.00035
Tsukamurella sp. PLM1	2929795	S	2190	628	2818	0.00023
Tsukamurella pulmonis	47312	S	2121	666	2787	0.00023
Dietzia sp. oral taxon 368	712270	S	1221	2011	3232	0.00027
Dietzia lutea	546160	S	1395	703	2098	0.00017
Dietzia psychralcaliphila	139021	S	1331	333	1664	0.00014
Tomitella gaofuii	2760083	S	2108	580	2688	0.00022
Tomitella fengzijianii	2597660	S	1913	567	2480	0.00020
Segniliparus rotundus	286802	S	1018	48	1066	0.00009
Amycolatopsis sp. WQ 127309	2932773	S	19445	4622	24067	0.00198
Amycolatopsis sp. Hca4	2742131	S	17345	5390	22735	0.00187
Amycolatopsis sp. DSM 110486	2865832	S	11891	2089	13980	0.00115
Amycolatopsis sp. FDAARGOS 1241	2778070	S	8328	1600	9928	0.00082
Amycolatopsis sp. CA-230715	2745196	S	7358	952	8310	0.00068
Amycolatopsis sp. YIM 10	2653857	S	6443	1586	8029	0.00066
Amycolatopsis sp. FU40	2914159	S	5150	2145	7295	0.00060
Amycolatopsis sp. AA4	1896961	S	4550	2204	6754	0.00055
Amycolatopsis sp. BJA-103	1911175	S	3662	1278	4940	0.00041
Amycolatopsis sp. TNS106	2861750	S	3034	1571	4605	0.00038
Amycolatopsis sp. EV170708-02-1	2919322	S	2347	2009	4356	0.00036
Amycolatopsis pretoriensis	218821	S	40109	10719	50828	0.00417
Amycolatopsis acidiphila	715473	S	18428	3291	21719	0.00178
Amycolatopsis mediterranei	33910	S	17259	11711	28970	0.00238
Amycolatopsis methanolica	1814	S	6215	2062	8277	0.00068
Amycolatopsis thermalba	944492	S	6133	2138	8271	0.00068
Amycolatopsis keratiniphila	129921	S	3392	2460	5852	0.00048
Amycolatopsis japonica	208439	S	1894	1585	3479	0.00029
Amycolatopsis albispora	1804986	S	5589	2702	8291	0.00068
Amycolatopsis aidingensis	2842453	S	4708	468	5176	0.00042
Amycolatopsis orientalis	31958	S	3881	1102	4983	0.00041
Pseudonocardia sp. DSM 110487	2865833	S	27547	3347	30894	0.00254
Pseudonocardia sp. CGMCC 4.1532	2761535	S	8816	4944	13760	0.00113
Pseudonocardia sp. HH130630-07	1690815	S	6535	4903	11438	0.00094
Pseudonocardia sp. AL041005-10	445576	S	5684	4063	9747	0.00080
Pseudonocardia sp. HH130629-09	1641402	S	4675	5921	10596	0.00087
Pseudonocardia dioxanivorans	240495	S	13260	3009	16269	0.00134
Pseudonocardia broussonetiae	2736640	S	12549	3779	16328	0.00134
Pseudonocardia autotrophica	2074	S	7257	1729	8986	0.00074
Pseudonocardia abyssalis	2792008	S	7181	3562	10743	0.00088
Saccharopolyspora erythraea	1836	S	9973	2351	12324	0.00101
Saccharopolyspora gregorii	33914	S	6637	1144	7781	0.00064
Saccharopolyspora spinosa	60894	S	2662	1378	4040	0.00033
Saccharopolyspora pogona	333966	S	2427	2295	4722	0.00039
Saccharopolyspora sp. ASAGF58	2719023	S	1618	1698	3316	0.00027
Saccharothrix syringae	103733	S	8491	2532	11023	0.00090
Saccharothrix sp. 6-C	2781735	S	8144	2395	10539	0.00087
Saccharothrix espanaensis	103731	S	6799	1723	8522	0.00070
Kutzneria sp. CA-103260	2802641	S	16047	2928	18975	0.00156
Kutzneria albida	43357	S	6801	1324	8125	0.00067
Saccharomonospora marina	632569	S	3661	756	4417	0.00036
Saccharomonospora azurea	40988	S	2629	718	3347	0.00027
Saccharomonospora cyanea	40989	S	2310	773	3083	0.00025
Saccharomonospora xinjiangensis	75294	S	1949	289	2238	0.00018
Saccharomonospora glauca	40990	S	1766	581	2347	0.00019
Saccharomonospora viridis	1852	S	1528	209	1737	0.00014
Lentzea guizhouensis	1586287	S	12496	2233	14729	0.00121
Actinoalloteichus hoggarensis	1470176	S	2813	2712	5525	0.00045
Actinoalloteichus hymeniacidonis	340345	S	2374	760	3134	0.00026
Actinosynnema pretiosum	42197	S	2690	7140	9830	0.00081
Allokutzneria albata	211114	S	8437	1705	10142	0.00083
Kibdelosporangium phytohabitans	860235	S	7023	715	7738	0.00064
Alloactinosynnema sp. L-07	1653480	S	5354	1003	6357	0.00052
Prauserella marina	530584	S	3142	244	3386	0.00028
Allosaccharopolyspora coralli	2665642	S	2408	443	2851	0.00023
Micromonospora sp. WMMC415	2675222	S	4802	1585	6387	0.00052
Micromonospora sp. HM134	2583243	S	3937	1604	5541	0.00045
Micromonospora sp. WMMA2032	2039870	S	3864	2287	6151	0.00051
Micromonospora sp. B006	2201999	S	3399	2461	5860	0.00048
Micromonospora terminaliae	1914461	S	7770	3530	11300	0.00093
Micromonospora echinofusca	47858	S	5892	2366	8258	0.00068
Micromonospora carbonacea	47853	S	5617	2201	7818	0.00064
Micromonospora inositola	47865	S	5603	2483	8086	0.00066
Micromonospora krabiensis	307121	S	5420	1639	7059	0.00058
Micromonospora echinaurantiaca	47857	S	5290	2284	7574	0.00062
Micromonospora auratinigra	261654	S	4656	2212	6868	0.00056
Micromonospora purpureochromogenes	47872	S	4490	2134	6624	0.00054
Micromonospora siamensis	299152	S	4419	1888	6307	0.00052
Micromonospora coriariae	285665	S	4417	1414	5831	0.00048
Micromonospora viridifaciens	1881	S	4416	1738	6154	0.00051
Micromonospora ferruginea	2749844	S	4406	2312	6718	0.00055
Micromonospora coxensis	356852	S	4275	2123	6398	0.00053
Micromonospora echinospora	1877	S	4109	1288	5397	0.00044
Micromonospora narathiwatensis	299146	S	4085	1744	5829	0.00048
Micromonospora zamorensis	709883	S	3887	1124	5011	0.00041
Micromonospora maris	1003110	S	3701	998	4699	0.00039
Micromonospora sagamiensis	47875	S	3654	1260	4914	0.00040
Micromonospora chokoriensis	356851	S	3602	1050	4652	0.00038
Micromonospora rifamycinica	291594	S	3501	1431	4932	0.00040
Micromonospora endophytica (Xie et al. 2001) Li et al. 2019	515350	S	3396	926	4322	0.00035
Micromonospora craniellae	2294034	S	2898	1700	4598	0.00038
Micromonospora tulbaghiae	479978	S	2448	2561	5009	0.00041
Micromonospora aurantiaca	47850	S	1696	11705	13401	0.00110
Actinoplanes sp. L3-i22	2836373	S	18742	12027	30769	0.00253
Actinoplanes sp. N902-109	649831	S	12983	3437	16420	0.00135
Actinoplanes sp. OR16	946334	S	11538	4959	16497	0.00135
Actinoplanes friuliensis	196914	S	13194	1892	15086	0.00124
Actinoplanes ianthinogenes	122358	S	13125	4847	17972	0.00148
Actinoplanes missouriensis	1866	S	10230	3076	13306	0.00109
Actinoplanes teichomyceticus	1867	S	9935	3830	13765	0.00113
Actinoplanes derwentensis	113562	S	8774	1203	9977	0.00082
Dactylosporangium vinaceum	53362	S	30331	2895	33226	0.00273
Phytohabitans suffuscus	624315	S	10008	2278	12286	0.00101
Phytohabitans flavus	1076124	S	7803	1378	9181	0.00075
Couchioplanes caeruleus	56438	S	18717	4244	22961	0.00188
Plantactinospora sp. KBS50	2024580	S	5803	1280	7083	0.00058
Plantactinospora sp. BB1	2071627	S	1266	3516	4782	0.00039
Plantactinospora sp. BC1	2108470	S	1233	3462	4695	0.00039
Actinocatenispora thailandica	227318	S	6139	1494	7633	0.00063
Actinocatenispora sera	390989	S	5774	1478	7252	0.00060
Catellatospora sp. IY07-71	2728827	S	10277	1953	12230	0.00100
Polymorphospora rubra	338584	S	6737	1323	8060	0.00066
Natronosporangium hydrolyticum	2811111	S	3832	223	4055	0.00033
Verrucosispora sp. NA02020	2742132	S	2906	2137	5043	0.00041
Salinispora tropica	168695	S	2279	346	2625	0.00022
Actinomadura sp. WMMA1423	2591108	S	20646	5255	25901	0.00213
Actinomadura sp. NAK00032	2742128	S	19534	5915	25449	0.00209
Actinomadura sp. WMMB 499	1219491	S	10126	2052	12178	0.00100
Actinomadura madurae	1993	S	20006	5179	25185	0.00207
Actinomadura verrucosospora	46165	S	19691	5114	24805	0.00204
Actinomadura graeca	2750812	S	8535	1692	10227	0.00084
Thermomonospora amylolytica	1411117	S	6617	2150	8767	0.00072
Thermomonospora curvata	2020	S	4331	1131	5462	0.00045
Nonomuraea coxensis	404386	S	13720	3567	17287	0.00142
Nonomuraea nitratireducens	2656914	S	12325	2410	14735	0.00121
Nonomuraea sp. ATCC 55076	1909395	S	12151	3719	15870	0.00130
Nonomuraea gerenzanensis	93944	S	10942	3522	14464	0.00119
Streptosporangium roseum	2001	S	12378	2933	15311	0.00126
Streptosporangium sp. 'caverna'	2202249	S	9526	1781	11307	0.00093
Thermobispora bispora	2006	S	4580	880	5460	0.00045
Nocardiopsis sp. MT53	2865672	S	4436	916	5352	0.00044
Nocardiopsis sp. HDS12	2831968	S	1401	1190	2591	0.00021
Nocardiopsis gilva	280236	S	3140	555	3695	0.00030
Nocardiopsis alba	53437	S	2809	443	3252	0.00027
Nocardiopsis dassonvillei	2014	S	2675	2359	5034	0.00041
Thermobifida halotolerans	483545	S	2529	720	3249	0.00027
Thermobifida alba	53522	S	2296	801	3097	0.00025
Thermobifida fusca	2021	S	1168	174	1342	0.00011
Streptomonospora litoralis	2498135	S	3465	598	4063	0.00033
Spiractinospora alimapuensis	2820884	S	2342	132	2474	0.00020
Blastococcus sp. PRF04-17	2933797	S	25598	7766	33364	0.00274
Blastococcus saxobsidens	138336	S	19931	5449	25380	0.00208
Modestobacter marinus	477641	S	20756	6524	27280	0.00224
Modestobacter sp. L9-4	2851567	S	11474	3979	15453	0.00127
Geodermatophilus obscurus	1861	S	22573	6686	29259	0.00240
Frankia inefficax	298654	S	12347	1232	13579	0.00111
Frankia sp. QA3	710111	S	3507	1351	4858	0.00040
Frankia sp. ArI3	1858	S	2978	1818	4796	0.00039
Candidatus Frankia datiscae	2716812	S	3409	409	3818	0.00031
Frankia casuarinae	106370	S	3111	282	3393	0.00028
Frankia alni	1859	S	2992	1893	4885	0.00040
Actinomyces sp. oral taxon 414	712122	S	1269	2006	3275	0.00027
Actinomyces radicidentis	111015	S	1603	2037	3640	0.00030
Actinomyces howellii	52771	S	1246	1046	2292	0.00019
Jiangella sp. DSM 45060	1798224	S	8605	2178	10783	0.00089
Jiangella alkaliphila	419479	S	7598	1848	9446	0.00078
Nakamurella multipartita	53461	S	7411	1155	8566	0.00070
Nakamurella panacisegetis	1090615	S	2957	344	3301	0.00027
Nakamurella sp. PAMC28650	2762325	S	2869	257	3126	0.00026
Catenulispora acidiphila	304895	S	10872	1307	12179	0.00100
Jatrophihabitans telluris	2038343	S	3886	298	4184	0.00034
Jatrophihabitans sp. GAS493	1907575	S	3561	293	3854	0.00032
Stackebrandtia nassauensis	283811	S	3574	279	3853	0.00032
Kineococcus radiotolerans	131568	S	4035	921	4956	0.00041
Epidermidibacterium keratini	1891644	S	2446	959	3405	0.00028
Actinopolyspora erythraea	414996	S	1923	162	2085	0.00017
Acidothermus cellulolyticus	28049	S	1273	55	1328	0.00011
Conexibacter sp. SYSU D00693	2812560	S	53028	11450	64478	0.00529
Conexibacter sp. DBS9H8	2937801	S	12856	1152	14008	0.00115
Conexibacter sp. S30A1	2937800	S	12642	1252	13894	0.00114
Conexibacter woesei	191495	S	56243	9029	65272	0.00536
Miltoncostaea oceani	2843216	S	12948	1764	14712	0.00121
Miltoncostaea marina	2843215	S	12809	2924	15733	0.00129
Baekduia soli	496014	S	59754	8305	68059	0.00559
Rubrobacter xylanophilus	49319	S	6289	737	7026	0.00058
Rubrobacter marinus	2653852	S	4184	372	4556	0.00037
Rubrobacter tropicus	2653851	S	3609	268	3877	0.00032
Rubrobacter radiotolerans	42256	S	1963	271	2234	0.00018
Aquihabitans sp. Kera 3	2884263	S	7632	1039	8671	0.00071
Aquihabitans sp. G128	2849779	S	6878	1172	8050	0.00066
Iamia sp. SCSIO 61187	2722752	S	7002	947	7949	0.00065
Actinomarinicola tropica	2789776	S	6285	1057	7342	0.00060
Ilumatobacter coccineus	467094	S	3226	174	3400	0.00028
Acidimicrobium ferrooxidans	53635	S	1311	90	1401	0.00012
Egibacter rhizosphaerae	1670831	S	3905	188	4093	0.00034
Euzebya pacifica	1608957	S	3405	228	3633	0.00030
Egicoccus halophilus	1670830	S	3395	427	3822	0.00031
Priestia megaterium	1404	S	27427	29786	57213	0.00470
[Brevibacterium] frigoritolerans	450367	S	1260	3813	5073	0.00042
Peribacillus simplex	1478	S	1315	661	1976	0.00016
Neobacillus drentensis	220684	S	1749	770	2519	0.00021
Hydrogenibacillus sp. N12	2866627	S	1222	228	1450	0.00012
Paenibacillus sp. B01	2660554	S	1521	2964	4485	0.00037
Paenibacillus sp. HWE-109	1306526	S	1079	560	1639	0.00013
Paenibacillus mucilaginosus	61624	S	1453	200	1653	0.00014
Paenibacillus albicereus	2726185	S	1261	1909	3170	0.00026
Paenibacillus lycopersici	2704462	S	1107	349	1456	0.00012
Thermobacillus composti	377615	S	1001	279	1280	0.00011
Alicyclobacillus acidocaldarius	405212	S	1296	130	1426	0.00012
Faecalibacterium prausnitzii	853	S	1147	2008	3155	0.00026
Thermaerobacter sp. FW80	2546351	S	1513	439	1952	0.00016
Thermaerobacter marianensis	73919	S	1303	392	1695	0.00014
Symbiobacterium thermophilum	2734	S	1673	214	1887	0.00015
Limnochorda pilosa	1555112	S	1673	62	1735	0.00014
Deinococcus sp. NW-56	2080419	S	1055	235	1290	0.00011
Deinococcus gobiensis	502394	S	1444	275	1719	0.00014
Deinococcus actinosclerus	1768108	S	1379	1582	2961	0.00024
Deinococcus metallilatus	1211322	S	1334	234	1568	0.00013
Deinococcus maricopensis	309887	S	1307	147	1454	0.00012
Deinococcus ficus	317577	S	1274	175	1449	0.00012
Oceanithermus profundus	187137	S	1541	332	1873	0.00015
Truepera radiovictrix	332249	S	1529	101	1630	0.00013
Sphaerobacter thermophilus	2057	S	4859	288	5147	0.00042
Thermomicrobium roseum	500	S	1087	22	1109	0.00009
Roseiflexus sp. RS-1	357808	S	1425	227	1652	0.00014
Roseiflexus castenholzii	120962	S	1384	228	1612	0.00013
Tepidiforma bonchosmolovskayae	2601677	S	2840	106	2946	0.00024
Ktedonosporobacter rubrisoli	2509675	S	2422	78	2500	0.00021
Candidatus Promineofilum breve	1806508	S	2344	41	2385	0.00020
Caldilinea aerophila	133453	S	1103	75	1178	0.00010
Fimbriimonas ginsengisoli	1005039	S	1203	5	1208	0.00010
Bradyrhizobium sp. 200	2782665	S	33464	7244	40708	0.00334
Bradyrhizobium sp. 170	2782641	S	28210	6949	35159	0.00289
Bradyrhizobium sp. CCBAU 51753	1325100	S	22248	3756	26004	0.00213
Bradyrhizobium sp. CCBAU 53338	1325111	S	19472	6314	25786	0.00212
Bradyrhizobium sp. CCBAU 051011	858422	S	17256	2654	19910	0.00163
Bradyrhizobium sp. SK17	2057741	S	13081	3323	16404	0.00135
Bradyrhizobium sp. CCBAU 53421	1325120	S	12443	3270	15713	0.00129
Bradyrhizobium sp. 195	2782662	S	11084	3577	14661	0.00120
Bradyrhizobium sp. CCBAU 53340	1325112	S	9566	2949	12515	0.00103
Bradyrhizobium sp. CCBAU 53351	1325114	S	9543	3898	13441	0.00110
Bradyrhizobium sp. 186	2782654	S	9503	2402	11905	0.00098
Bradyrhizobium sp. BTAi1	288000	S	9246	1299	10545	0.00087
Bradyrhizobium sp. A19	2898149	S	9046	1203	10249	0.00084
Bradyrhizobium sp. 6(2017)	1197460	S	8514	3368	11882	0.00098
Bradyrhizobium sp. ORS 285	115808	S	8413	1549	9962	0.00082
Bradyrhizobium sp. ORS 278	114615	S	8343	1529	9872	0.00081
Bradyrhizobium sp. 1(2017)	1404888	S	6976	1824	8800	0.00072
Bradyrhizobium sp. 41S5	1404443	S	6586	3718	10304	0.00085
Bradyrhizobium sp. S2-11-2	2840472	S	5849	5101	10950	0.00090
Bradyrhizobium sp. S2-20-1	2840469	S	5056	4785	9841	0.00081
Bradyrhizobium sp. CCGE-LA001	1223566	S	4834	1493	6327	0.00052
Bradyrhizobium sp. S2-11-4	2840473	S	4770	4991	9761	0.00080
Bradyrhizobium sp. CCBAU 51765	1325102	S	3913	3875	7788	0.00064
Bradyrhizobium sp. I71	2590772	S	3848	3757	7605	0.00062
Bradyrhizobium sp. 191	2782659	S	3694	4044	7738	0.00064
Bradyrhizobium sp. 192	2782660	S	3111	6560	9671	0.00079
Bradyrhizobium sp. C-145	574727	S	2793	2233	5026	0.00041
Bradyrhizobium sp.	376	S	2260	6113	8373	0.00069
Bradyrhizobium sp. 144S4	2823807	S	1913	4254	6167	0.00051
Bradyrhizobium sp. 40	2782674	S	1902	5002	6904	0.00057
Bradyrhizobium sp. 323S2	1404649	S	1730	3876	5606	0.00046
Bradyrhizobium sp. 4	2782678	S	1596	4759	6355	0.00052
Bradyrhizobium sp. LCT2	2493093	S	1023	2265	3288	0.00027
Bradyrhizobium erythrophlei	1437360	S	46657	2570	49227	0.00404
Bradyrhizobium diazoefficiens	1355477	S	32860	42058	74918	0.00615
Bradyrhizobium symbiodeficiens	1404367	S	18157	21112	39269	0.00322
Bradyrhizobium canariense	255045	S	15550	19224	34774	0.00285
Bradyrhizobium paxllaeri	190148	S	14968	1982	16950	0.00139
Bradyrhizobium lablabi	722472	S	14217	12825	27042	0.00222
Bradyrhizobium icense	1274631	S	14086	1333	15419	0.00127
Bradyrhizobium guangzhouense	1325095	S	13685	3895	17580	0.00144
Bradyrhizobium guangdongense	1325090	S	13147	3686	16833	0.00138
Bradyrhizobium japonicum	375	S	12140	13656	25796	0.00212
Bradyrhizobium genosp. L	83637	S	11982	1681	13663	0.00112
Bradyrhizobium arachidis	858423	S	9794	2057	11851	0.00097
Bradyrhizobium quebecense	2748629	S	9056	3849	12905	0.00106
Bradyrhizobium oligotrophicum	44255	S	7538	892	8430	0.00069
Bradyrhizobium septentrionale	1404411	S	7413	3394	10807	0.00089
Bradyrhizobium cosmicum	1404864	S	7405	1767	9172	0.00075
Bradyrhizobium genosp. B	83627	S	7286	1104	8390	0.00069
Bradyrhizobium elkanii	29448	S	7148	17915	25063	0.00206
Bradyrhizobium amphicarpaeae	1404768	S	6373	1959	8332	0.00068
Bradyrhizobium vignae	1549949	S	6028	1012	7040	0.00058
Bradyrhizobium guangxiense	1325115	S	5697	1858	7555	0.00062
Bradyrhizobium betae	244734	S	4684	1849	6533	0.00054
Bradyrhizobium daqingense	993502	S	3964	1603	5567	0.00046
Bradyrhizobium zhanjiangense	1325107	S	2358	1828	4186	0.00034
Bradyrhizobium ottawaense	931866	S	1550	7570	9120	0.00075
Tardiphaga sp. 37S4	1404741	S	15200	15293	30493	0.00250
Tardiphaga robiniae	943830	S	13770	6388	20158	0.00165
Rhodopseudomonas palustris	1076	S	26893	6779	33672	0.00276
Rhodopseudomonas sp. SK50-23	340268	S	5987	955	6942	0.00057
Rhodopseudomonas boonkerdii	475937	S	5694	1153	6847	0.00056
Nitrobacter hamburgensis	912	S	21158	2564	23722	0.00195
Nitrobacter winogradskyi	913	S	6505	769	7274	0.00060
Afipia carboxidovorans	40137	S	19922	1959	21881	0.00180
Afipia sp. GAS231	1882747	S	5390	2868	8258	0.00068
Variibacter gotjawalensis	1333996	S	5479	269	5748	0.00047
Mesorhizobium sp. B2-8-5	2589903	S	33587	7039	40626	0.00334
Mesorhizobium sp. J8	2777475	S	20135	4133	24268	0.00199
Mesorhizobium sp. M2A.F.Ca.ET.043.05.1.1	2493671	S	10021	5992	16013	0.00131
Mesorhizobium sp. NZP2298	2483403	S	9423	3845	13268	0.00109
Mesorhizobium sp. M1E.F.Ca.ET.045.02.1.1	2493672	S	7208	2383	9591	0.00079
Mesorhizobium sp. M1B.F.Ca.ET.045.04.1.1	2493673	S	7176	1795	8971	0.00074
Mesorhizobium sp. M1D.F.Ca.ET.043.01.1.1	2493669	S	7042	2835	9877	0.00081
Mesorhizobium sp. 113-3-3	2744516	S	6755	2461	9216	0.00076
Mesorhizobium sp. B1-1-8	2589976	S	6208	951	7159	0.00059
Mesorhizobium sp. B2-1-1	2589974	S	5754	796	6550	0.00054
Mesorhizobium sp. M1A.F.Ca.IN.022.06.1.1	2493680	S	5590	1165	6755	0.00055
Mesorhizobium sp. M3A.F.Ca.ET.080.04.2.1	2493676	S	5472	1048	6520	0.00054
Mesorhizobium sp. NZP2234	2483402	S	5043	12506	17549	0.00144
Mesorhizobium sp. 131-2-1	2744518	S	4685	1623	6308	0.00052
Mesorhizobium sp. 113-3-9	2744517	S	4666	2411	7077	0.00058
Mesorhizobium sp. M2A.F.Ca.ET.043.02.1.1	2493670	S	4665	8690	13355	0.00110
Mesorhizobium sp. M2A.F.Ca.ET.046.03.2.1	2493674	S	4387	8602	12989	0.00107
Mesorhizobium sp. 8	2584466	S	4333	591	4924	0.00040
Mesorhizobium sp. M4B.F.Ca.ET.058.02.1.1	2493675	S	3995	1090	5085	0.00042
Mesorhizobium sp. INR15	2654248	S	3524	304	3828	0.00031
Mesorhizobium sp. PAMC28654	2880934	S	3337	377	3714	0.00030
Mesorhizobium sp. B4-1-4	2589888	S	2733	406	3139	0.00026
Mesorhizobium sp. B2-1-8	2589967	S	2705	527	3232	0.00027
Mesorhizobium sp. Pch-S	2082387	S	2637	207	2844	0.00023
Mesorhizobium sp. NZP2077	2483404	S	2605	555	3160	0.00026
Mesorhizobium sp. DCY119	2108445	S	2543	321	2864	0.00024
Mesorhizobium sp. M7D.F.Ca.US.005.01.1.1	2493678	S	2542	556	3098	0.00025
Mesorhizobium sp. 113-1-2	2744515	S	2449	798	3247	0.00027
Mesorhizobium sp. M8A.F.Ca.ET.057.01.1.1	2493679	S	2404	594	2998	0.00025
Mesorhizobium sp. L-2-11	2744521	S	2263	551	2814	0.00023
Mesorhizobium sp. M9A.F.Ca.ET.002.03.1.2	2493668	S	2117	648	2765	0.00023
Mesorhizobium sp. M6A.T.Cr.TU.016.01.1.1	2493677	S	1970	425	2395	0.00020
Mesorhizobium sp. M7A.F.Ce.TU.012.03.2.1	2493681	S	1848	442	2290	0.00019
Mesorhizobium loti	381	S	7510	41328	48838	0.00401
Mesorhizobium opportunistum	593909	S	3236	811	4047	0.00033
Mesorhizobium terrae	2725666	S	2891	510	3401	0.00028
Mesorhizobium huakuii	28104	S	2715	2381	5096	0.00042
Mesorhizobium amorphae	71433	S	2612	356	2968	0.00024
Mesorhizobium japonicum	2066070	S	2099	1106	3205	0.00026
Mesorhizobium ciceri	39645	S	2015	3596	5611	0.00046
Mesorhizobium erdmanii	1777866	S	1836	315	2151	0.00018
Mesorhizobium australicum	536018	S	1582	302	1884	0.00015
Aminobacter sp. MSH1	374606	S	2307	3215	5522	0.00045
Aquibium microcysteis	675281	S	3469	558	4027	0.00033
Aquibium oceanicum	1670800	S	2590	346	2936	0.00024
Nitratireductor sp. SY7	2599600	S	2214	227	2441	0.00020
Nitratireductor sp. OM-1	1756988	S	1172	145	1317	0.00011
Roseitalea porphyridii	1852022	S	1861	184	2045	0.00017
Oricola thermophila	2742145	S	1376	111	1487	0.00012
Labrys sp. KNU-23	2789216	S	164661	10802	175463	0.01440
Pseudolabrys taiwanensis	331696	S	20419	2316	22735	0.00187
Pseudolabrys sp. FHR47	2562284	S	15421	1856	17277	0.00142
Starkeya sp. ORNL1	2709380	S	5219	724	5943	0.00049
Starkeya novella	921	S	3689	1010	4699	0.00039
Ancylobacter polymorphus	223390	S	3170	1265	4435	0.00036
Ancylobacter sp. TS-1	1850374	S	2760	856	3616	0.00030
Ancylobacter pratisalsi	1745854	S	2486	402	2888	0.00024
Xanthobacter dioxanivorans	2528964	S	3934	1075	5009	0.00041
Xanthobacter sp. YC-JY1	2419844	S	1365	1171	2536	0.00021
Xanthobacter autotrophicus	280	S	1233	1157	2390	0.00020
Azorhizobium caulinodans	7	S	2980	422	3402	0.00028
Bosea sp. AS-1	2015316	S	114752	15962	130714	0.01073
Bosea sp. ANAM02	2020412	S	17259	2745	20004	0.00164
Bosea sp. F3-2	2599640	S	9193	1308	10501	0.00086
Bosea sp. Tri-49	1867715	S	5039	563	5602	0.00046
Bosea sp. RAC05	1842539	S	4005	615	4620	0.00038
Bosea sp. PAMC 26642	1792307	S	3332	332	3664	0.00030
Bosea vaviloviae	1526658	S	4044	478	4522	0.00037
Rhizobium sp. BG4	2613770	S	3293	694	3987	0.00033
Rhizobium sp. WYJ-E13	2849093	S	2761	446	3207	0.00026
Rhizobium sp. NXC24	2048897	S	1369	289	1658	0.00014
Rhizobium sp. ACO-34A	1571470	S	1161	233	1394	0.00011
Rhizobium sp. AB2/73	2795216	S	1140	2025	3165	0.00026
Rhizobium sp. 11515TR	2028343	S	1122	1589	2711	0.00022
Rhizobium sp. C104	2917727	S	1053	1584	2637	0.00022
Rhizobium sp. SL42	2806346	S	1043	171	1214	0.00010
Rhizobium sp. NZLR1	2731096	S	1015	809	1824	0.00015
Rhizobium sp. WL3	2603277	S	1013	183	1196	0.00010
Rhizobium leguminosarum	384	S	9478	14968	24446	0.00201
Rhizobium etli	29449	S	2140	3045	5185	0.00043
Rhizobium jaguaris	1312183	S	1655	163	1818	0.00015
Rhizobium phaseoli	396	S	1555	3798	5353	0.00044
Rhizobium pseudoryzae	379684	S	1351	212	1563	0.00013
Rhizobium gallicum	56730	S	1310	1961	3271	0.00027
Rhizobium acidisoli	1538158	S	1227	1163	2390	0.00020
Rhizobium bangladeshense	1138189	S	1072	250	1322	0.00011
Rhizobium tropici	398	S	1038	267	1305	0.00011
Agrobacterium tumefaciens	358	S	4205	9167	13372	0.00110
Agrobacterium vitis	373	S	2422	239	2661	0.00022
Neorhizobium galegae	399	S	3962	798	4760	0.00039
Neorhizobium sp. NCHU2750	1825976	S	1273	251	1524	0.00013
Neorhizobium sp. SOG26	2060726	S	1054	157	1211	0.00010
Sinorhizobium fredii	380	S	4189	4921	9110	0.00075
Sinorhizobium meliloti	382	S	3312	903	4215	0.00035
Sinorhizobium americanum	194963	S	1541	445	1986	0.00016
Sinorhizobium sp. BG8	2613773	S	1294	161	1455	0.00012
Sinorhizobium medicae	110321	S	1326	155	1481	0.00012
Ensifer adhaerens	106592	S	4253	2745	6998	0.00057
Ensifer mexicanus	375549	S	1972	228	2200	0.00018
Ensifer sp. PDNC004	2811423	S	1277	515	1792	0.00015
Ensifer alkalisoli	1752398	S	1405	228	1633	0.00013
Ensifer sojae	716925	S	1224	411	1635	0.00013
Shinella sp. HZN7	879274	S	2848	2020	4868	0.00040
Shinella sp. PSBB067	2715959	S	1968	1277	3245	0.00027
Shinella sp. XGS7	2877941	S	1570	1197	2767	0.00023
Shinella zoogloeoides	352475	S	2275	2413	4688	0.00038
Shinella oryzae	2871820	S	1174	426	1600	0.00013
Ciceribacter thiooxidans	1969821	S	1446	226	1672	0.00014
Georhizobium profundi	2341112	S	1188	162	1350	0.00011
Rhodoplanes sp. Z2-YC6860	674703	S	95083	5497	100580	0.00826
Hyphomicrobium denitrificans	53399	S	13051	907	13958	0.00115
Hyphomicrobium sp. MC1	717785	S	2976	125	3101	0.00025
Hyphomicrobium nitrativorans	1427356	S	2120	116	2236	0.00018
Methyloceanibacter sp. wino2	2170729	S	1545	312	1857	0.00015
Methyloceanibacter caenitepidi	1384459	S	1540	291	1831	0.00015
Aquabacter sp. L1I39	2820278	S	2418	237	2655	0.00022
Methyloligella sp. GL2	2742204	S	2328	176	2504	0.00021
Caenibius sp. WL	2872646	S	1003	154	1157	0.00010
Rhodomicrobium vannielii	1069	S	1628	72	1700	0.00014
Methylobacterium oryzae	334852	S	7986	6897	14883	0.00122
Methylobacterium sp. WL1	2603276	S	3080	508	3588	0.00029
Methylobacterium sp. 17Sr1-1	2202826	S	2669	1085	3754	0.00031
Methylobacterium tardum	374432	S	6226	1909	8135	0.00067
Methylobacterium aquaticum	270351	S	5597	2096	7693	0.00063
Methylobacterium nodulans	114616	S	5549	507	6056	0.00050
Methylobacterium mesophilicum	39956	S	3990	698	4688	0.00038
Methylobacterium durans	2202825	S	3970	403	4373	0.00036
Methylobacterium currus	2051553	S	3562	1243	4805	0.00039
Methylobacterium brachiatum	269660	S	3408	951	4359	0.00036
Methylobacterium radiodurans	2202828	S	3406	603	4009	0.00033
Methylobacterium organophilum	410	S	2841	1055	3896	0.00032
Methylobacterium terrae	2202827	S	2804	1098	3902	0.00032
Methylobacterium indicum	1775910	S	2470	1065	3535	0.00029
Methylobacterium radiotolerans	31998	S	1414	7673	9087	0.00075
Microvirga sp. VF16	2807101	S	8065	985	9050	0.00074
Microvirga sp. 17 mud 1-3	2082949	S	3494	563	4057	0.00033
Microvirga ossetica	1882682	S	8392	1161	9553	0.00078
Microvirga thermotolerans	2651334	S	3777	778	4555	0.00037
Methylorubrum populi	223967	S	6680	2962	9642	0.00079
Methylorubrum extorquens	408	S	4219	5568	9787	0.00080
Methylorubrum sp. B1-46	2897334	S	1765	503	2268	0.00019
Devosia sp. A16	1736675	S	6744	589	7333	0.00060
Devosia sp. JXJ CY 41	2917991	S	1342	213	1555	0.00013
Devosia sp. SL43	2806348	S	1328	212	1540	0.00013
Devosia sp. 1566	2499144	S	1180	105	1285	0.00011
Devosia ginsengisoli	400770	S	1520	243	1763	0.00014
Devosia beringensis	2657486	S	1495	189	1684	0.00014
Devosia salina	2860336	S	1354	429	1783	0.00015
Devosia oryziradicis	2801335	S	1155	190	1345	0.00011
Devosia rhizoryzae	2774137	S	1075	92	1167	0.00010
Youhaiella tibetensis	1447062	S	2013	367	2380	0.00020
Paradevosia shaoguanensis	1335043	S	1957	563	2520	0.00021
Aureimonas sp. SA4125	2826993	S	2388	284	2672	0.00022
Aureimonas sp. AU20	1349819	S	2198	199	2397	0.00020
Aureimonas sp. OT7	2816454	S	1167	683	1850	0.00015
Aureimonas populi	1701758	S	1776	226	2002	0.00016
Aureimonas mangrovi	2758041	S	1713	240	1953	0.00016
Aureimonas altamirensis	370622	S	1234	325	1559	0.00013
Martelella mediterranea	293089	S	1303	933	2236	0.00018
Martelella endophytica	1486262	S	1166	297	1463	0.00012
Aurantimonas sp. HBX-1	2906072	S	2770	539	3309	0.00027
Nordella sp. HKS 07	2712222	S	7923	272	8195	0.00067
Pseudorhodoplanes sinuspersici	1235591	S	7340	320	7660	0.00063
Terrihabitans soli	708113	S	1998	137	2135	0.00018
Methylocystis parvus	134	S	1957	165	2122	0.00017
Methylocystis bryophila	655015	S	1846	128	1974	0.00016
Methylocystis sp. SC2	187303	S	1164	393	1557	0.00013
Methylocystis heyeri	391905	S	1654	132	1786	0.00015
Methylocystis rosea	173366	S	1297	1425	2722	0.00022
Methylosinus trichosporium	426	S	2650	403	3053	0.00025
Methylosinus sp. C49	2699395	S	2162	319	2481	0.00020
Phreatobacter stygius	1940610	S	5030	492	5522	0.00045
Phreatobacter cathodiphilus	1868589	S	3737	734	4471	0.00037
Phreatobacter sp. NMCR1094	2570229	S	3101	394	3495	0.00029
Stappia indica	538381	S	2746	449	3195	0.00026
Stappia sp. ES.058	1881061	S	1512	137	1649	0.00014
Roseibium aggregatum	187304	S	1754	205	1959	0.00016
Pannonibacter phragmitetus	121719	S	2242	975	3217	0.00026
Methylocella silvestris	199596	S	2049	188	2237	0.00018
Methylocella tundrae	227605	S	1752	140	1892	0.00016
Methylovirgula ligni	569860	S	1796	141	1937	0.00016
Methylovirgula sp. HY1	2822761	S	1417	63	1480	0.00012
Blastochloris tepida	2233851	S	3644	821	4465	0.00037
Blastochloris viridis	1079	S	3196	600	3796	0.00031
Kaustia mangrovi	2593653	S	3436	214	3650	0.00030
Parvibaculum lavamentivorans	256618	S	1724	923	2647	0.00022
Pyruvatibacter mobilis	1712261	S	1122	105	1227	0.00010
Chelatococcus sp. CO-6	1702325	S	3105	1464	4569	0.00038
Chelatococcus daeguensis	444444	S	1801	899	2700	0.00022
Brucella anthropi	529	S	1344	10383	11727	0.00096
Pseudochrobactrum algeriensis	2834768	S	1075	357	1432	0.00012
Kaistia sp. 32K	2795690	S	4294	656	4950	0.00041
Acuticoccus sp. I52.16.1	2928472	S	3697	270	3967	0.00033
Breoghania sp. L-A4	2304600	S	2459	205	2664	0.00022
Hartmannibacter diazotrophicus	1482074	S	2370	256	2626	0.00022
Sphingomonas sp. DM2-R-LB4	2899123	S	3656	943	4599	0.00038
Sphingomonas sp. CL5.1	2653203	S	3426	814	4240	0.00035
Sphingomonas sp. S8-45	2938948	S	3149	290	3439	0.00028
Sphingomonas sp. AK-PDB1-5	2872652	S	2925	358	3283	0.00027
Sphingomonas sp. MM-1	745310	S	2809	2419	5228	0.00043
Sphingomonas sp. AP4-R1	2735134	S	2769	267	3036	0.00025
Sphingomonas sp. HDW15A	2714942	S	2624	164	2788	0.00023
Sphingomonas sp. Cra20	1327635	S	2581	312	2893	0.00024
Sphingomonas sp. LM7	1938607	S	2305	384	2689	0.00022
Sphingomonas sp. AAP5	1523415	S	2296	442	2738	0.00022
Sphingomonas sp. FARSPH	2219696	S	2046	1280	3326	0.00027
Sphingomonas sp. NBWT7	2596913	S	2015	504	2519	0.00021
Sphingomonas sp. S2-65	2903960	S	1919	294	2213	0.00018
Sphingomonas sp. PAMC26645	2565555	S	1724	445	2169	0.00018
Sphingomonas sp. KC8	1030157	S	1712	165	1877	0.00015
Sphingomonas sp. HMP9	1517554	S	1661	571	2232	0.00018
Sphingomonas sp. HMP6	1517551	S	1431	216	1647	0.00014
Sphingomonas sp. LK11	1390395	S	1088	811	1899	0.00016
Sphingomonas sp. NIC1	1961362	S	1026	2373	3399	0.00028
Sphingomonas lutea	1045317	S	7964	788	8752	0.00072
Sphingomonas sediminicola	386874	S	6484	477	6961	0.00057
Sphingomonas daechungensis	1176646	S	6454	477	6931	0.00057
Sphingomonas sabuli	2764186	S	4835	454	5289	0.00043
Sphingomonas ginsengisoli An et al. 2013	363835	S	4727	490	5217	0.00043
Sphingomonas sinipercae	2714944	S	4625	477	5102	0.00042
Sphingomonas alpina	653931	S	3844	238	4082	0.00034
Sphingomonas sanxanigenens	397260	S	3763	1205	4968	0.00041
Sphingomonas rhizophila	2071607	S	3520	660	4180	0.00034
Sphingomonas piscis	2714943	S	3392	240	3632	0.00030
Sphingomonas profundi	2681549	S	3375	404	3779	0.00031
Sphingomonas panacis	1560345	S	2656	293	2949	0.00024
Sphingomonas hengshuiensis	1609977	S	2550	246	2796	0.00023
Sphingomonas panacisoli	1813879	S	2492	251	2743	0.00023
Sphingomonas xanthus	2594473	S	2401	394	2795	0.00023
Sphingomonas koreensis	93064	S	2317	1197	3514	0.00029
Sphingomonas taxi	1549858	S	2250	524	2774	0.00023
Sphingomonas paucimobilis	13689	S	1947	907	2854	0.00023
Sphingomonas changnyeongensis	2698679	S	1905	278	2183	0.00018
Sphingomonas radiodurans	2890321	S	1788	179	1967	0.00016
Sphingomonas insulae	424800	S	1722	369	2091	0.00017
Sphingomonas suaedae	2599297	S	1721	163	1884	0.00015
Sphingomonas aliaeris	2759526	S	1604	149	1753	0.00014
Sphingomonas sanguinis	33051	S	1241	815	2056	0.00017
Sphingomonas melonis	152682	S	1109	3645	4754	0.00039
Sphingobium sp. TKS	1315974	S	45777	46284	92061	0.00756
Sphingobium sp. YG1	2082188	S	4273	1159	5432	0.00045
Sphingobium sp. EP60837	1855519	S	3454	688	4142	0.00034
Sphingobium sp. Cam5-1	2789327	S	2764	674	3438	0.00028
Sphingobium sp. CAP-1	2676077	S	2724	1067	3791	0.00031
Sphingobium sp. KCTC 72723	2733867	S	2434	311	2745	0.00023
Sphingobium sp. RAC03	1843368	S	1965	262	2227	0.00018
Sphingobium sp. SYK-6	627192	S	1936	343	2279	0.00019
Sphingobium sp. MI1205	407020	S	1839	1748	3587	0.00029
Sphingobium sp. SCG-1	2072936	S	1367	80	1447	0.00012
Sphingobium sp. YBL2	484429	S	1232	4507	5739	0.00047
Sphingobium sp. RSMS	520734	S	1164	3675	4839	0.00040
Sphingobium chlorophenolicum	46429	S	8018	2326	10344	0.00085
Sphingobium indicum	332055	S	5909	3231	9140	0.00075
Sphingobium yanoikuyae	13690	S	4911	5591	10502	0.00086
Sphingobium fuliginis	336203	S	3441	7037	10478	0.00086
Sphingobium cloacae	120107	S	2594	2412	5006	0.00041
Sphingobium xenophagum	121428	S	2500	1029	3529	0.00029
Sphingobium amiense	135719	S	2356	1852	4208	0.00035
Sphingobium phenoxybenzoativorans	1592790	S	2275	606	2881	0.00024
Sphingobium baderi	1332080	S	1739	1161	2900	0.00024
Sphingobium herbicidovorans	76947	S	1656	1035	2691	0.00022
Novosphingobium sp. Sx8-5	2896849	S	4410	522	4932	0.00040
Novosphingobium sp. P6W	1609758	S	3395	463	3858	0.00032
Novosphingobium sp. EMRT-2	2571749	S	3238	1336	4574	0.00038
Novosphingobium sp. Gsoil 351	2675225	S	2655	179	2834	0.00023
Novosphingobium sp. ES2-1	2780074	S	1837	858	2695	0.00022
Novosphingobium sp. THN1	1016987	S	1687	567	2254	0.00019
Novosphingobium sp. PP1Y	702113	S	1312	1524	2836	0.00023
Novosphingobium sp. KA1	164608	S	1065	3027	4092	0.00034
Novosphingobium resinovorum	158500	S	4661	1598	6259	0.00051
Novosphingobium aromaticivorans	48935	S	2885	1023	3908	0.00032
Novosphingobium decolorationis	2698673	S	2527	963	3490	0.00029
Novosphingobium ginsenosidimutans	1176536	S	2090	167	2257	0.00019
Novosphingobium pentaromativorans	205844	S	1350	2126	3476	0.00029
Sphingopyxis sp. OPL5	2486273	S	3876	572	4448	0.00037
Sphingopyxis sp. BSN-002	2911495	S	2334	325	2659	0.00022
Sphingopyxis sp. YF1	2482763	S	1991	354	2345	0.00019
Sphingopyxis sp. QXT-31	1357916	S	1837	396	2233	0.00018
Sphingopyxis sp. 113P3	292913	S	1796	479	2275	0.00019
Sphingopyxis sp. PAMC25046	2565556	S	1617	596	2213	0.00018
Sphingopyxis sp. EG6	1874061	S	1406	573	1979	0.00016
Sphingopyxis sp. FD7	1914525	S	1253	399	1652	0.00014
Sphingopyxis macrogoltabida	33050	S	3331	1253	4584	0.00038
Sphingopyxis terrae	33052	S	1753	779	2532	0.00021
Sphingopyxis lindanitolerans	2054227	S	1629	552	2181	0.00018
Sphingopyxis fribergensis	1515612	S	1444	447	1891	0.00016
Sphingopyxis granuli	267128	S	1313	3248	4561	0.00037
Sphingopyxis alaskensis	117207	S	1084	205	1289	0.00011
Rhizorhabdus wittichii	160791	S	6317	2556	8873	0.00073
Rhizorhabdus dicambivorans	1850238	S	3709	1957	5666	0.00047
Rhizorhabdus phycosphaerae	2711156	S	2399	234	2633	0.00022
Sphingosinithalassobacter sp. CS137	2762748	S	1682	260	1942	0.00016
Sphingosinithalassobacter tenebrarum	2711215	S	1563	364	1927	0.00016
Tardibacter chloracetimidivorans	1921510	S	2759	1331	4090	0.00034
Allosphingosinicella indica	941907	S	2389	215	2604	0.00021
Parasphingopyxis algicola	2026624	S	1453	81	1534	0.00013
Hankyongella ginsenosidimutans	1763828	S	1302	176	1478	0.00012
Citromicrobium sp. JL477	1634516	S	1176	408	1584	0.00013
Erythrobacter sp. HL-111	1798193	S	1425	768	2193	0.00018
Erythrobacter sp. HKB08	2502843	S	1113	572	1685	0.00014
Erythrobacter litoralis	39960	S	1844	981	2825	0.00023
Porphyrobacter sp. CACIAM 03H1	2003315	S	1509	588	2097	0.00017
Qipengyuania flava	192812	S	2186	1892	4078	0.00033
Qipengyuania sediminis	1532023	S	1128	195	1323	0.00011
Croceicoccus sp. YJ47	2798724	S	1132	929	2061	0.00017
Croceicoccus marinus	450378	S	1957	1297	3254	0.00027
Croceicoccus naphthovorans	1348774	S	1040	1143	2183	0.00018
Altererythrobacter sp. B11	2060312	S	1566	892	2458	0.00020
Altererythrobacter sp. TH136	2067415	S	1250	229	1479	0.00012
Tsuneonella amylolytica	2338327	S	1536	422	1958	0.00016
Tsuneonella dongtanensis	692370	S	1402	260	1662	0.00014
Tsuneonella mangrovi	1982042	S	1052	156	1208	0.00010
Sphingosinicella sp. BN140058	1892855	S	3041	220	3261	0.00027
Sphingosinicella microcystinivorans	335406	S	1564	154	1718	0.00014
Sphingosinicella flava	2771430	S	1180	134	1314	0.00011
Polymorphobacter sp. PAMC 29362	2835787	S	1074	690	1764	0.00014
Polymorphobacter sp. PAMC 29334	2862331	S	1031	683	1714	0.00014
Sandaracinobacter sp. M6	2759707	S	1381	76	1457	0.00012
Azospirillum sp. B510	137722	S	2166	697	2863	0.00024
Azospirillum sp. TSH100	652764	S	1744	698	2442	0.00020
Azospirillum sp. TSA2s	709810	S	1726	1168	2894	0.00024
Azospirillum sp. TSH58	664962	S	1273	1502	2775	0.00023
Azospirillum brasilense	192	S	6828	5270	12098	0.00099
Azospirillum thermophilum	2202148	S	4064	730	4794	0.00039
Azospirillum thiophilum	528244	S	2701	739	3440	0.00028
Azospirillum ramasamyi	682998	S	1508	744	2252	0.00018
Azospirillum oryzae	286727	S	1353	1032	2385	0.00020
Azospirillum humicireducens	1226968	S	1299	665	1964	0.00016
Azospirillum lipoferum	193	S	1291	833	2124	0.00017
Skermanella mucosa	1789672	S	2748	1613	4361	0.00036
Skermanella sp. TT6	2775420	S	2670	2210	4880	0.00040
Skermanella rosea	1817965	S	2280	1765	4045	0.00033
Skermanella pratensis	2233999	S	2176	1010	3186	0.00026
Nitrospirillum amazonense	28077	S	2848	253	3101	0.00025
Indioceanicola profundi	2220096	S	1984	209	2193	0.00018
Niveispirillum cyanobacteriorum	1612173	S	1277	103	1380	0.00011
Roseomonas sp. OT10	2897332	S	4601	1038	5639	0.00046
Roseomonas sp. S08	1750527	S	4284	238	4522	0.00037
Roseomonas gilardii	257708	S	3910	3998	7908	0.00065
Roseomonas haemaphysalidis	2768162	S	3052	349	3401	0.00028
Roseomonas marmotae	2768161	S	2841	343	3184	0.00026
Rhodovastum atsumiense	504468	S	5883	541	6424	0.00053
Komagataeibacter xylinus	28448	S	1054	2753	3807	0.00031
Roseococcus microcysteis	2771361	S	2777	249	3026	0.00025
Acidibrevibacterium fodinaquatile	1969806	S	2498	183	2681	0.00022
Lichenicola cladoniae	1484109	S	2426	107	2533	0.00021
Sediminicoccus rosea	1225128	S	2293	115	2408	0.00020
Gluconacetobacter diazotrophicus	33996	S	1415	380	1795	0.00015
Granulibacter bethesdensis	364410	S	1081	89	1170	0.00010
Hypericibacter adhaerens	2602016	S	5305	758	6063	0.00050
Hypericibacter terrae	2602015	S	4802	554	5356	0.00044
Magnetospirillum sp. XM-1	1663591	S	1300	373	1673	0.00014
Magnetospirillum sp. ME-1	1639348	S	1058	329	1387	0.00011
Magnetospirillum gryphiswaldense	55518	S	1598	98353	99951	0.00821
Magnetospirillum magneticum	84159	S	1297	108	1405	0.00012
Rhodospirillum centenum	34018	S	2428	264	2692	0.00022
Rhodospirillum rubrum	1085	S	1470	86	1556	0.00013
Tistrella mobilis	171437	S	3051	1113	4164	0.00034
Ferrovibrio terrae	2594003	S	2186	103	2289	0.00019
Defluviicoccus vanus	111831	S	1787	118	1905	0.00016
Stella humosa	94	S	5751	303	6054	0.00050
Elioraea tepida	2843330	S	2851	111	2962	0.00024
Paracoccus sp. MC1862	2760307	S	1080	191	1271	0.00010
Paracoccus sanguinis	1545044	S	1574	429	2003	0.00016
Paracoccus yeei	147645	S	1419	2667	4086	0.00034
Paracoccus denitrificans	266	S	1238	689	1927	0.00016
Paracoccus liaowanqingii	2560053	S	1235	151	1386	0.00011
Paracoccus pantotrophus	82367	S	1127	765	1892	0.00016
Paracoccus aminovorans	34004	S	1108	330	1438	0.00012
Paracoccus zhejiangensis	1077935	S	1084	272	1356	0.00011
Cereibacter sphaeroides	1063	S	3518	2444	5962	0.00049
Rhodobacter sp. CZR27	2033869	S	1399	459	1858	0.00015
Rhodobacter sp. LPB0142	1850250	S	1181	788	1969	0.00016
Rhodobacter sp. N10	2807096	S	1131	139	1270	0.00010
Rhodobacter capsulatus	1061	S	1550	317	1867	0.00015
Rhodovulum sulfidophilum	35806	S	1226	832	2058	0.00017
Polymorphum gilvum	991904	S	2358	440	2798	0.00023
Paroceanicella profunda	2579971	S	2245	690	2935	0.00024
Pikeienuella piscinae	2748098	S	1604	126	1730	0.00014
Pontivivens ytuae	2789856	S	1404	103	1507	0.00012
Pelagovum pacificum	2588711	S	1291	163	1454	0.00012
Silicimonas algicola	1826607	S	1198	73	1271	0.00010
Frigidibacter mobilis	1335048	S	1123	466	1589	0.00013
Pukyongiella litopenaei	2605946	S	1102	338	1440	0.00012
Roseovarius sp. SCSIO 43702	2823043	S	1022	780	1802	0.00015
Roseovarius indicus	540747	S	1269	883	2152	0.00018
Salipiger profundus	1229727	S	1808	1021	2829	0.00023
Salipiger abyssi	1250539	S	1280	612	1892	0.00016
Salipiger sp. CCB-MM3	1792508	S	1151	190	1341	0.00011
Roseivivax marinus	1379903	S	1511	308	1819	0.00015
Celeribacter indicus	1208324	S	1413	897	2310	0.00019
Sulfitobacter pseudonitzschiae	1402135	S	1124	553	1677	0.00014
Yangia pacifica	311180	S	1484	303	1787	0.00015
Sagittula sp. P11	2009329	S	1357	766	2123	0.00017
Ponticoccus alexandrii	1943633	S	1082	199	1281	0.00011
Mameliella alba	561184	S	1050	262	1312	0.00011
Caulobacter sp. S6	2823693	S	4257	379	4636	0.00038
Caulobacter sp. FWC26	69665	S	1607	603	2210	0.00018
Caulobacter segnis	88688	S	5581	1945	7526	0.00062
Caulobacter mirabilis	69666	S	3655	568	4223	0.00035
Caulobacter vibrioides	155892	S	3308	1190	4498	0.00037
Caulobacter flavus	1679497	S	3291	789	4080	0.00034
Caulobacter rhizosphaerae	2010972	S	3136	792	3928	0.00032
Caulobacter soli	2708539	S	2931	809	3740	0.00031
Caulobacter henricii	69395	S	1470	213	1683	0.00014
Brevundimonas sp. PAMC22021	2861285	S	1165	823	1988	0.00016
Brevundimonas sp. M20	2591463	S	1138	290	1428	0.00012
Brevundimonas sp. LM2	1938605	S	1120	486	1606	0.00013
Brevundimonas naejangsanensis	588932	S	1954	823	2777	0.00023
Brevundimonas albigilva	1312364	S	1381	781	2162	0.00018
Brevundimonas goettingensis	2774190	S	1306	212	1518	0.00012
Brevundimonas subvibrioides	74313	S	1116	220	1336	0.00011
Brevundimonas diminuta	293	S	1057	3005	4062	0.00033
Phenylobacterium zucineum	284016	S	7862	1318	9180	0.00075
Phenylobacterium parvum	2201350	S	2212	208	2420	0.00020
Terricaulis silvestris	2686094	S	1228	31	1259	0.00010
Marinicauda algicola	2029849	S	1670	206	1876	0.00015
Cupriavidus campinensis	151783	S	35604	12200	47804	0.00392
Cupriavidus basilensis	68895	S	12347	5665	18012	0.00148
Cupriavidus taiwanensis	164546	S	10480	9503	19983	0.00164
Cupriavidus pauculus	82633	S	9559	3700	13259	0.00109
Cupriavidus pinatubonensis	248026	S	8437	1314	9751	0.00080
Cupriavidus sp. EM10	2839983	S	3259	2004	5263	0.00043
Cupriavidus necator	106590	S	4884	6121	11005	0.00090
Cupriavidus oxalaticus	96344	S	4736	2005	6741	0.00055
Cupriavidus metallidurans	119219	S	3072	1706	4778	0.00039
Burkholderia multivorans	87883	S	4798	13481	18279	0.00150
Burkholderia ubonensis	101571	S	4686	2616	7302	0.00060
Burkholderia cenocepacia	95486	S	3932	17307	21239	0.00174
Burkholderia cepacia	292	S	3269	6559	9828	0.00081
Burkholderia pyrrocinia	60550	S	2129	1141	3270	0.00027
Burkholderia contaminans	488447	S	1791	1007	2798	0.00023
Burkholderia ambifaria	152480	S	1702	3339	5041	0.00041
Burkholderia stagnalis	1503054	S	1559	475	2034	0.00017
Burkholderia stabilis	95485	S	1544	1002	2546	0.00021
Burkholderia anthina	179879	S	1534	1370	2904	0.00024
Burkholderia lata	482957	S	1399	1107	2506	0.00021
Burkholderia dolosa	152500	S	1234	6749	7983	0.00066
Burkholderia territorii	1503055	S	1101	507	1608	0.00013
Burkholderia pseudomallei	28450	S	2165	21220	23385	0.00192
Burkholderia mayonis	1385591	S	1539	308	1847	0.00015
Burkholderia thailandensis	57975	S	1490	2070	3560	0.00029
Burkholderia oklahomensis	342113	S	1022	373	1395	0.00011
Burkholderia sp. DHOD12	2571746	S	2257	894	3151	0.00026
Burkholderia sp. Bp7605	1740163	S	1249	867	2116	0.00017
Burkholderia gladioli	28095	S	5711	1648	7359	0.00060
Burkholderia glumae	337	S	2007	786	2793	0.00023
Burkholderia plantarii	41899	S	1595	587	2182	0.00018
Burkholderia perseverans	2615214	S	1336	533	1869	0.00015
Paraburkholderia graminis	60548	S	7964	1711	9675	0.00079
Paraburkholderia sp. SOS3	1926494	S	1716	218	1934	0.00016
Paraburkholderia sp. PGU16	2735433	S	1061	539	1600	0.00013
Paraburkholderia aromaticivorans	2026199	S	2642	1007	3649	0.00030
Paraburkholderia pallida	2547399	S	2428	381	2809	0.00023
Paraburkholderia caribensis	75105	S	2255	1480	3735	0.00031
Paraburkholderia acidisoli	2571748	S	2199	342	2541	0.00021
Paraburkholderia edwinii	2861782	S	2053	243	2296	0.00019
Paraburkholderia phytofirmans	261302	S	2029	792	2821	0.00023
Paraburkholderia tropica	92647	S	2018	390	2408	0.00020
Paraburkholderia acidiphila	2571747	S	1845	311	2156	0.00018
Paraburkholderia caledonica	134536	S	1774	280	2054	0.00017
Paraburkholderia phymatum	148447	S	1672	375	2047	0.00017
Paraburkholderia terricola	169427	S	1670	433	2103	0.00017
Paraburkholderia atlantica	2654982	S	1610	341	1951	0.00016
Paraburkholderia sprentiae	948107	S	1537	292	1829	0.00015
Paraburkholderia fungorum	134537	S	1462	300	1762	0.00014
Paraburkholderia phenoliruptrix	252970	S	1420	359	1779	0.00015
Paraburkholderia megapolitana	420953	S	1388	113	1501	0.00012
Paraburkholderia ginsengisoli	311231	S	1367	363	1730	0.00014
Paraburkholderia terrae	311230	S	1351	1387	2738	0.00022
Paraburkholderia caffeinilytica	1761016	S	1136	261	1397	0.00011
Paraburkholderia hospita	169430	S	1127	1149	2276	0.00019
Paraburkholderia xenovorans	36873	S	1086	1189	2275	0.00019
Caballeronia grimmiae	1071679	S	12436	4729	17165	0.00141
Caballeronia sp. Lep1P3	2878150	S	2266	2496	4762	0.00039
Caballeronia sp. TF1N1	2878153	S	1582	505	2087	0.00017
Caballeronia zhejiangensis	871203	S	5849	903	6752	0.00055
Caballeronia insecticola	758793	S	2450	343	2793	0.00023
Ralstonia sp. 56D2	2842456	S	7439	979	8418	0.00069
Ralstonia solanacearum	305	S	5090	10267	15357	0.00126
Ralstonia pickettii	329	S	1643	629	2272	0.00019
Ralstonia insidiosa	190721	S	1515	933	2448	0.00020
Ralstonia mannitolilytica	105219	S	1220	1194	2414	0.00020
Pandoraea sp. XY-2	2518599	S	9055	4209	13264	0.00109
Pandoraea pnomenusa	93220	S	2016	905	2921	0.00024
Pandoraea thiooxydans	445709	S	1342	95	1437	0.00012
Pandoraea pulmonicola	93221	S	1290	271	1561	0.00013
Pandoraea norimbergensis	93219	S	1071	163	1234	0.00010
Variovorax sp. HW608	1034889	S	4755	756	5511	0.00045
Variovorax sp. PBS-H4	434008	S	3998	2380	6378	0.00052
Variovorax sp. PBL-H6	434009	S	2589	2638	5227	0.00043
Variovorax sp. RA8	662548	S	2580	1997	4577	0.00038
Variovorax sp. WDL1	207745	S	2435	3653	6088	0.00050
Variovorax sp. RKNM96	2681552	S	2203	830	3033	0.00025
Variovorax sp. SRS16	282217	S	2193	5877	8070	0.00066
Variovorax sp. PAMC 28711	1795631	S	2127	342	2469	0.00020
Variovorax sp. PAMC26660	2762322	S	2071	516	2587	0.00021
Variovorax sp. PAMC28562	2762323	S	1590	128	1718	0.00014
Variovorax sp. PBL-E5	434014	S	1374	4264	5638	0.00046
Variovorax sp. 38R	2774875	S	1317	1567	2884	0.00024
Variovorax paradoxus	34073	S	10764	8837	19601	0.00161
Variovorax boronicumulans	436515	S	1620	1145	2765	0.00023
Acidovorax sp. YS12	2738413	S	1484	1244	2728	0.00022
Acidovorax sp. KKS102	358220	S	1083	903	1986	0.00016
Acidovorax avenae	80867	S	3208	2848	6056	0.00050
Acidovorax monticola	1926868	S	1668	675	2343	0.00019
Acidovorax antarcticus	2743470	S	1645	1162	2807	0.00023
Acidovorax carolinensis	553814	S	1057	933	1990	0.00016
Hydrogenophaga sp. BA0156	2716225	S	2234	1567	3801	0.00031
Hydrogenophaga sp. YM1	2806262	S	2034	1062	3096	0.00025
Hydrogenophaga sp. BPS33	2651974	S	1949	1427	3376	0.00028
Hydrogenophaga sp. PBC	795665	S	1871	2019	3890	0.00032
Hydrogenophaga sp. SL48	2806347	S	1606	778	2384	0.00020
Hydrogenophaga sp. RAC07	1842537	S	1196	460	1656	0.00014
Hydrogenophaga sp. PBL-H3	434010	S	1169	1041	2210	0.00018
Hydrogenophaga taeniospiralis	65656	S	1357	1026	2383	0.00020
Rhodoferax koreense	1842727	S	10641	5021	15662	0.00129
Rhodoferax sp. BAB1	2741720	S	1481	387	1868	0.00015
Rhodoferax sediminis	2509614	S	1908	270	2178	0.00018
Comamonas sp. NLF-7-7	2597701	S	1026	1000	2026	0.00017
Comamonas testosteroni	285	S	1660	2989	4649	0.00038
Comamonas serinivorans	1082851	S	1501	391	1892	0.00016
Comamonas aquatica	225991	S	1384	1269	2653	0.00022
Ramlibacter tataouinensis	94132	S	11385	4126	15511	0.00127
Delftia tsuruhatensis	180282	S	1355	4034	5389	0.00044
Delftia acidovorans	80866	S	1230	2582	3812	0.00031
Diaphorobacter sp. HDW4A	2714924	S	1026	1425	2451	0.00020
Diaphorobacter ruginosibacter	1715720	S	1194	941	2135	0.00018
Polaromonas sp. JS666	296591	S	2059	2370	4429	0.00036
Polaromonas naphthalenivorans	216465	S	1404	208	1612	0.00013
Schlegelella thermodepolymerans	215580	S	2940	1278	4218	0.00035
Schlegelella brevitalea	413882	S	2884	373	3257	0.00027
Kinneretia sp. DAIF2	2714952	S	3337	1077	4414	0.00036
Kinneretia sp. XES5	2877940	S	1417	1544	2961	0.00024
Ottowia sp. 27C	2816950	S	1372	247	1619	0.00013
Ottowia oryzae	2109914	S	1091	222	1313	0.00011
Alicycliphilus denitrificans	179636	S	2892	4939	7831	0.00064
Melaminivora sp. SC2-9	2109913	S	1248	1327	2575	0.00021
Melaminivora jejuensis	1267217	S	1035	732	1767	0.00015
Verminephrobacter eiseniae	364317	S	1428	165	1593	0.00013
Pulveribacter suum	2116657	S	1124	556	1680	0.00014
Hylemonella gracilis	80880	S	1093	146	1239	0.00010
Massilia sp. WG5	1707785	S	10188	5655	15843	0.00130
Massilia sp. HC52	2852099	S	2578	1147	3725	0.00031
Massilia sp. LPB0304	2769491	S	2256	1249	3505	0.00029
Massilia sp. DM-R-R2A-13	2899220	S	2012	704	2716	0.00022
Massilia sp. NP310	2861282	S	1888	1435	3323	0.00027
Massilia sp. YMA4	1593482	S	1821	1097	2918	0.00024
Massilia sp. PAMC28688	2861283	S	1393	307	1700	0.00014
Massilia putida	1141883	S	4591	1278	5869	0.00048
Massilia violaceinigra	2045208	S	3259	803	4062	0.00033
Massilia flava	871742	S	2798	601	3399	0.00028
Massilia albidiflava	321983	S	2015	690	2705	0.00022
Massilia umbonata	864828	S	1959	678	2637	0.00022
Massilia lutea	321985	S	1945	515	2460	0.00020
Massilia armeniaca	2072590	S	1798	809	2607	0.00021
Massilia plicata	321984	S	1679	386	2065	0.00017
Massilia oculi	945844	S	1549	841	2390	0.00020
Massilia antarctica	2765360	S	1491	478	1969	0.00016
Duganella sp. GN2-R2	2728020	S	3109	1139	4248	0.00035
Duganella sp. AF9R3	2728021	S	1765	328	2093	0.00017
Herbaspirillum robiniae	2014887	S	1846	647	2493	0.00020
Herbaspirillum frisingense	92645	S	1464	467	1931	0.00016
Herbaspirillum seropedicae	964	S	1416	628	2044	0.00017
Herbaspirillum rubrisubalbicans	80842	S	1369	635	2004	0.00016
Herbaspirillum hiltneri	341045	S	1311	214	1525	0.00013
Janthinobacterium agaricidamnosum	55508	S	1564	3280	4844	0.00040
Collimonas fungivorans	158899	S	1577	403	1980	0.00016
Collimonas arenae	279058	S	1212	147	1359	0.00011
Collimonas pratensis	279113	S	1144	221	1365	0.00011
Noviherbaspirillum sp. UKPF54	2601898	S	2312	361	2673	0.00022
Achromobacter xylosoxidans	85698	S	6158	8820	14978	0.00123
Achromobacter sp. AONIH1	1758194	S	1733	2113	3846	0.00032
Achromobacter sp. MFA1 R4	1881016	S	1318	656	1974	0.00016
Achromobacter sp. 77	2756133	S	1018	2427	3445	0.00028
Achromobacter spanius	217203	S	2904	1037	3941	0.00032
Achromobacter denitrificans	32002	S	2534	1600	4134	0.00034
Achromobacter deleyi	1353891	S	1929	1166	3095	0.00025
Achromobacter mucicolens	1389922	S	1369	1723	3092	0.00025
Achromobacter insolitus	217204	S	1327	326	1653	0.00014
Achromobacter pestifer	1353889	S	1038	618	1656	0.00014
Bordetella sp. H567	1697043	S	1782	497	2279	0.00019
Bordetella sp. N	1746199	S	1692	245	1937	0.00016
Bordetella bronchialis	463025	S	1972	720	2692	0.00022
Bordetella genomosp. 8	1416806	S	1888	673	2561	0.00021
Bordetella genomosp. 13	463040	S	1736	1290	3026	0.00025
Bordetella flabilis	463014	S	1685	265	1950	0.00016
Bordetella genomosp. 9	1416803	S	1612	602	2214	0.00018
Bordetella hinzii	103855	S	1477	2406	3883	0.00032
Bordetella petrii	94624	S	1295	1688	2983	0.00024
Bordetella trematum	123899	S	1090	540	1630	0.00013
Pigmentiphaga sp. H8	2488560	S	8324	962	9286	0.00076
Paralcaligenes sp. KSB-10	2901142	S	3051	116	3167	0.00026
Orrella dioscoreae	1851544	S	1481	472	1953	0.00016
Castellaniella defragrans	75697	S	1629	981	2610	0.00021
Rhizobacter gummiphilus	946333	S	5071	920	5991	0.00049
Rhizobacter sp. AJA081-3	2753607	S	3759	882	4641	0.00038
Methylibium petroleiphilum	105560	S	2218	1864	4082	0.00034
Methylibium sp. Pch-M	2082386	S	1981	1536	3517	0.00029
Sphaerotilus sp. FB-5	2914710	S	2735	1569	4304	0.00035
Sphaerotilus natans	34103	S	2572	937	3509	0.00029
Rubrivivax gelatinosus	28068	S	4106	1189	5295	0.00043
Aquincola tertiaricarbonis	391953	S	3679	1169	4848	0.00040
Thiomonas sp. X19	1050370	S	1165	1053	2218	0.00018
Mitsuaria sp. 7	1658665	S	3226	593	3819	0.00031
Leptothrix cholodnii	34029	S	2957	873	3830	0.00031
Xylophilus rhododendri	2697032	S	2442	647	3089	0.00025
Ideonella dechloratans	36863	S	1913	1048	2961	0.00024
Roseateles depolymerans	76731	S	1480	262	1742	0.00014
Aquabacterium olei	1296669	S	1430	348	1778	0.00015
Tepidimonas taiwanensis	307486	S	1352	448	1800	0.00015
Nitrosospira lacus	1288494	S	5652	224	5876	0.00048
Nitrosospira multiformis	1231	S	4385	159	4544	0.00037
Nitrosospira sp. NRS527	155925	S	2653	1669	4322	0.00035
Nitrosospira briensis	35799	S	2513	1696	4209	0.00035
Usitatibacter rugosus	2732067	S	6126	693	6819	0.00056
Usitatibacter palustris	2732487	S	4775	574	5349	0.00044
Denitratisoma sp. DHT3	1981880	S	1212	837	2049	0.00017
Sulfuritalea hydrogenivorans	748811	S	1406	210	1616	0.00013
Methyloversatilis sp. RAC08	1842540	S	1386	178	1564	0.00013
Sterolibacterium denitrificans	157592	S	1004	260	1264	0.00010
Thiobacillus denitrificans	36861	S	2334	438	2772	0.00023
Sulfuritortus calidifontis	1914471	S	1198	489	1687	0.00014
Sulfurimicrobium lacus	2715678	S	1052	159	1211	0.00010
Thauera sp. MZ1T	85643	S	2100	1889	3989	0.00033
Thauera sp. K11	2005884	S	2072	1114	3186	0.00026
Thauera humireducens	1134435	S	1385	724	2109	0.00017
Thauera aromatica	59405	S	1059	1294	2353	0.00019
Thauera chlorobenzoica	96773	S	1001	801	1802	0.00015
Azoarcus sp. KH32C	748247	S	2328	386	2714	0.00022
Azoarcus sp. DD4	2027405	S	1739	991	2730	0.00022
Azoarcus olearius	418699	S	1922	636	2558	0.00021
Azoarcus communis	41977	S	1563	530	2093	0.00017
Nitrogeniibacter mangrovi	2016596	S	1740	340	2080	0.00017
Aromatoleum petrolei	76116	S	2065	465	2530	0.00021
Aromatoleum aromaticum	551760	S	1736	1091	2827	0.00023
Aromatoleum bremense	76115	S	1350	689	2039	0.00017
Aromatoleum pumilum	2067960	S	1305	437	1742	0.00014
Azospira restricta	404405	S	3045	2216	5261	0.00043
Niveibacterium microcysteis	2811415	S	1260	168	1428	0.00012
Dechloromonas denitrificans	281362	S	1560	486	2046	0.00017
Ferribacterium limneticum	76259	S	2043	397	2440	0.00020
Chromobacterium sp. ATCC 53434	2059672	S	1163	760	1923	0.00016
Chromobacterium violaceum	536	S	1236	1841	3077	0.00025
Chromobacterium vaccinii	1108595	S	1179	1241	2420	0.00020
Jeongeupia sp. USM3	1906741	S	1398	396	1794	0.00015
Pseudogulbenkiania sp. NH8B	748280	S	1317	479	1796	0.00015
Microvirgula aerodenitrificans	57480	S	1018	198	1216	0.00010
Crenobacter cavernae	2290923	S	1566	798	2364	0.00019
Chitinolyticbacter meiyuanensis	682798	S	1069	255	1324	0.00011
Casimicrobium huifangae	2591109	S	1135	470	1605	0.00013
Lysobacter sp. KIS68-7	2904252	S	4273	806	5079	0.00042
Lysobacter sp. TY2-98	2290922	S	2536	393	2929	0.00024
Lysobacter sp. 5GHs7-4	2904253	S	2063	623	2686	0.00022
Lysobacter sp. CECT 30171	2822368	S	1807	439	2246	0.00018
Lysobacter sp. S4-A87	2925843	S	1645	530	2175	0.00018
Lysobacter sp. K5869	2820808	S	1489	683	2172	0.00018
Lysobacter sp. CW239	2762611	S	1286	719	2005	0.00016
Lysobacter capsici	435897	S	9938	9740	19678	0.00162
Lysobacter enzymogenes	69	S	6316	2170	8486	0.00070
Lysobacter lycopersici	1324796	S	5891	1190	7081	0.00058
Lysobacter soli	453783	S	4069	797	4866	0.00040
Lysobacter solisilvae (ex Woo and Kim 2022)	2865112	S	2649	742	3391	0.00028
Lysobacter antibioticus	84531	S	2340	465	2805	0.00023
Lysobacter solisilvae (ex Kim et al. 2021)	2763317	S	2293	436	2729	0.00022
Lysobacter maris	1605891	S	2059	475	2534	0.00021
Lysobacter arenosi	2795387	S	1596	487	2083	0.00017
Lysobacter alkalisoli	2591633	S	1495	257	1752	0.00014
Lysobacter oculi	2698682	S	1413	367	1780	0.00015
Stenotrophomonas maltophilia	40324	S	7324	13620	20944	0.00172
Stenotrophomonas rhizophila	216778	S	3232	1017	4249	0.00035
Stenotrophomonas acidaminiphila	128780	S	1626	4181	5807	0.00048
Xanthomonas translucens	343	S	2880	4595	7475	0.00061
Xanthomonas campestris	339	S	2137	2778	4915	0.00040
Xanthomonas sacchari	56458	S	1482	503	1985	0.00016
Xanthomonas arboricola	56448	S	1267	1659	2926	0.00024
Xanthomonas theicola	56464	S	1103	365	1468	0.00012
Xanthomonas oryzae	347	S	1074	502	1576	0.00013
Xanthomonas citri	346	S	1018	8564	9582	0.00079
Luteimonas sp. S4-F44	2925842	S	1671	308	1979	0.00016
Luteimonas sp. MC1750	2799326	S	1662	576	2238	0.00018
Luteimonas sp. D4P002	2901869	S	1543	387	1930	0.00016
Luteimonas sp. YGD11-2	2508168	S	1369	564	1933	0.00016
Luteimonas sp. MC1572	2799325	S	1330	602	1932	0.00016
Luteimonas sp. JM171	1896164	S	1311	253	1564	0.00013
Luteimonas sp. MC1825	2761107	S	1239	577	1816	0.00015
Luteimonas granuli	1176533	S	1581	552	2133	0.00018
Luteimonas yindakuii	2565782	S	1323	474	1797	0.00015
Luteimonas chenhongjianii	2006110	S	1316	267	1583	0.00013
Pseudoxanthomonas suwonensis	314722	S	3191	1592	4783	0.00039
Pseudoxanthomonas mexicana	128785	S	2352	3265	5617	0.00046
Pseudoxanthomonas sp. X-1	2571115	S	1895	1516	3411	0.00028
Pseudoxanthomonas daejeonensis	266062	S	1348	335	1683	0.00014
Pseudoxanthomonas spadix	415229	S	1277	525	1802	0.00015
Thermomonas sp. XSG	2771436	S	1328	585	1913	0.00016
Thermomonas brevis	215691	S	1866	743	2609	0.00021
Thermomonas aquatica	2202149	S	1676	848	2524	0.00021
Thermomonas carbonis	1463158	S	1344	285	1629	0.00013
Arenimonas daejeonensis	370777	S	1655	324	1979	0.00016
Pseudolysobacter antarcticus	2511995	S	1596	43	1639	0.00013
Rhodanobacter denitrificans	666685	S	13801	3822	17623	0.00145
Rhodanobacter thiooxydans	416169	S	7962	2511	10473	0.00086
Rhodanobacter sp. FDAARGOS 1247	2778082	S	4676	1222	5898	0.00048
Rhodanobacter glycinis	582702	S	1878	266	2144	0.00018
Frateuria sp. 5GH9-34	2898793	S	7659	1794	9453	0.00078
Frateuria sp. 5GH9-11	1542730	S	3063	908	3971	0.00033
Dyella thiooxydans	445710	S	4387	1062	5449	0.00045
Dyella japonica	231455	S	1641	454	2095	0.00017
Dyella telluris	2763498	S	1593	393	1986	0.00016
Dyella terrae	522259	S	1161	151	1312	0.00011
Luteibacter sp. 321	2911537	S	1794	461	2255	0.00019
Luteibacter sp. EIF3	2780091	S	1292	171	1463	0.00012
Luteibacter sp. 335	2911538	S	1222	232	1454	0.00012
Luteibacter sp. 353	2911539	S	1062	280	1342	0.00011
Luteibacter pinisoli	2589080	S	1416	313	1729	0.00014
Luteibacter rhizovicinus	242606	S	1381	164	1545	0.00013
Luteibacter anthropi	564369	S	1072	164	1236	0.00010
Dokdonella koreensis	323415	S	5535	854	6389	0.00052
Aerosticca soli	2010829	S	2055	2255	4310	0.00035
Pseudomonas sp. S34	1573718	S	2183	2336	4519	0.00037
Pseudomonas sp. PDNC002	2811422	S	2047	1717	3764	0.00031
Pseudomonas sp. ATCC 13867	1294143	S	1835	2258	4093	0.00034
Pseudomonas sp. SCB32	2653853	S	1656	1516	3172	0.00026
Pseudomonas sp. LAB-08	143813	S	1006	654	1660	0.00014
Pseudomonas aeruginosa	287	S	5499	96445	101944	0.00837
Pseudomonas multiresinivorans	95301	S	1595	563	2158	0.00018
Pseudomonas mendocina	300	S	1838	665	2503	0.00021
Pseudomonas alcaligenes	43263	S	1403	907	2310	0.00019
Pseudomonas fluorescens	294	S	5520	4752	10272	0.00084
Pseudomonas protegens	380021	S	1206	5927	7133	0.00059
Pseudomonas putida	303	S	8518	11794	20312	0.00167
Pseudomonas oryzihabitans	47885	S	1719	382	2101	0.00017
Pseudomonas fulva	47880	S	1144	3047	4191	0.00034
Pseudomonas stutzeri	316	S	6107	3853	9960	0.00082
Pseudomonas balearica	74829	S	1068	1344	2412	0.00020
Pseudomonas syringae	317	S	1488	2950	4438	0.00036
Pseudomonas chlororaphis	587753	S	3111	3105	6216	0.00051
Pseudomonas umsongensis	198618	S	2221	356	2577	0.00021
Pseudomonas knackmussii	65741	S	1744	1461	3205	0.00026
Pseudomonas otitidis	319939	S	1616	375	1991	0.00016
Pseudomonas psychrotolerans	237610	S	1554	357	1911	0.00016
Pseudomonas oryzae	1392877	S	1289	435	1724	0.00014
Pseudomonas entomophila	312306	S	1283	552	1835	0.00015
Azotobacter chroococcum	353	S	1476	1105	2581	0.00021
Serratia marcescens	615	S	1381	8806	10187	0.00084
Halomonas sp. THAF5a	2587844	S	1089	4313	5402	0.00044
Halomonas beimenensis	475662	S	1121	1730	2851	0.00023
Salinicola tamaricis	1771309	S	1127	530	1657	0.00014
Halotalea alkalilenta	376489	S	1072	419	1491	0.00012
Spiribacter sp. E85	2182432	S	2016	410	2426	0.00020
Candidatus Thiodictyon syntrophicum	1166950	S	1819	169	1988	0.00016
Marichromatium purpuratum	37487	S	1579	522	2101	0.00017
Thioflavicoccus mobilis	80679	S	1577	226	1803	0.00015
Thiocapsa bogorovii	521689	S	1209	117	1326	0.00011
Wenzhouxiangella marina	1579979	S	1002	98	1100	0.00009
Aeromonas hydrophila	644	S	1019	6739	7758	0.00064
Methylomagnum ishizawai	1760988	S	1010	288	1298	0.00011
Solimonas sp. K1W22B-7	2303331	S	3083	330	3413	0.00028
Steroidobacter denitrificans	465721	S	1405	519	1924	0.00016
Sulfurifustis variabilis	1675686	S	2851	174	3025	0.00025
Sulfuricaulis limicola	1620215	S	1265	95	1360	0.00011
Immundisolibacter cernigliae	1810504	S	2084	377	2461	0.00020
Salinisphaera sp. LB1	2183911	S	1174	49	1223	0.00010
Corallococcus coralloides	184914	S	18354	3392	21746	0.00179
Corallococcus sp. EGB	1521117	S	4299	645	4944	0.00041
Corallococcus macrosporus	35	S	3185	258	3443	0.00028
Myxococcus xanthus	34	S	6497	43612	50109	0.00411
Myxococcus hansupus	1297742	S	2664	113	2777	0.00023
Myxococcus stipitatus	83455	S	2310	106	2416	0.00020
Myxococcus sp. SCHIC003	2813577	S	2083	97	2180	0.00018
Pyxidicoccus sp. SCPEA002	2813578	S	7514	195	7709	0.00063
Archangium violaceum	83451	S	10890	1741	12631	0.00104
Archangium gephyra	48	S	7456	1399	8855	0.00073
Stigmatella aurantiaca	41	S	4659	228	4887	0.00040
Cystobacter fuscus	43	S	4505	992	5497	0.00045
Melittangium boletus	83453	S	3387	671	4058	0.00033
Anaeromyxobacter sp. Red232	2918170	S	8279	734	9013	0.00074
Anaeromyxobacter sp. Fw109-5	404589	S	6161	667	6828	0.00056
Anaeromyxobacter sp. Red630	2918171	S	6106	657	6763	0.00056
Anaeromyxobacter sp. K	447217	S	1527	2857	4384	0.00036
Anaeromyxobacter dehalogenans	161493	S	4992	3352	8344	0.00069
Vulgatibacter incomptus	1391653	S	3841	221	4062	0.00033
Sorangium cellulosum	56	S	48749	4385	53134	0.00436
Polyangium aurulentum	2567896	S	10247	682	10929	0.00090
Chondromyces crocatus	52	S	5123	175	5298	0.00044
Sandaracinus amylolyticus	927083	S	17983	800	18783	0.00154
Labilithrix luteola	1391654	S	11422	372	11794	0.00097
Haliangium ochraceum	80816	S	7581	286	7867	0.00065
Geomonas sp. RF6	2897342	S	1239	1625	2864	0.00024
Desulfuromonas versatilis	2802975	S	1415	380	1795	0.00015
Desulfuromonas sp. DDH964	1823759	S	1003	241	1244	0.00010
Solidesulfovibrio carbinoliphilus	345370	S	1071	1247	2318	0.00019
Persicimonas caeni	2292766	S	2948	73	3021	0.00025
Bradymonas sediminis	1548548	S	1019	60	1079	0.00009
Desulfarculus baarsii	453230	S	1190	442	1632	0.00013
Aquisphaera giovannonii	406548	S	17343	2284	19627	0.00161
Tautonia plasticadhaerens	2527974	S	15055	1025	16080	0.00132
Paludisphaera borealis	1387353	S	14781	2399	17180	0.00141
Singulisphaera acidiphila	466153	S	11682	1266	12948	0.00106
Isosphaera pallida	128	S	1311	72	1383	0.00011
Gemmata obscuriglobus	114	S	7639	1116	8755	0.00072
Gemmata massiliana	1210884	S	3651	1440	5091	0.00042
Gemmata sp. SH-PL17	1630693	S	3344	1485	4829	0.00040
Urbifossiella limnaea	2528023	S	14825	1150	15975	0.00131
Frigoriglobus tundricola	2774151	S	9480	1405	10885	0.00089
Limnoglobus roseus	2598579	S	7147	298	7445	0.00061
Planctomyces sp. SH-PL62	1636152	S	10229	2477	12706	0.00104
Planctomyces sp. SH-PL14	1632864	S	3456	215	3671	0.00030
Alienimonas californiensis	2527989	S	2496	175	2671	0.00022
Caulifigura coniformis	2527983	S	2146	135	2281	0.00019
Maioricimonas rarisocia	2528026	S	1984	253	2237	0.00018
Stieleria neptunia	2527979	S	1032	94	1126	0.00009
Stieleria maiorica	2795974	S	1030	162	1192	0.00010
Lignipirellula cremea	2528010	S	1935	214	2149	0.00018
Anatilimnocola aggregata	2528021	S	1499	153	1652	0.00014
Bremerella volcania	2527984	S	1164	75	1239	0.00010
Lacipirellula parvula	2650471	S	2588	266	2854	0.00023
Lacipirellula limnantheis	2528024	S	2484	295	2779	0.00023
Pirellulimonas nuda	2528009	S	2830	292	3122	0.00026
Botrimarina mediterranea	2528022	S	2406	209	2615	0.00021
Humisphaera borealis	2807512	S	5181	114	5295	0.00043
Phycisphaera mikurensis	547188	S	2258	162	2420	0.00020
Opitutus sp. GAS368	1882749	S	5410	609	6019	0.00049
Opitutus terrae	107709	S	2811	105	2916	0.00024
Lacunisphaera limnophila	1838286	S	2295	260	2555	0.00021
Nibricoccus aquaticus	2576891	S	1523	55	1578	0.00013
Oleiharenicola sp. KSB-15	2862869	S	1420	60	1480	0.00012
Verrucomicrobium spinosum	2736	S	2754	144	2898	0.00024
Verrucomicrobium sp. GAS474	1882831	S	1666	187	1853	0.00015
Luteolibacter luteus	2728835	S	1155	48	1203	0.00010
Luteolibacter ambystomatis	2824561	S	1151	75	1226	0.00010
Roseimicrobium sp. ORNL1	2711231	S	1683	51	1734	0.00014
Mucilaginibacter sp. SMC90	2929803	S	1183	386	1569	0.00013
Mucilaginibacter gossypii	551996	S	1024	3054	4078	0.00033
Niastella koreensis	354356	S	2478	437	2915	0.00024
Rhodothermus marinus	29549	S	2375	175	2550	0.00021
Rhodocaloribacter litoris	2558931	S	2176	322	2498	0.00021
Salinibacter ruber	146919	S	1660	43	1703	0.00014
Gemmatirosa kalamazoonesis	861299	S	36219	3011	39230	0.00322
Gemmatimonas groenlandica	2732249	S	4942	515	5457	0.00045
Gemmatimonas aurantiaca	173480	S	3363	313	3676	0.00030
Gemmatimonas phototrophica	1379270	S	2922	370	3292	0.00027
Granulicella sp. WH15	2602070	S	2105	347	2452	0.00020
Granulicella sp. 5B5	1617967	S	1569	233	1802	0.00015
Granulicella mallensis	940614	S	1660	183	1843	0.00015
Granulicella tundricola	940615	S	1442	175	1617	0.00013
Terriglobus roseus	392734	S	2277	429	2706	0.00022
Terriglobus albidus	1592106	S	1667	146	1813	0.00015
Terriglobus saanensis	870903	S	1095	131	1226	0.00010
Acidobacterium sp. 4Y35	2763107	S	2271	147	2418	0.00020
Acidobacterium capsulatum	33075	S	2230	255	2485	0.00020
Candidatus Koribacter versatilis	658062	S	4506	145	4651	0.00038
Edaphobacter sp. 12200R-103	2703788	S	2922	488	3410	0.00028
Acidisarcina polymorpha	2211140	S	1588	109	1697	0.00014
Paludibaculum fermentans	1473598	S	4551	116	4667	0.00038
Luteitalea sp. TBR-22	2802971	S	8526	1343	9869	0.00081
Luteitalea pratensis	1855912	S	7044	692	7736	0.00064
Sulfidibacter corallicola	2818388	S	1346	23	1369	0.00011
Nitrospira moscoviensis	42253	S	1632	172	1804	0.00015
Fusarium acuminatum	5515	S	3456	393	3849	0.00032
Fusarium oxysporum	5507	S	2559	1506	4065	0.00033
Pochonia chlamydosporia	280754	S	1718	146	1864	0.00015
Cordyceps fumosorosea	114497	S	1318	137	1455	0.00012
Purpureocillium lilacinum	33203	S	1887	225	2112	0.00017
Colletotrichum higginsianum	80884	S	1439	413	1852	0.00015
Thermothielavioides terrestris	2587410	S	2011	171	2182	0.00018
Thermothelomyces thermophilus	78579	S	1775	111	1886	0.00015
Aspergillus puulaauensis	1220207	S	2021	237	2258	0.00019
Pseudozyma flocculosa	84751	S	1985	67	2052	0.00017
Phytophthora cinnamomi	4785	S	1295	322	1617	0.00013
Phytophthora fragariae	53985	S	1059	249	1308	0.00011
