name	taxonomy_id	taxonomy_lvl	kraken_assigned_reads	added_reads	new_est_reads	fraction_total_reads
Streptomyces sp. BH-MK-02	2880933	S	15434	3899	19333	0.00109
Streptomyces sp. CdTB01	1725411	S	13726	4736	18462	0.00104
Streptomyces sp. A2-16	2781734	S	11571	4454	16025	0.00091
Streptomyces sp. SN-593	659352	S	10627	2733	13360	0.00076
Streptomyces sp. SCSIO 64649	2878388	S	9354	1817	11171	0.00063
Streptomyces sp. 3214.6	1882757	S	9092	3261	12353	0.00070
Streptomyces sp. CB01881	2078691	S	8513	1703	10216	0.00058
Streptomyces sp. So13.3	2136173	S	8393	1753	10146	0.00057
Streptomyces sp. ZYC-3	2797636	S	8075	1964	10039	0.00057
Streptomyces sp. ST1015	1848900	S	7576	1887	9463	0.00054
Streptomyces sp. P3	2135430	S	7362	2252	9614	0.00054
Streptomyces sp. NHF165	2175864	S	7348	1413	8761	0.00050
Streptomyces sp. MA3_2.13	2867410	S	7133	991	8124	0.00046
Streptomyces sp. LRE541	2931983	S	7050	1977	9027	0.00051
Streptomyces sp. GQFP	2907545	S	6911	1430	8341	0.00047
Streptomyces sp. NA02950	2742137	S	6699	1544	8243	0.00047
Streptomyces sp. SCUT-3	2684469	S	6528	2758	9286	0.00053
Streptomyces sp. 3025	2923272	S	6209	1239	7448	0.00042
Streptomyces sp. Z423-1	2730915	S	6165	2183	8348	0.00047
Streptomyces sp. SAT1	1849967	S	5868	2553	8421	0.00048
Streptomyces sp. 891-h	2720714	S	5809	1202	7011	0.00040
Streptomyces sp. WAC 01438	2203204	S	5804	2351	8155	0.00046
Streptomyces sp. YIM 121038	2136401	S	5751	2038	7789	0.00044
Streptomyces sp. NEAU-sy36	2751189	S	5660	2531	8191	0.00046
Streptomyces sp. MBT27	1488356	S	5641	1917	7558	0.00043
Streptomyces sp. DSM 40868	2721173	S	5538	2456	7994	0.00045
Streptomyces sp. GMY02	1333528	S	5530	1122	6652	0.00038
Streptomyces sp. RPA4-2	2721244	S	5478	1991	7469	0.00042
Streptomyces sp. GS7	2692234	S	5478	1736	7214	0.00041
Streptomyces sp. NA04227	2742136	S	5442	1418	6860	0.00039
Streptomyces sp. W1SF4	2305220	S	5163	2151	7314	0.00041
Streptomyces sp. CMB-StM0423	2059884	S	5139	3701	8840	0.00050
Streptomyces sp. JB150	2714844	S	5095	2038	7133	0.00040
Streptomyces sp. MST-110588	2833628	S	5088	1413	6501	0.00037
Streptomyces sp. RTd22	1841249	S	5053	3166	8219	0.00047
Streptomyces sp. C8S0	2585716	S	4984	1600	6584	0.00037
Streptomyces sp. HM190	2695266	S	4966	1898	6864	0.00039
Streptomyces sp. Go 40/10	2825844	S	4924	2729	7653	0.00043
Streptomyces sp. AMCC400023	2056258	S	4883	2628	7511	0.00043
Streptomyces sp. QHH-9511	2684468	S	4863	1554	6417	0.00036
Streptomyces sp. MG62	2838015	S	4651	2154	6805	0.00039
Streptomyces sp. Go-475	2072505	S	4651	2658	7309	0.00041
Streptomyces sp. SM18	1736046	S	4621	1549	6170	0.00035
Streptomyces sp. MG28	2865673	S	4609	2147	6756	0.00038
Streptomyces sp. BHT-5-2	2866715	S	4596	1713	6309	0.00036
Streptomyces sp. Rer75	2750011	S	4584	3171	7755	0.00044
Streptomyces sp. BJ20	2930049	S	4565	2211	6776	0.00038
Streptomyces sp. SirexAA-E	862751	S	4538	1640	6178	0.00035
Streptomyces sp. 135	2838850	S	4342	1734	6076	0.00034
Streptomyces sp. WAC 01529	2203205	S	4091	1761	5852	0.00033
Streptomyces sp. SYP-A7193	2662065	S	3986	3204	7190	0.00041
Streptomyces sp. Tu 2975	2676871	S	3857	1438	5295	0.00030
Streptomyces sp. S4.7	2705439	S	3805	1522	5327	0.00030
Streptomyces sp. jing01	2726118	S	3767	2579	6346	0.00036
Streptomyces sp. fd1-xmd	1812480	S	3726	2127	5853	0.00033
Streptomyces sp. INR7	2607753	S	3710	2547	6257	0.00035
Streptomyces sp. HSG2	2797167	S	3643	907	4550	0.00026
Streptomyces sp. HP-A2021	2927875	S	3579	2490	6069	0.00034
Streptomyces sp. CB09001	2083284	S	3535	2976	6511	0.00037
Streptomyces sp. S1D4-11	2721246	S	3371	3464	6835	0.00039
Streptomyces sp. TN58	234612	S	3331	2013	5344	0.00030
Streptomyces sp. SUK 48	2582831	S	3120	2499	5619	0.00032
Streptomyces sp. WAC 06738	2203210	S	3058	4990	8048	0.00046
Streptomyces sp. AgN23	1188315	S	2740	3043	5783	0.00033
Streptomyces sp. WY228	2855836	S	2730	1786	4516	0.00026
Streptomyces sp. CNQ-509	444103	S	2725	4343	7068	0.00040
Streptomyces sp. HF10	2692233	S	2604	2356	4960	0.00028
Streptomyces sp. CCM_MD2014	1561022	S	2505	3249	5754	0.00033
Streptomyces sp. ADI95-16	1522758	S	2396	3290	5686	0.00032
Streptomyces sp. YPW6	2840373	S	2368	1495	3863	0.00022
Streptomyces sp. Mg1	465541	S	2284	3338	5622	0.00032
Streptomyces sp. 2323.1	1938841	S	2206	1628	3834	0.00022
Streptomyces sp. MOE7	1961713	S	2179	3199	5378	0.00030
Streptomyces sp. 769	1262452	S	2171	2061	4232	0.00024
Streptomyces sp. RPA4-5	2721245	S	2075	1645	3720	0.00021
Streptomyces sp. NA02536	2742133	S	1856	6111	7967	0.00045
Streptomyces sp. S063	2005885	S	1751	1510	3261	0.00018
Streptomyces sp. PAMC 26508	1265601	S	1731	11681	13412	0.00076
Streptomyces sp. EAS-AB2608	2779671	S	1693	4408	6101	0.00035
Streptomyces sp. S8	1837283	S	1620	1745	3365	0.00019
Streptomyces sp. NEAU-S7GS2	2202000	S	1614	1763	3377	0.00019
Streptomyces sp. 3211	1964449	S	1576	3316	4892	0.00028
Streptomyces sp. PBH53	1577075	S	1562	3906	5468	0.00031
Streptomyces sp. ID38640	1265399	S	1497	1460	2957	0.00017
Streptomyces sp. S501	2420135	S	1446	10563	12009	0.00068
Streptomyces sp. M2	646637	S	1414	14318	15732	0.00089
Streptomyces sp. RLB1-33	2721243	S	1399	5582	6981	0.00040
Streptomyces sp. CRSS-Y-16	2906474	S	1336	14311	15647	0.00089
Streptomyces sp. XC 2026	2782004	S	1325	1396	2721	0.00015
Streptomyces sp. WA6-1-16	2879427	S	1325	1740	3065	0.00017
Streptomyces sp. Sge12	1972846	S	1268	3286	4554	0.00026
Streptomyces sp. 11-1-2	1851167	S	1227	2939	4166	0.00024
Streptomyces sp. HNA39	2850561	S	1189	1736	2925	0.00017
Streptomyces sp. Tue 6075	1661694	S	1052	1551	2603	0.00015
Streptomyces sp. CB00271	2750025	S	1031	1760	2791	0.00016
Streptomyces rapamycinicus	1226757	S	14457	3694	18151	0.00103
Streptomyces hygroscopicus	1912	S	9495	15218	24713	0.00140
Streptomyces violaceusniger	68280	S	2842	2153	4995	0.00028
Streptomyces yatensis	155177	S	2761	2312	5073	0.00029
Streptomyces venezuelae	54571	S	30824	11720	42544	0.00241
Streptomyces cadmiisoli	2184053	S	5856	1537	7393	0.00042
Streptomyces aurantiacus	47760	S	5629	1441	7070	0.00040
Streptomyces qaidamensis	1783515	S	3906	1814	5720	0.00032
Streptomyces alboniger	132473	S	3708	1510	5218	0.00030
Streptomyces koyangensis	188770	S	2549	2928	5477	0.00031
Streptomyces lydicus	47763	S	13569	10584	24153	0.00137
Streptomyces griseus	1911	S	4886	4642	9528	0.00054
Streptomyces anulatus	1892	S	3646	4425	8071	0.00046
Streptomyces microflavus	1919	S	1926	10133	12059	0.00068
Streptomyces globisporus	1908	S	1471	13000	14471	0.00082
Streptomyces chartreusis	1969	S	12456	5842	18298	0.00104
Streptomyces griseorubiginosus	67304	S	11802	4199	16001	0.00091
Streptomyces albus	1888	S	11349	6341	17690	0.00100
Streptomyces xanthii	2768069	S	11246	3484	14730	0.00083
Streptomyces bathyalis	2710756	S	11164	1846	13010	0.00074
Streptomyces formicae	1616117	S	10313	3527	13840	0.00078
Streptomyces collinus	42684	S	9936	6649	16585	0.00094
Streptomyces aquilus	2548456	S	9779	3108	12887	0.00073
Streptomyces asoensis	249586	S	9325	2962	12287	0.00070
Streptomyces bingchenggensis	379067	S	9224	1765	10989	0.00062
Streptomyces niveus	193462	S	9099	4449	13548	0.00077
Streptomyces armeniacus	83291	S	8922	1229	10151	0.00057
Streptomyces buecherae	2763006	S	8521	2159	10680	0.00060
Streptomyces seoulensis	73044	S	8395	3315	11710	0.00066
Streptomyces spectabilis	68270	S	8385	2951	11336	0.00064
Streptomyces tsukubensis	83656	S	8307	1924	10231	0.00058
Streptomyces griseochromogenes	68214	S	7543	2241	9784	0.00055
Streptomyces cattleya	29303	S	7298	2083	9381	0.00053
Streptomyces lincolnensis	1915	S	7232	2244	9476	0.00054
Streptomyces durmitorensis	319947	S	7197	1640	8837	0.00050
Streptomyces lunaelactis	1535768	S	7041	1512	8553	0.00048
Streptomyces roseirectus	2768066	S	6788	1734	8522	0.00048
Streptomyces rimosus	1927	S	6539	17747	24286	0.00137
Streptomyces cyaneochromogenes	2496836	S	6468	2050	8518	0.00048
Streptomyces griseoviridis	45398	S	6433	2175	8608	0.00049
Streptomyces davaonensis	348043	S	6229	1865	8094	0.00046
Streptomyces dengpaensis	2049881	S	6210	1831	8041	0.00046
Streptomyces avermitilis	33903	S	6121	1862	7983	0.00045
Streptomyces capitiformicae	2014920	S	6077	1020	7097	0.00040
Streptomyces ferrugineus	1413221	S	6039	2080	8119	0.00046
Streptomyces alboflavus	67267	S	6015	1760	7775	0.00044
Streptomyces vietnamensis	362257	S	5985	2115	8100	0.00046
Streptomyces aureoverticillatus	66871	S	5949	1697	7646	0.00043
Streptomyces genisteinicus	2768068	S	5895	1878	7773	0.00044
Streptomyces actuosus	1885	S	5788	2577	8365	0.00047
Streptomyces liangshanensis	2717324	S	5775	1490	7265	0.00041
Streptomyces albulus	68570	S	5664	1796	7460	0.00042
Streptomyces xinghaiensis	1038928	S	5625	1698	7323	0.00041
Streptomyces paludis	2282738	S	5615	1254	6869	0.00039
Streptomyces antibioticus	1890	S	5470	2058	7528	0.00043
Streptomyces broussonetiae	2686304	S	5448	1757	7205	0.00041
Streptomyces rectiverticillatus	173860	S	5431	1767	7198	0.00041
Streptomyces globosus	68209	S	5365	2002	7367	0.00042
Streptomyces clavuligerus	1901	S	5275	1311	6586	0.00037
Streptomyces olivoreticuli	68246	S	5259	1510	6769	0.00038
Streptomyces luteoverticillatus	66425	S	5195	1749	6944	0.00039
Streptomyces griseocarneus	51201	S	5182	1839	7021	0.00040
Streptomyces incarnatus	665007	S	5145	1617	6762	0.00038
Streptomyces roseochromogenus	285450	S	5131	1742	6873	0.00039
Streptomyces pratensis	1169025	S	5125	1321	6446	0.00036
Streptomyces nigra	1827580	S	5067	2087	7154	0.00040
Streptomyces fodineus	1904616	S	5064	1939	7003	0.00040
Streptomyces galilaeus	33899	S	5046	1799	6845	0.00039
Streptomyces ficellus	1977088	S	4965	1819	6784	0.00038
Streptomyces vinaceus	1960	S	4958	1872	6830	0.00039
Streptomyces nodosus	40318	S	4932	1310	6242	0.00035
Streptomyces ambofaciens	1889	S	4911	3036	7947	0.00045
Streptomyces phaeolivaceus	2653200	S	4908	1495	6403	0.00036
Streptomyces lavendulae	1914	S	4870	1773	6643	0.00038
Streptomyces exfoliatus	1905	S	4862	1735	6597	0.00037
Streptomyces atratus	1893	S	4842	1011	5853	0.00033
Streptomyces parvulus	146923	S	4835	2284	7119	0.00040
Streptomyces calvus	67282	S	4788	1959	6747	0.00038
Streptomyces subrutilus	36818	S	4668	1806	6474	0.00037
Streptomyces hundungensis	1077946	S	4659	1524	6183	0.00035
Streptomyces inhibens	2293571	S	4643	1501	6144	0.00035
Streptomyces gilvosporeus	553510	S	4565	1521	6086	0.00034
Streptomyces dangxiongensis	1442032	S	4550	1669	6219	0.00035
Streptomyces peucetius	1950	S	4529	1277	5806	0.00033
Streptomyces harbinensis	1176198	S	4474	1205	5679	0.00032
Streptomyces kanamyceticus	1967	S	4454	1676	6130	0.00035
Streptomyces glaucescens	1907	S	4447	2018	6465	0.00037
Streptomyces katrae	68223	S	4369	1702	6071	0.00034
Streptomyces prasinus	67345	S	4340	1465	5805	0.00033
Streptomyces pactum	68249	S	4309	1875	6184	0.00035
Streptomyces pristinaespiralis	38300	S	4214	1922	6136	0.00035
Streptomyces chromofuscus	42881	S	4168	1702	5870	0.00033
Streptomyces fagopyri	2662397	S	4130	1550	5680	0.00032
Streptomyces tendae	1932	S	4110	1805	5915	0.00033
Streptomyces deccanensis	424188	S	4096	1928	6024	0.00034
Streptomyces viridosporus	67581	S	4088	1731	5819	0.00033
Streptomyces cyanogenus	80860	S	4044	1949	5993	0.00034
Streptomyces nitrosporeus	28894	S	4016	1172	5188	0.00029
Streptomyces pluripotens	1355015	S	4006	968	4974	0.00028
Streptomyces mobaraensis	35621	S	3995	191822	195817	0.01108
Streptomyces tirandamycinicus	2174846	S	3991	1388	5379	0.00030
Streptomyces gardneri	66892	S	3976	1782	5758	0.00033
Streptomyces finlayi	67296	S	3882	919	4801	0.00027
Streptomyces angustmyceticus	285578	S	3875	1680	5555	0.00031
Streptomyces nojiriensis	66374	S	3628	1715	5343	0.00030
Streptomyces coeruleorubidus	116188	S	3623	1948	5571	0.00032
Streptomyces spongiicola	1690221	S	3576	1590	5166	0.00029
Streptomyces hawaiiensis	67305	S	3538	1721	5259	0.00030
Streptomyces qinzhouensis	2599401	S	3497	887	4384	0.00025
Streptomyces huasconensis	1854574	S	3485	1481	4966	0.00028
Streptomyces rutgersensis	53451	S	3458	1798	5256	0.00030
Streptomyces gobiensis	2875706	S	3291	630	3921	0.00022
Streptomyces tuirus	68278	S	3039	1682	4721	0.00027
Streptomyces antimycoticus	68175	S	2364	2929	5293	0.00030
Streptomyces leeuwenhoekii	1437453	S	2330	1833	4163	0.00024
Streptomyces cyaneogriseus	68192	S	2220	1937	4157	0.00024
Streptomyces auratus	114687	S	2022	1541	3563	0.00020
Streptomyces decoyicus	249567	S	1952	1241	3193	0.00018
Streptomyces lydicamycinicus	1546107	S	1832	1261	3093	0.00018
Streptomyces platensis	58346	S	1789	1563	3352	0.00019
Streptomyces fungicidicus	68203	S	1674	5894	7568	0.00043
Streptomyces xiamenensis	408015	S	1531	1534	3065	0.00017
Streptomyces olivaceus	47716	S	1070	4806	5876	0.00033
Streptomyces filamentosus	67294	S	1035	1528	2563	0.00015
Kitasatospora sp. MMS16-BH015	2018025	S	6996	2285	9281	0.00053
Kitasatospora sp. NA04385	2742135	S	6000	3082	9082	0.00051
Kitasatospora setae	2066	S	6317	3126	9443	0.00053
Kitasatospora aureofaciens	1894	S	5007	2030	7037	0.00040
Kitasatospora albolonga	68173	S	2071	1633	3704	0.00021
Streptacidiphilus sp. P02-A3a	2704468	S	6763	1987	8750	0.00050
Streptacidiphilus sp. PB12-B1b	2705012	S	6100	2304	8404	0.00048
Streptacidiphilus bronchialis	2126346	S	5279	1671	6950	0.00039
Yinghuangia sp. ASG 101	2896848	S	9130	1458	10588	0.00060
Nocardioides sp. G188	2849501	S	287214	88519	375733	0.02127
Nocardioides sp. S5	2017486	S	33106	16930	50036	0.00283
Nocardioides sp. zg-1228	2763008	S	28137	12589	40726	0.00231
Nocardioides sp. JS614	196162	S	26130	7898	34028	0.00193
Nocardioides sp. LMS-CY	2840457	S	24826	8214	33040	0.00187
Nocardioides sp. HDW12B	2714939	S	23791	7822	31613	0.00179
Nocardioides sp. W7	2931390	S	18450	6371	24821	0.00140
Nocardioides sp. zg-579	2663857	S	17998	9242	27240	0.00154
Nocardioides sp. cx-173	2898796	S	17687	6176	23863	0.00135
Nocardioides sp. InS609-2	2760705	S	17075	3994	21069	0.00119
Nocardioides sp. TF02-7	2917724	S	16627	5414	22041	0.00125
Nocardioides sp. S-1144	2582905	S	16035	6254	22289	0.00126
Nocardioides sp. CF8	110319	S	14992	6250	21242	0.00120
Nocardioides sp. SCSIO 67246	2872154	S	14811	3953	18764	0.00106
Nocardioides sp. 603	2483798	S	14434	6775	21209	0.00120
Nocardioides sp. MC1495	2736757	S	12881	4636	17517	0.00099
Nocardioides sp. JQ2195	2592334	S	12867	2718	15585	0.00088
Nocardioides sp. zg-536	2803858	S	10463	4573	15036	0.00085
Nocardioides sp. dk884	2662361	S	9663	11018	20681	0.00117
Nocardioides sp. ZJ1313	2685869	S	9196	10576	19772	0.00112
Nocardioides sp. WS12	2486272	S	8244	1475	9719	0.00055
Nocardioides sp. Kera G14	2884264	S	7591	1634	9225	0.00052
Nocardioides ungokensis	1643322	S	94277	32695	126972	0.00719
Nocardioides mesophilus	433659	S	66363	19973	86336	0.00489
Nocardioides okcheonensis	2894081	S	29428	13506	42934	0.00243
Nocardioides anomalus	2712223	S	23412	7047	30459	0.00172
Nocardioides cynanchi	2558918	S	23265	5545	28810	0.00163
Nocardioides euryhalodurans	2518370	S	17110	5210	22320	0.00126
Nocardioides dongkuii	2760089	S	16351	8053	24404	0.00138
Nocardioides humi	449461	S	14314	4647	18961	0.00107
Nocardioides rotundus	1774216	S	14217	5362	19579	0.00111
Nocardioides marinisabuli	419476	S	13516	7486	21002	0.00119
Nocardioides aquaticus	160826	S	13469	4120	17589	0.00100
Nocardioides aromaticivorans	200618	S	13025	4857	17882	0.00101
Nocardioides dokdonensis	450734	S	11797	5461	17258	0.00098
Nocardioides seonyuensis	2518371	S	11505	3086	14591	0.00083
Nocardioides sambongensis	2589074	S	10119	2889	13008	0.00074
Nocardioides piscis	2714938	S	9998	3762	13760	0.00078
Nocardioides houyundeii	2045452	S	9290	2844	12134	0.00069
Nocardioides panacisoli	627624	S	8181	2025	10206	0.00058
Nocardioides daphniae	402297	S	6759	3059	9818	0.00056
Nocardioides jishulii	2575440	S	5569	2023	7592	0.00043
Nocardioides yefusunii	2500546	S	3915	1162	5077	0.00029
Nocardioides baekrokdamisoli	1804624	S	3439	448	3887	0.00022
Aeromicrobium sp. Leaf245	1736306	S	5076	1535	6611	0.00037
Aeromicrobium sp. zg-629	2663859	S	4169	1337	5506	0.00031
Aeromicrobium sp. A1-2	2107713	S	3684	518	4202	0.00024
Aeromicrobium erythreum	2041	S	5682	1642	7324	0.00041
Aeromicrobium chenweiae	2079793	S	5544	1786	7330	0.00041
Aeromicrobium choanae	1736691	S	5049	1469	6518	0.00037
Aeromicrobium yanjiei	2662028	S	4973	1490	6463	0.00037
Aeromicrobium marinum	219314	S	4053	855	4908	0.00028
Marmoricola scoriae	642780	S	16653	5988	22641	0.00128
Pimelobacter simplex	2045	S	10755	3715	14470	0.00082
Friedmanniella luteola	546871	S	8571	1615	10186	0.00058
Mumia sp. ZJ1417	2708082	S	6946	1208	8154	0.00046
Micropruina glycogenica	75385	S	3187	445	3632	0.00021
Microlunatus sagamiharensis	546874	S	8469	1845	10314	0.00058
Microlunatus soli	630515	S	5465	521	5986	0.00034
Microlunatus elymi	2596828	S	4773	513	5286	0.00030
Microlunatus phosphovorus	29405	S	4761	544	5305	0.00030
Microlunatus sp. Gsoil 973	2672569	S	4113	317	4430	0.00025
Tessaracoccus sp. J1M15	2829499	S	3170	919	4089	0.00023
Tessaracoccus sp. MC1865	2760310	S	2186	549	2735	0.00015
Tessaracoccus defluvii	1285901	S	3105	1840	4945	0.00028
Tessaracoccus aquimaris	1332264	S	3067	1336	4403	0.00025
Tessaracoccus flavescens	399497	S	2668	1898	4566	0.00026
Tessaracoccus flavus	1610493	S	2337	1633	3970	0.00022
Tessaracoccus timonensis	2161816	S	1406	641	2047	0.00012
Brevilactibacter coleopterorum	2714937	S	4496	1912	6408	0.00036
Brevilactibacter sp. MC1595	2819349	S	4113	1559	5672	0.00032
Acidipropionibacterium acidipropionici	1748	S	2688	1535	4223	0.00024
Acidipropionibacterium jensenii	1749	S	2609	1509	4118	0.00023
Acidipropionibacterium virtanenii	2057246	S	1686	310	1996	0.00011
Propionibacterium acidifaciens	556499	S	2642	600	3242	0.00018
Propionibacterium australiense	119981	S	2080	337	2417	0.00014
Propionibacterium freudenreichii	1744	S	2070	1586	3656	0.00021
Auraticoccus monumenti	675864	S	5728	1006	6734	0.00038
Raineyella fluvialis	2662261	S	3512	475	3987	0.00023
Cutibacterium avidum	33010	S	1506	525	2031	0.00011
Arachnia propionica	1750	S	2081	234	2315	0.00013
Arachnia rubra	1547448	S	1043	110	1153	0.00007
Kribbella flavida	182640	S	35625	7700	43325	0.00245
Kribbella qitaiheensis	1544730	S	33258	4941	38199	0.00216
Actinopolymorpha singaporensis	117157	S	13673	1493	15166	0.00086
Microbacterium sp. No. 7	1714373	S	5202	2298	7500	0.00042
Microbacterium sp. 4R-513	2567934	S	4257	877	5134	0.00029
Microbacterium sp. 10M-3C3	2483401	S	3679	2223	5902	0.00033
Microbacterium sp. JZ31	1906274	S	3535	1048	4583	0.00026
Microbacterium sp. SSW1-51	2851650	S	3029	1253	4282	0.00024
Microbacterium sp. YJN-G	2763257	S	2843	1207	4050	0.00023
Microbacterium sp. BH-3-3-3	1906742	S	2790	740	3530	0.00020
Microbacterium sp. ABRD_28	2268461	S	2724	407	3131	0.00018
Microbacterium sp. SSW1-36	2851648	S	2638	853	3491	0.00020
Microbacterium sp. XT11	367477	S	2564	676	3240	0.00018
Microbacterium sp. H1-D42	2925844	S	2430	508	2938	0.00017
Microbacterium sp. NIBRBAC000506063	2734618	S	2379	971	3350	0.00019
Microbacterium sp. LKL04	912630	S	2336	615	2951	0.00017
Microbacterium sp. cx-55	2875948	S	2329	372	2701	0.00015
Microbacterium sp. Y-01	2048898	S	2311	1565	3876	0.00022
Microbacterium sp. PM5	2014534	S	2261	473	2734	0.00015
Microbacterium sp. A18JL241	2782166	S	2148	662	2810	0.00016
Microbacterium sp. CBA3102	2603598	S	1840	860	2700	0.00015
Microbacterium sp. TPU 3598	1938334	S	1830	968	2798	0.00016
Microbacterium sp. 1S1	2606451	S	1812	1823	3635	0.00021
Microbacterium sp. Nx66	2766784	S	1571	2335	3906	0.00022
Microbacterium foliorum	104336	S	5703	1243	6946	0.00039
Microbacterium hominis	162426	S	5062	17990	23052	0.00130
Microbacterium oleivorans	273677	S	4812	908	5720	0.00032
Microbacterium cremeum	2782169	S	4475	906	5381	0.00030
Microbacterium atlanticum	2782168	S	4419	936	5355	0.00030
Microbacterium resistens	156977	S	3504	618	4122	0.00023
Microbacterium lemovicicum	1072463	S	3421	738	4159	0.00024
Microbacterium sediminis	904291	S	3254	1397	4651	0.00026
Microbacterium oryzae	743009	S	3080	873	3953	0.00022
Microbacterium pygmaeum	370764	S	3010	355	3365	0.00019
Microbacterium testaceum	2033	S	2973	521	3494	0.00020
Microbacterium aurum	36805	S	2756	831	3587	0.00020
Microbacterium wangchenii	2541726	S	2664	618	3282	0.00019
Microbacterium caowuchunii	2614638	S	2560	462	3022	0.00017
Microbacterium lushaniae	2614639	S	2546	606	3152	0.00018
Microbacterium luteum	2782167	S	2521	987	3508	0.00020
Microbacterium oxydans	82380	S	2504	2321	4825	0.00027
Microbacterium esteraromaticum	57043	S	2460	548	3008	0.00017
Microbacterium protaetiae	2509458	S	2424	502	2926	0.00017
Microbacterium chocolatum	84292	S	2253	479	2732	0.00015
Microbacterium hydrocarbonoxydans	273678	S	2016	378	2394	0.00014
Microbacterium schleiferi	69362	S	1698	545	2243	0.00013
Microbacterium fandaimingii	2708079	S	1210	101	1311	0.00007
Microbacterium binotii	462710	S	1016	940	1956	0.00011
Agromyces sp. H17E-10	2932244	S	5542	1715	7257	0.00041
Agromyces sp. LHK192	2498704	S	4738	1300	6038	0.00034
Agromyces sp. CFWR-12	2929802	S	3745	1991	5736	0.00032
Agromyces flavus	589382	S	6844	2039	8883	0.00050
Agromyces soli	659012	S	4919	1692	6611	0.00037
Agromyces aureus	453304	S	4705	1270	5975	0.00034
Agromyces protaetiae	2509455	S	4038	1108	5146	0.00029
Agromyces marinus	1389020	S	3793	1316	5109	0.00029
Agromyces archimandritae	2781962	S	3544	977	4521	0.00026
Agromyces intestinalis	2592652	S	3457	1740	5197	0.00029
Agromyces badenianii	2080742	S	3142	977	4119	0.00023
Agromyces laixinhei	2585717	S	3030	662	3692	0.00021
Curtobacterium sp. BH-2-1-1	1905847	S	2876	1135	4011	0.00023
Curtobacterium sp. L6-1	2841594	S	2796	992	3788	0.00021
Curtobacterium sp. YC1	2795488	S	2194	1153	3347	0.00019
Curtobacterium sp. MR_MD2014	1561023	S	2145	1425	3570	0.00020
Curtobacterium sp. TC1	2862880	S	2066	1656	3722	0.00021
Curtobacterium sp. 24E2	2804758	S	1962	1672	3634	0.00021
Curtobacterium sp. SGAir0471	2070337	S	1473	2304	3777	0.00021
Curtobacterium sp. TXMA1	2876939	S	1444	2349	3793	0.00021
Curtobacterium flaccumfaciens	2035	S	4729	2166	6895	0.00039
Curtobacterium luteum	33881	S	2923	1014	3937	0.00022
Rathayibacter sp. VKM Ac-2759	2609252	S	3980	1468	5448	0.00031
Rathayibacter sp. VKM Ac-2760	2609253	S	3357	2013	5370	0.00030
Rathayibacter sp. VKM Ac-2804	2609257	S	2442	2064	4506	0.00026
Rathayibacter sp. VKM Ac-2801	2609255	S	1499	2793	4292	0.00024
Rathayibacter festucae	110937	S	3746	3916	7662	0.00043
Rathayibacter tanaceti	1671680	S	2220	563	2783	0.00016
Rathayibacter tritici	33888	S	1446	447	1893	0.00011
Rathayibacter iranicus	59737	S	1399	191	1590	0.00009
Rathayibacter rathayi	33887	S	1253	343	1596	0.00009
Clavibacter michiganensis	28447	S	16792	14887	31679	0.00179
Clavibacter zhangzhiyongii	2768071	S	2229	1103	3332	0.00019
Clavibacter sp. A6099	2860285	S	1215	831	2046	0.00012
Leucobacter sp. H25R-14	2932245	S	2792	2351	5143	0.00029
Leucobacter sp. NB 10	2873270	S	2428	1285	3713	0.00021
Leucobacter sp. Psy1	2875729	S	2017	590	2607	0.00015
Leucobacter sp. CX169	2813744	S	1681	688	2369	0.00013
Leucobacter muris	1935379	S	2933	1088	4021	0.00023
Leucobacter triazinivorans	1784719	S	2788	1761	4549	0.00026
Leucobacter luti	340320	S	1029	103	1132	0.00006
Leifsonia sp. ZF2019	2781978	S	3916	1083	4999	0.00028
Leifsonia sp. PS1209	2724914	S	3530	969	4499	0.00025
Leifsonia sp. 21MFCrub1.1	1798223	S	3453	4504	7957	0.00045
Leifsonia shinshuensis	150026	S	5003	1355	6358	0.00036
Leifsonia xyli	1575	S	2758	372	3130	0.00018
Agrococcus sp. SCSIO52902	2933290	S	4418	2091	6509	0.00037
Agrococcus sp. SGAir0287	2070347	S	4101	1193	5294	0.00030
Agrococcus sp. Marseille-Q4369	2810513	S	3779	1275	5054	0.00029
Agrococcus jejuensis	399736	S	4598	1401	5999	0.00034
Agrococcus carbonis	684552	S	4137	1826	5963	0.00034
Protaetiibacter intestinalis	2419774	S	3662	1282	4944	0.00028
Protaetiibacter sp. SSC-01	2759943	S	3632	1310	4942	0.00028
Protaetiibacter larvae	2592654	S	2619	815	3434	0.00019
Salinibacterium sp. ZJ450	2708338	S	2541	404	2945	0.00017
Salinibacterium sp. ZJ70	2708084	S	2335	598	2933	0.00017
Salinibacterium sp. dk2585	2603292	S	1731	312	2043	0.00012
Cryobacterium sp. LW097	1978566	S	2032	441	2473	0.00014
Cryobacterium sp. PAMC25264	2861288	S	1198	709	1907	0.00011
Cryobacterium soli	2220095	S	1817	921	2738	0.00015
Cryobacterium arcticum	670052	S	1388	1018	2406	0.00014
Frondihabitans sp. PAMC 28766	1795630	S	3545	473	4018	0.00023
Frondihabitans sp. 762G35	1446794	S	3182	666	3848	0.00022
Plantibacter sp. PA-3-X8	2480625	S	1223	1087	2310	0.00013
Plantibacter sp. M259	2583822	S	1134	976	2110	0.00012
Plantibacter flavus	150123	S	1327	1070	2397	0.00014
Microterricola viridarii	412690	S	5737	1421	7158	0.00041
Microcella flavibacter	1804990	S	3355	1568	4923	0.00028
Microcella alkaliphila	279828	S	2002	341	2343	0.00013
Cnuibacter physcomitrellae	1619308	S	4328	934	5262	0.00030
Herbiconiux sp. SALV-R1	2735133	S	4052	811	4863	0.00028
Frigoribacterium sp. NBH87	2596916	S	4035	1182	5217	0.00030
Gryllotalpicola protaetiae	2419771	S	3915	761	4676	0.00026
Mycetocola sp. JXN-3	2116510	S	1375	209	1584	0.00009
Mycetocola zhujimingii	2079792	S	1233	153	1386	0.00008
Mycetocola spongiae	2859226	S	1155	157	1312	0.00007
Subtercola sp. AK-R2A1-2	2895559	S	2147	200	2347	0.00013
Subtercola sp. PAMC28395	2846775	S	1287	128	1415	0.00008
Humibacter sp. WJ7-1	2599293	S	3362	729	4091	0.00023
Amnibacterium sp. L3-i23	2905871	S	2875	687	3562	0.00020
Marisediminicola antarctica	674079	S	2598	327	2925	0.00017
Gulosibacter sediminis	1729695	S	2429	681	3110	0.00018
Diaminobutyricimonas sp. LJ205	2683590	S	2135	401	2536	0.00014
Glaciihabitans sp. INWT7	2596912	S	1873	150	2023	0.00011
Agreia sp. COWG	2773266	S	1781	221	2002	0.00011
Arthrobacter sp. FW305-BF8	2879617	S	42304	11789	54093	0.00306
Arthrobacter sp. QXT-31	1357915	S	40099	11530	51629	0.00292
Arthrobacter sp. NicSoilC5	2831000	S	16374	7845	24219	0.00137
Arthrobacter sp. NicSoilB8	2830998	S	5786	1513	7299	0.00041
Arthrobacter sp. PM3	2017685	S	5592	792	6384	0.00036
Arthrobacter sp. 24S4-2	2575374	S	4446	1005	5451	0.00031
Arthrobacter sp. KBS0702	2578107	S	3762	1508	5270	0.00030
Arthrobacter sp. UKPF54-2	2600159	S	3738	1585	5323	0.00030
Arthrobacter sp. NicSoilB4	2830997	S	3494	1106	4600	0.00026
Arthrobacter sp. FB24	290399	S	3477	1017	4494	0.00025
Arthrobacter sp. U41	1849032	S	3471	977	4448	0.00025
Arthrobacter sp. PAMC25564	2565366	S	3461	955	4416	0.00025
Arthrobacter sp. PGP41	2079227	S	3041	933	3974	0.00022
Arthrobacter sp. QL17	2895818	S	3033	713	3746	0.00021
Arthrobacter sp. NtRootA1	2830983	S	2829	826	3655	0.00021
Arthrobacter sp. FW306-2-2C-D06B	2879618	S	2723	554	3277	0.00019
Arthrobacter sp. PAMC25284	2861279	S	2418	654	3072	0.00017
Arthrobacter sp. ERGS1:01	1704044	S	2248	458	2706	0.00015
Arthrobacter sp. FW306-06-A	2879621	S	1808	5740	7548	0.00043
Arthrobacter sp. StoSoilB5	2830992	S	1562	441	2003	0.00011
Arthrobacter sp. Helios	2828862	S	1561	272	1833	0.00010
Arthrobacter sp. StoSoilB20	2830995	S	1385	364	1749	0.00010
Arthrobacter sp. PAMC 25486	1494608	S	1237	219	1456	0.00008
Arthrobacter sp. zg-Y462	2886936	S	1233	269	1502	0.00009
Arthrobacter sp. NicSoilB11	2830999	S	1186	4246	5432	0.00031
Arthrobacter sp. zg-Y809	2886940	S	1170	422	1592	0.00009
Arthrobacter sp. FW306-07-I	2879622	S	1145	5792	6937	0.00039
Arthrobacter sp. FW306-05-C	2879620	S	1119	5330	6449	0.00037
Arthrobacter sp. StoSoilB19	2830994	S	1060	4351	5411	0.00031
Arthrobacter agilis	37921	S	4621	654	5275	0.00030
Arthrobacter crystallopoietes	37928	S	3381	633	4014	0.00023
Arthrobacter woluwensis	156980	S	2412	554	2966	0.00017
Arthrobacter sulfonylureivorans	2486855	S	2061	333	2394	0.00014
Arthrobacter dokdonellae	2211210	S	2038	364	2402	0.00014
Arthrobacter alpinus	656366	S	1517	2142	3659	0.00021
Arthrobacter jiangjiafuii	2817475	S	1330	376	1706	0.00010
Pseudarthrobacter sp. BIM B-2242	2772401	S	2571	619	3190	0.00018
Pseudarthrobacter sp. L1SW	2851598	S	2411	834	3245	0.00018
Pseudarthrobacter sp. NIBRBAC000502771	2590774	S	1422	4598	6020	0.00034
Pseudarthrobacter sp. NBSH8	2596911	S	1402	502	1904	0.00011
Pseudarthrobacter sp. NIBRBAC000502772	2590775	S	1401	946	2347	0.00013
Pseudarthrobacter sp. NIBRBAC000502770	2590785	S	1374	3867	5241	0.00030
Pseudarthrobacter sp. SSS035	2931399	S	1225	1008	2233	0.00013
Pseudarthrobacter equi	728066	S	3613	1325	4938	0.00028
Pseudarthrobacter chlorophenolicus	85085	S	3492	1202	4694	0.00027
Pseudarthrobacter phenanthrenivorans	361575	S	2362	974	3336	0.00019
Pseudarthrobacter psychrotolerans	2697569	S	1765	661	2426	0.00014
Pseudarthrobacter sulfonivorans	121292	S	1055	1050	2105	0.00012
Kocuria rosea	1275	S	4291	1385	5676	0.00032
Kocuria flava	446860	S	3724	1772	5496	0.00031
Kocuria turfanensis	388357	S	3463	1242	4705	0.00027
Kocuria palustris	71999	S	2351	868	3219	0.00018
Kocuria rhizophila	72000	S	1804	3299	5103	0.00029
Kocuria varians	1272	S	1534	1060	2594	0.00015
Micrococcus luteus	1270	S	5186	9044	14230	0.00081
Micrococcus sp. KD337-16	2856555	S	2140	1187	3327	0.00019
Sinomonas atrocyanea	37927	S	5637	1704	7341	0.00042
Sinomonas sp. R1AF57	2020377	S	4227	881	5108	0.00029
Glutamicibacter protophormiae	37930	S	1381	1908	3289	0.00019
Glutamicibacter creatinolyticus	162496	S	1358	510	1868	0.00011
Paenarthrobacter ureafaciens	37931	S	1637	3866	5503	0.00031
Paenarthrobacter aurescens	43663	S	1299	900	2199	0.00012
Rothia kristinae	37923	S	2562	1432	3994	0.00023
Citricoccus sp. SGAir0253	2567881	S	3419	875	4294	0.00024
Nesterenkonia sp. NBAIMH1	2600320	S	1203	78	1281	0.00007
Janibacter melonis	262209	S	7864	2730	10594	0.00060
Janibacter limosus	53458	S	5195	1409	6604	0.00037
Janibacter indicus	857417	S	2628	4186	6814	0.00039
Janibacter sp. YB324	2761047	S	1478	3225	4703	0.00027
Phycicoccus sp. HDW14	2714941	S	11853	4038	15891	0.00090
Phycicoccus endophyticus	1690220	S	7982	2426	10408	0.00059
Pedococcus dokdonensis	443156	S	19428	5987	25415	0.00144
Intrasporangium calvum	53358	S	16858	4467	21325	0.00121
Tetrasphaera sp. HKS02	1813880	S	14166	3877	18043	0.00102
Arsenicicoccus sp. oral taxon 190	1658671	S	6576	2532	9108	0.00052
Cellulomonas sp. Y8	2591145	S	6860	2979	9839	0.00056
Cellulomonas sp. H30R-01	2704467	S	6736	2638	9374	0.00053
Cellulomonas sp. C5510	2871170	S	5548	2237	7785	0.00044
Cellulomonas sp. JZ18	2654191	S	5439	2338	7777	0.00044
Cellulomonas sp. zg-ZUI188	2819978	S	5398	1515	6913	0.00039
Cellulomonas sp. zg-ZUI222	2816956	S	4746	1804	6550	0.00037
Cellulomonas sp. zg-ZUI157	2819979	S	4627	1605	6232	0.00035
Cellulomonas sp. EW123	2608402	S	4378	2573	6951	0.00039
Cellulomonas sp. PSBB021	2003551	S	3964	3109	7073	0.00040
Cellulomonas fimi	1708	S	6200	4945	11145	0.00063
Cellulomonas shaoxiangyii	2566013	S	5185	2154	7339	0.00042
Cellulomonas iranensis	76862	S	5161	2406	7567	0.00043
Cellulomonas flavigena	1711	S	4872	1835	6707	0.00038
Cellulomonas gilvus	11	S	4505	1960	6465	0.00037
Cellulomonas taurus	2729175	S	3357	1094	4451	0.00025
Actinotalea sp. JY-7876	2758442	S	5653	2022	7675	0.00043
Oerskovia sp. KBS0722	1179673	S	4555	1462	6017	0.00034
Pseudactinotalea sp. HY158	2654547	S	3891	577	4468	0.00025
Paraoerskovia marina	545619	S	2950	775	3725	0.00021
Cellulosimicrobium cellulans	1710	S	11045	14375	25420	0.00144
Cellulosimicrobium sp. BI34T	2587808	S	4355	2624	6979	0.00040
Xylanimonas protaetiae	2509457	S	4830	2128	6958	0.00039
Xylanimonas allomyrinae	2509459	S	4190	1337	5527	0.00031
Xylanimonas cellulosilytica	186189	S	4100	1475	5575	0.00032
Isoptericola variabilis	139208	S	5472	2890	8362	0.00047
Isoptericola dokdonensis	372663	S	4986	1963	6949	0.00039
Ornithinimicrobium avium	2283195	S	5935	1579	7514	0.00043
Ornithinimicrobium sp. HY006	2508882	S	4201	1422	5623	0.00032
Ornithinimicrobium flavum	1288636	S	4758	1545	6303	0.00036
Ornithinimicrobium ciconiae	2594265	S	3541	559	4100	0.00023
Ornithinimicrobium pratense	2593973	S	2867	830	3697	0.00021
Serinicoccus chungangensis	767452	S	4425	1479	5904	0.00033
Serinicoccus hydrothermalis	1758689	S	4315	1882	6197	0.00035
Serinicoccus profundi	1078471	S	3884	1374	5258	0.00030
Serinicoccus marinus	247333	S	3584	1629	5213	0.00030
Brachybacterium sp. CBA3105	2887346	S	4045	904	4949	0.00028
Brachybacterium sp. SGAir0954	2571029	S	3905	1047	4952	0.00028
Brachybacterium sp. P6-10-X1	1903186	S	3241	547	3788	0.00021
Brachybacterium saurashtrense	556288	S	3294	896	4190	0.00024
Brachybacterium ginsengisoli	1331682	S	3179	887	4066	0.00023
Brachybacterium faecium	43669	S	2899	838	3737	0.00021
Brachybacterium vulturis	2017484	S	2425	829	3254	0.00018
Brachybacterium avium	2017485	S	1935	658	2593	0.00015
Brevibacterium sp. CS2	2575923	S	3357	1346	4703	0.00027
Brevibacterium sp. SMBL_HHYL_HB1	2777556	S	1621	476	2097	0.00012
Brevibacterium casei	33889	S	3839	3966	7805	0.00044
Brevibacterium luteolum	199591	S	1974	791	2765	0.00016
Brevibacterium linens	1703	S	1894	1921	3815	0.00022
Brevibacterium atlanticum	2697563	S	1289	421	1710	0.00010
Brevibacterium aurantiacum	273384	S	1234	1099	2333	0.00013
Brevibacterium oceani	358099	S	1170	414	1584	0.00009
Brevibacterium sandarakinum	629680	S	1014	285	1299	0.00007
Dermacoccus nishinomiyaensis	1274	S	4242	1831	6073	0.00034
Dermacoccus sp. PAMC28757	2762331	S	2996	1108	4104	0.00023
Luteipulveratus mongoliensis	571913	S	6337	900	7237	0.00041
Allobranchiibius sp. GilTou73	2904523	S	4957	1105	6062	0.00034
Yimella sp. cx-51	2770551	S	2828	581	3409	0.00019
Georgenia sp. TF02-10	2917725	S	5485	1979	7464	0.00042
Georgenia yuyongxinii	2589797	S	5189	1281	6470	0.00037
Georgenia wutianyii	2585135	S	5039	1745	6784	0.00038
Georgenia faecalis	2483799	S	4536	1238	5774	0.00033
Haloactinobacterium kanbiaonis	2675754	S	5807	847	6654	0.00038
Ruania sp. LR1S40	2897774	S	3096	651	3747	0.00021
Ruania sp. M4N3S171	2897773	S	1988	288	2276	0.00013
Ruania zhangjianzhongii	2603206	S	3182	325	3507	0.00020
Ruania alkalisoli	2779775	S	2354	411	2765	0.00016
Pengzhenrongella sicca	2819238	S	6662	1871	8533	0.00048
Luteimicrobium xylanilyticum	1133546	S	5658	1735	7393	0.00042
Beutenbergia cavernae	84757	S	6897	1143	8040	0.00046
Miniimonas sp. S16	2171623	S	4626	2361	6987	0.00040
Sanguibacter keddieii	60920	S	4440	1329	5769	0.00033
Sanguibacter sp. HDW7	2714931	S	3931	1236	5167	0.00029
Gephyromycinifex aptenodytis	2716227	S	2039	251	2290	0.00013
Austwickia chelonae	100225	S	1468	121	1589	0.00009
Kytococcus sedentarius	1276	S	3716	1897	5613	0.00032
Demequina sp. TMPB413	2881056	S	1271	100	1371	0.00008
Mycolicibacterium litorale	758802	S	7861	2187	10048	0.00057
Mycolicibacterium rhodesiae	36814	S	6177	1028	7205	0.00041
Mycolicibacterium sp. YH-1	2908837	S	4288	2292	6580	0.00037
Mycolicibacterium smegmatis	1772	S	5873	2805	8678	0.00049
Mycolicibacterium fortuitum	1766	S	5192	1945	7137	0.00040
Mycolicibacterium rutilum	370526	S	5029	1501	6530	0.00037
Mycolicibacterium madagascariense	212765	S	5020	729	5749	0.00033
Mycolicibacterium sediminis	1286180	S	4980	879	5859	0.00033
Mycolicibacterium arabiense	1286181	S	4922	730	5652	0.00032
Mycolicibacterium neoaurum	1795	S	4868	1142	6010	0.00034
Mycolicibacterium phlei	1771	S	4727	1582	6309	0.00036
Mycolicibacterium mageritense	53462	S	4718	807	5525	0.00031
Mycolicibacterium gadium	1794	S	4711	659	5370	0.00030
Mycolicibacterium fluoranthenivorans	258505	S	4708	598	5306	0.00030
Mycolicibacterium chubuense	1800	S	4596	1037	5633	0.00032
Mycolicibacterium moriokaense	39691	S	4486	545	5031	0.00028
Mycolicibacterium psychrotolerans	216929	S	4401	979	5380	0.00030
Mycolicibacterium vaccae	1810	S	4301	842	5143	0.00029
Mycolicibacterium parafortuitum	39692	S	4232	827	5059	0.00029
Mycolicibacterium aichiense	1799	S	4185	720	4905	0.00028
Mycolicibacterium hassiacum	46351	S	4110	1123	5233	0.00030
Mycolicibacterium chitae	1792	S	4020	943	4963	0.00028
Mycolicibacterium pulveris	36813	S	3916	651	4567	0.00026
Mycolicibacterium boenickei	146017	S	3820	6094	9914	0.00056
Mycolicibacterium monacense	85693	S	3785	1509	5294	0.00030
Mycolicibacterium duvalii	39688	S	3720	725	4445	0.00025
Mycolicibacterium aurum	1791	S	3711	478	4189	0.00024
Mycolicibacterium tokaiense	39695	S	3664	572	4236	0.00024
Mycolicibacterium celeriflavum	1249101	S	3664	717	4381	0.00025
Mycolicibacterium gilvum	1804	S	3583	1374	4957	0.00028
Mycolicibacterium poriferae	39694	S	3520	752	4272	0.00024
Mycolicibacterium phocaicum	319706	S	3505	2013	5518	0.00031
Mycolicibacterium thermoresistibile	1797	S	3416	749	4165	0.00024
Mycolicibacterium baixiangningiae	2761578	S	3401	551	3952	0.00022
Mycolicibacterium alvei	67081	S	3396	976	4372	0.00025
Mycolicibacterium confluentis	28047	S	3227	476	3703	0.00021
Mycolicibacterium septicum	98668	S	3213	2524	5737	0.00032
Mycolicibacterium helvum	1534349	S	3201	388	3589	0.00020
Mycolicibacterium fallax	1793	S	3191	1237	4428	0.00025
Mycolicibacterium mengxianglii	2736649	S	2843	300	3143	0.00018
Mycolicibacterium anyangense	1431246	S	2825	452	3277	0.00019
Mycolicibacterium insubricum	444597	S	2752	761	3513	0.00020
Mycolicibacterium austroafricanum	39687	S	2747	13055	15802	0.00089
Mycolicibacterium sarraceniae	1534348	S	2346	307	2653	0.00015
Mycolicibacterium mucogenicum	56689	S	2301	1029	3330	0.00019
Mycobacterium doricum	126673	S	2267	538	2805	0.00016
Mycolicibacterium farcinogenes	1802	S	1253	4504	5757	0.00033
Mycobacterium sp. JS623	212767	S	13990	1782	15772	0.00089
Mycobacterium sp. EPa45	1545728	S	5153	1754	6907	0.00039
Mycobacterium sp. IDR2000157661	2867005	S	3800	1105	4905	0.00028
Mycobacterium sp. YC-RL4	1682113	S	3574	1508	5082	0.00029
Mycobacterium sp. DL440	2675523	S	3301	955	4256	0.00024
Mycobacterium sp. DL592	2675524	S	2999	791	3790	0.00021
Mycobacterium sp. MS1601	1936029	S	2966	514	3480	0.00020
Mycobacterium sp. TY59	2775496	S	2126	884	3010	0.00017
Mycobacterium saskatchewanense	220927	S	3481	649	4130	0.00023
Mycobacterium parmense	185642	S	3292	669	3961	0.00022
Mycobacterium kubicae	120959	S	2952	557	3509	0.00020
Mycobacterium shigaense	722731	S	2545	351	2896	0.00016
Mycobacterium stomatepiae	470076	S	2384	446	2830	0.00016
Mycobacterium florentinum	292462	S	2340	486	2826	0.00016
Mycobacterium simiae	1784	S	2328	194	2522	0.00014
Mycobacterium lentiflavum	141349	S	2240	505	2745	0.00016
Mycobacterium heidelbergense	53376	S	2209	555	2764	0.00016
Mycobacterium avium	1764	S	5102	4702	9804	0.00055
Mycobacterium intracellulare	1767	S	2684	20508	23192	0.00131
Mycobacterium colombiense	339268	S	2553	467	3020	0.00017
Mycobacterium mantenii	560555	S	2473	322	2795	0.00016
Mycobacterium marseillense	701042	S	2405	623	3028	0.00017
Mycobacterium frederiksbergense	117567	S	7307	2281	9588	0.00054
Mycobacterium rufum	318424	S	7025	2044	9069	0.00051
Mycobacterium grossiae	1552759	S	5119	1476	6595	0.00037
Mycobacterium dioxanotrophicus	482462	S	4180	1015	5195	0.00029
Mycobacterium holsaticum	152142	S	3863	600	4463	0.00025
Mycobacterium conspicuum	44010	S	3597	461	4058	0.00023
Mycobacterium paragordonae	1389713	S	3431	440	3871	0.00022
Mycobacterium goodii	134601	S	3235	1192	4427	0.00025
Mycobacterium branderi	43348	S	3178	389	3567	0.00020
Mycobacterium canettii	78331	S	1060	2283	3343	0.00019
Mycobacterium diernhoferi	1801	S	3104	599	3703	0.00021
Mycobacterium gordonae	1778	S	2791	239	3030	0.00017
Mycobacterium cookii	1775	S	2690	264	2954	0.00017
Mycobacterium crocinum	388459	S	2637	1823	4460	0.00025
Mycobacterium paraterrae	577492	S	2434	271	2705	0.00015
Mycobacterium riyadhense	486698	S	2355	101	2456	0.00014
Mycobacterium paraseoulense	590652	S	2310	546	2856	0.00016
Mycobacterium lacus	169765	S	2269	170	2439	0.00014
Mycobacterium koreense	1069220	S	2229	640	2869	0.00016
Mycobacterium heckeshornense	110505	S	2185	186	2371	0.00013
Mycobacterium shinjukuense	398694	S	2132	224	2356	0.00013
Mycobacterium vicinigordonae	1719132	S	2130	114	2244	0.00013
Mycobacterium noviomagense	459858	S	2112	168	2280	0.00013
Mycobacterium kansasii	1768	S	2080	15437	17517	0.00099
Mycobacterium malmoense	1780	S	2043	346	2389	0.00014
Mycobacterium ostraviense	2738409	S	1992	240	2232	0.00013
Mycobacterium seoulense	386911	S	1956	532	2488	0.00014
Mycobacterium xenopi	1789	S	1835	238	2073	0.00012
Mycobacterium virginiense	1795032	S	1823	495	2318	0.00013
Mycobacterium basiliense	2094119	S	1777	64	1841	0.00010
Mycobacterium spongiae	886343	S	1527	42	1569	0.00009
Mycobacterium haemophilum	29311	S	1146	58	1204	0.00007
Mycolicibacter sp. MYC340	2855503	S	1762	721	2483	0.00014
Mycolicibacter sp. MYC098	2872309	S	1570	678	2248	0.00013
Mycolicibacter sp. MYC017	2875777	S	1023	2198	3221	0.00018
Mycolicibacter terrae	1788	S	2033	673	2706	0.00015
Mycolicibacter hiberniae	29314	S	2031	444	2475	0.00014
Mycolicibacter minnesotensis	1118379	S	1358	245	1603	0.00009
Mycobacteroides abscessus	36809	S	3279	2985	6264	0.00035
Mycobacteroides chelonae	1774	S	2080	1242	3322	0.00019
Mycobacteroides saopaulense	1578165	S	1307	177	1484	0.00008
Mycobacteroides immunogenum	83262	S	1253	270	1523	0.00009
Mycobacteroides salmoniphilum	404941	S	1079	113	1192	0.00007
Mycolicibacillus parakoreensis	1069221	S	2651	773	3424	0.00019
Hoyosella subflava	639313	S	1145	65	1210	0.00007
Rhodococcus sp. X156	2499145	S	4605	1515	6120	0.00035
Rhodococcus sp. MTM3W5.2	1805827	S	4140	979	5119	0.00029
Rhodococcus sp. SGAir0479	2567884	S	3619	1099	4718	0.00027
Rhodococcus sp. W8901	2742603	S	3519	960	4479	0.00025
Rhodococcus sp. PBTS 1	1653478	S	3403	856	4259	0.00024
Rhodococcus sp. ABRD24	2507582	S	2264	415	2679	0.00015
Rhodococcus sp. R79	2811421	S	2231	2385	4616	0.00026
Rhodococcus sp. USK10	2789739	S	1987	2246	4233	0.00024
Rhodococcus sp. P1Y	1302308	S	1644	159	1803	0.00010
Rhodococcus sp. B7740	1564114	S	1613	247	1860	0.00011
Rhodococcus sp. WMMA185	679318	S	1390	183	1573	0.00009
Rhodococcus sp. USK13	2806442	S	1177	1491	2668	0.00015
Rhodococcus sp. WAY2	2663121	S	1171	1846	3017	0.00017
Rhodococcus opacus	37919	S	11991	19450	31441	0.00178
Rhodococcus equi	43767	S	5701	2040	7741	0.00044
Rhodococcus fascians	1828	S	4727	1094	5821	0.00033
Rhodococcus rhodochrous	1829	S	3286	2603	5889	0.00033
Rhodococcus koreensis	99653	S	2801	1227	4028	0.00023
Rhodococcus triatomae	300028	S	2800	782	3582	0.00020
Rhodococcus coprophilus	38310	S	2278	398	2676	0.00015
Rhodococcus jostii	132919	S	2102	1318	3420	0.00019
Rhodococcus pyridinivorans	103816	S	1826	10481	12307	0.00070
Rhodococcus ruber	1830	S	1653	8130	9783	0.00055
Rhodococcus globerulus	33008	S	1452	186	1638	0.00009
Nocardia asteroides	1824	S	20260	6592	26852	0.00152
Nocardia brasiliensis	37326	S	12560	3274	15834	0.00090
Nocardia terpenica	455432	S	7882	1354	9236	0.00052
Nocardia cyriacigeorgica	135487	S	7836	3203	11039	0.00062
Nocardia farcinica	37329	S	6442	3787	10229	0.00058
Nocardia arthritidis	228602	S	5113	618	5731	0.00032
Nocardia nova	37330	S	5039	684	5723	0.00032
Nocardia wallacei	480035	S	4786	1303	6089	0.00034
Nocardia sp. CS682	1047172	S	4265	974	5239	0.00030
Nocardia huaxiensis	2755382	S	4255	808	5063	0.00029
Nocardia yamanashiensis	209247	S	4139	797	4936	0.00028
Nocardia yunnanensis	2382165	S	4076	952	5028	0.00028
Nocardia tengchongensis	2055889	S	4052	971	5023	0.00028
Nocardia gipuzkoensis	2749991	S	4052	1415	5467	0.00031
Nocardia iowensis	204891	S	3886	807	4693	0.00027
Nocardia otitidiscaviarum	1823	S	3875	737	4612	0.00026
Nocardia mangyaensis	2213200	S	3873	980	4853	0.00027
Nocardia seriolae	37332	S	3548	917	4465	0.00025
Corynebacterium cyclohexanicum	322009	S	4043	1404	5447	0.00031
Corynebacterium frankenforstense	1230998	S	2624	1017	3641	0.00021
Corynebacterium sphenisci	191493	S	2519	864	3383	0.00019
Corynebacterium xerosis	1725	S	2429	2042	4471	0.00025
Corynebacterium bovis	36808	S	2360	673	3033	0.00017
Corynebacterium halotolerans	225326	S	2042	743	2785	0.00016
Corynebacterium nuruki	1032851	S	1810	599	2409	0.00014
Corynebacterium freneyi	134034	S	1762	1327	3089	0.00017
Corynebacterium vitaeruminis	38305	S	1533	640	2173	0.00012
Corynebacterium humireducens	1223514	S	1486	713	2199	0.00012
Corynebacterium timonense	441500	S	1417	523	1940	0.00011
Corynebacterium maris	575200	S	1369	324	1693	0.00010
Corynebacterium doosanense	1121358	S	1331	819	2150	0.00012
Corynebacterium variabile	1727	S	1289	976	2265	0.00013
Corynebacterium marinum	349751	S	1252	984	2236	0.00013
Corynebacterium yudongzhengii	2080740	S	1207	397	1604	0.00009
Corynebacterium liangguodongii	2079535	S	1068	391	1459	0.00008
Corynebacterium mycetoides	38302	S	1042	1085	2127	0.00012
Corynebacterium uterequi	1072256	S	1020	232	1252	0.00007
Corynebacterium comes	2675218	S	1002	495	1497	0.00008
Gordonia sp. PP30	2935861	S	3224	1004	4228	0.00024
Gordonia sp. KTR9	337191	S	2493	1104	3597	0.00020
Gordonia sp. YC-JH1	2059875	S	2413	1775	4188	0.00024
Gordonia sp. PDNC005	2811424	S	1782	292	2074	0.00012
Gordonia polyisoprenivorans	84595	S	5534	1445	6979	0.00040
Gordonia terrae	2055	S	3951	6453	10404	0.00059
Gordonia insulae	2420509	S	3257	727	3984	0.00023
Gordonia bronchialis	2054	S	2941	1022	3963	0.00022
Gordonia amarae	36821	S	2897	648	3545	0.00020
Gordonia phthalatica	1136941	S	2895	1273	4168	0.00024
Gordonia jinghuaiqii	2758710	S	2755	669	3424	0.00019
Gordonia iterans	1004901	S	2587	909	3496	0.00020
Gordonia rubripertincta	36822	S	2362	3175	5537	0.00031
Gordonia pseudoamarae	2831662	S	2213	525	2738	0.00015
Gordonia otitidis	249058	S	2133	506	2639	0.00015
Gordonia zhaorongruii	2597659	S	1663	312	1975	0.00011
Skermania piniformis	39122	S	2797	326	3123	0.00018
Tsukamurella paurometabola	2061	S	5687	2649	8336	0.00047
Tsukamurella tyrosinosolvens	57704	S	4938	2085	7023	0.00040
Tsukamurella pulmonis	47312	S	3433	1169	4602	0.00026
Tsukamurella sp. PLM1	2929795	S	3320	1034	4354	0.00025
Dietzia sp. oral taxon 368	712270	S	1937	3306	5243	0.00030
Dietzia psychralcaliphila	139021	S	2134	591	2725	0.00015
Dietzia lutea	546160	S	2070	1141	3211	0.00018
Dietzia timorensis	499555	S	1684	885	2569	0.00015
Tomitella gaofuii	2760083	S	3287	985	4272	0.00024
Tomitella fengzijianii	2597660	S	2954	954	3908	0.00022
Segniliparus rotundus	286802	S	1627	91	1718	0.00010
Amycolatopsis sp. WQ 127309	2932773	S	17232	4560	21792	0.00123
Amycolatopsis sp. Hca4	2742131	S	15015	5171	20186	0.00114
Amycolatopsis sp. DSM 110486	2865832	S	13055	2519	15574	0.00088
Amycolatopsis sp. FDAARGOS 1241	2778070	S	10813	2292	13105	0.00074
Amycolatopsis sp. CA-230715	2745196	S	9526	1400	10926	0.00062
Amycolatopsis sp. YIM 10	2653857	S	8457	2345	10802	0.00061
Amycolatopsis sp. FU40	2914159	S	6415	2703	9118	0.00052
Amycolatopsis sp. AA4	1896961	S	5633	2760	8393	0.00048
Amycolatopsis sp. BJA-103	1911175	S	4925	1862	6787	0.00038
Amycolatopsis sp. TNS106	2861750	S	3947	2183	6130	0.00035
Amycolatopsis sp. EV170708-02-1	2919322	S	3221	2963	6184	0.00035
Amycolatopsis pretoriensis	218821	S	31640	9579	41219	0.00233
Amycolatopsis mediterranei	33910	S	14193	9159	23352	0.00132
Amycolatopsis acidiphila	715473	S	11264	2303	13567	0.00077
Amycolatopsis keratiniphila	129921	S	5045	3966	9011	0.00051
Amycolatopsis japonica	208439	S	2647	2382	5029	0.00028
Amycolatopsis thermalba	944492	S	7853	3105	10958	0.00062
Amycolatopsis methanolica	1814	S	7635	2855	10490	0.00059
Amycolatopsis albispora	1804986	S	7466	4015	11481	0.00065
Amycolatopsis aidingensis	2842453	S	6166	698	6864	0.00039
Amycolatopsis orientalis	31958	S	4971	1583	6554	0.00037
Pseudonocardia sp. DSM 110487	2865833	S	62771	8765	71536	0.00405
Pseudonocardia sp. CGMCC 4.1532	2761535	S	11890	6677	18567	0.00105
Pseudonocardia sp. HH130630-07	1690815	S	9058	6794	15852	0.00090
Pseudonocardia sp. AL041005-10	445576	S	7525	5485	13010	0.00074
Pseudonocardia sp. HH130629-09	1641402	S	6467	8096	14563	0.00082
Pseudonocardia broussonetiae	2736640	S	16693	5382	22075	0.00125
Pseudonocardia dioxanivorans	240495	S	16410	4244	20654	0.00117
Pseudonocardia autotrophica	2074	S	10044	2647	12691	0.00072
Pseudonocardia abyssalis	2792008	S	9342	4626	13968	0.00079
Saccharopolyspora gregorii	33914	S	16222	3212	19434	0.00110
Saccharopolyspora erythraea	1836	S	14272	4405	18677	0.00106
Saccharopolyspora spinosa	60894	S	3614	2027	5641	0.00032
Saccharopolyspora pogona	333966	S	3199	3110	6309	0.00036
Saccharopolyspora sp. ASAGF58	2719023	S	2329	2514	4843	0.00027
Saccharothrix syringae	103733	S	11959	3944	15903	0.00090
Saccharothrix sp. 6-C	2781735	S	11839	3822	15661	0.00089
Saccharothrix espanaensis	103731	S	9780	2751	12531	0.00071
Saccharomonospora marina	632569	S	4992	1118	6110	0.00035
Saccharomonospora azurea	40988	S	3853	1140	4993	0.00028
Saccharomonospora cyanea	40989	S	3325	1184	4509	0.00026
Saccharomonospora xinjiangensis	75294	S	2865	479	3344	0.00019
Saccharomonospora glauca	40990	S	2535	902	3437	0.00019
Saccharomonospora viridis	1852	S	2225	344	2569	0.00015
Kutzneria sp. CA-103260	2802641	S	11894	2493	14387	0.00081
Kutzneria albida	43357	S	8539	1901	10440	0.00059
Lentzea guizhouensis	1586287	S	18802	3845	22647	0.00128
Actinosynnema pretiosum	42197	S	4237	11245	15482	0.00088
Actinoalloteichus hoggarensis	1470176	S	4312	4341	8653	0.00049
Actinoalloteichus hymeniacidonis	340345	S	3093	1055	4148	0.00023
Allokutzneria albata	211114	S	9391	2181	11572	0.00065
Kibdelosporangium phytohabitans	860235	S	9177	1065	10242	0.00058
Alloactinosynnema sp. L-07	1653480	S	7380	1580	8960	0.00051
Prauserella marina	530584	S	4677	414	5091	0.00029
Allosaccharopolyspora coralli	2665642	S	3569	749	4318	0.00024
Micromonospora sp. WMMC415	2675222	S	6525	2255	8780	0.00050
Micromonospora sp. HM134	2583243	S	5208	2164	7372	0.00042
Micromonospora sp. WMMA2032	2039870	S	5109	3075	8184	0.00046
Micromonospora sp. B006	2201999	S	4323	3104	7427	0.00042
Micromonospora terminaliae	1914461	S	7712	3620	11332	0.00064
Micromonospora carbonacea	47853	S	7672	3171	10843	0.00061
Micromonospora inositola	47865	S	7140	3261	10401	0.00059
Micromonospora echinaurantiaca	47857	S	7115	3168	10283	0.00058
Micromonospora krabiensis	307121	S	7012	2231	9243	0.00052
Micromonospora echinofusca	47858	S	6661	2797	9458	0.00054
Micromonospora viridifaciens	1881	S	6150	2491	8641	0.00049
Micromonospora purpureochromogenes	47872	S	5943	2927	8870	0.00050
Micromonospora ferruginea	2749844	S	5939	3187	9126	0.00052
Micromonospora auratinigra	261654	S	5800	2836	8636	0.00049
Micromonospora coxensis	356852	S	5765	2960	8725	0.00049
Micromonospora siamensis	299152	S	5711	2541	8252	0.00047
Micromonospora coriariae	285665	S	5555	1841	7396	0.00042
Micromonospora echinospora	1877	S	5532	1793	7325	0.00041
Micromonospora narathiwatensis	299146	S	5273	2307	7580	0.00043
Micromonospora sagamiensis	47875	S	4967	1767	6734	0.00038
Micromonospora zamorensis	709883	S	4862	1454	6316	0.00036
Micromonospora endophytica (Xie et al. 2001) Li et al. 2019	515350	S	4763	1337	6100	0.00035
Micromonospora maris	1003110	S	4759	1335	6094	0.00034
Micromonospora rifamycinica	291594	S	4670	1962	6632	0.00038
Micromonospora chokoriensis	356851	S	4540	1370	5910	0.00033
Micromonospora craniellae	2294034	S	3847	2157	6004	0.00034
Micromonospora tulbaghiae	479978	S	3292	3348	6640	0.00038
Micromonospora aurantiaca	47850	S	2427	16392	18819	0.00107
Actinoplanes sp. L3-i22	2836373	S	16492	11227	27719	0.00157
Actinoplanes sp. N902-109	649831	S	11961	3433	15394	0.00087
Actinoplanes sp. OR16	946334	S	11415	5137	16552	0.00094
Actinoplanes friuliensis	196914	S	13106	2026	15132	0.00086
Actinoplanes ianthinogenes	122358	S	11966	4449	16415	0.00093
Actinoplanes missouriensis	1866	S	10089	3075	13164	0.00075
Actinoplanes teichomyceticus	1867	S	9348	3670	13018	0.00074
Actinoplanes derwentensis	113562	S	8947	1307	10254	0.00058
Couchioplanes caeruleus	56438	S	28000	6767	34767	0.00197
Phytohabitans suffuscus	624315	S	13073	3020	16093	0.00091
Phytohabitans flavus	1076124	S	10487	1864	12351	0.00070
Dactylosporangium vinaceum	53362	S	22350	2451	24801	0.00140
Actinocatenispora thailandica	227318	S	8496	2225	10721	0.00061
Actinocatenispora sera	390989	S	8275	2281	10556	0.00060
Plantactinospora sp. KBS50	2024580	S	7513	1780	9293	0.00053
Plantactinospora sp. BB1	2071627	S	1670	4591	6261	0.00035
Plantactinospora sp. BC1	2108470	S	1567	4353	5920	0.00034
Catellatospora sp. IY07-71	2728827	S	14040	3050	17090	0.00097
Polymorphospora rubra	338584	S	9328	1979	11307	0.00064
Natronosporangium hydrolyticum	2811111	S	5409	373	5782	0.00033
Verrucosispora sp. NA02020	2742132	S	4066	2817	6883	0.00039
Salinispora tropica	168695	S	3165	511	3676	0.00021
Actinomadura sp. WMMA1423	2591108	S	23206	6648	29854	0.00169
Actinomadura sp. NAK00032	2742128	S	15616	5314	20930	0.00118
Actinomadura sp. WMMB 499	1219491	S	11896	2782	14678	0.00083
Actinomadura madurae	1993	S	22991	6699	29690	0.00168
Actinomadura verrucosospora	46165	S	18401	5419	23820	0.00135
Actinomadura graeca	2750812	S	10696	2441	13137	0.00074
Thermomonospora amylolytica	1411117	S	8148	2995	11143	0.00063
Thermomonospora curvata	2020	S	5642	1689	7331	0.00041
Nonomuraea nitratireducens	2656914	S	15559	3450	19009	0.00108
Nonomuraea sp. ATCC 55076	1909395	S	14980	4997	19977	0.00113
Nonomuraea coxensis	404386	S	14945	4424	19369	0.00110
Nonomuraea gerenzanensis	93944	S	13331	4657	17988	0.00102
Streptosporangium roseum	2001	S	15539	4113	19652	0.00111
Streptosporangium sp. 'caverna'	2202249	S	11582	2418	14000	0.00079
Thermobispora bispora	2006	S	6911	1591	8502	0.00048
Nocardiopsis sp. MT53	2865672	S	6163	1458	7621	0.00043
Nocardiopsis sp. HDS12	2831968	S	2022	1654	3676	0.00021
Nocardiopsis gilva	280236	S	4763	963	5726	0.00032
Nocardiopsis alba	53437	S	3436	624	4060	0.00023
Nocardiopsis dassonvillei	2014	S	3418	3750	7168	0.00041
Thermobifida halotolerans	483545	S	3648	1104	4752	0.00027
Thermobifida alba	53522	S	3585	1314	4899	0.00028
Thermobifida fusca	2021	S	1968	322	2290	0.00013
Streptomonospora litoralis	2498135	S	5307	1048	6355	0.00036
Spiractinospora alimapuensis	2820884	S	3870	255	4125	0.00023
Blastococcus sp. PRF04-17	2933797	S	21687	7454	29141	0.00165
Blastococcus saxobsidens	138336	S	17396	5350	22746	0.00129
Modestobacter marinus	477641	S	18756	6550	25306	0.00143
Modestobacter sp. L9-4	2851567	S	11532	4448	15980	0.00090
Geodermatophilus obscurus	1861	S	19569	6589	26158	0.00148
Actinomyces sp. oral taxon 414	712122	S	2091	919	3010	0.00017
Actinomyces sp. MAS-1	2755559	S	1496	544	2040	0.00012
Actinomyces sp. Z16	2079536	S	1295	1364	2659	0.00015
Actinomyces sp. Chiba101	1851395	S	1158	1190	2348	0.00013
Actinomyces sp. 432	2057798	S	1021	695	1716	0.00010
Actinomyces radicidentis	111015	S	2720	1262	3982	0.00023
Actinomyces howellii	52771	S	2167	456	2623	0.00015
Actinomyces slackii	52774	S	1452	368	1820	0.00010
Actinomyces respiraculi	2744574	S	1445	621	2066	0.00012
Actinomyces procaprae	2560010	S	1247	998	2245	0.00013
Actinomyces viscosus	1656	S	1089	963	2052	0.00012
Actinomyces weissii	675090	S	1071	303	1374	0.00008
Actinomyces qiguomingii	2057800	S	1060	271	1331	0.00008
Actinomyces faecalis	2722820	S	1039	207	1246	0.00007
Schaalia sp. 19OD2882	2794089	S	1095	169	1264	0.00007
Schaalia odontolytica	1660	S	1387	411	1798	0.00010
Flaviflexus salsibiostraticola	1282737	S	1381	379	1760	0.00010
Trueperella pecoris	2733571	S	1000	351	1351	0.00008
Pauljensenia hongkongensis	178339	S	1264	449	1713	0.00010
Nanchangia anserum	2692125	S	1127	137	1264	0.00007
Frankia inefficax	298654	S	12732	1539	14271	0.00081
Frankia sp. QA3	710111	S	5597	2178	7775	0.00044
Frankia sp. ArI3	1858	S	4258	2599	6857	0.00039
Candidatus Frankia datiscae	2716812	S	4890	782	5672	0.00032
Frankia casuarinae	106370	S	4482	477	4959	0.00028
Frankia alni	1859	S	4395	2811	7206	0.00041
Jiangella sp. DSM 45060	1798224	S	12343	3563	15906	0.00090
Jiangella alkaliphila	419479	S	11428	3169	14597	0.00083
Nakamurella multipartita	53461	S	9227	1710	10937	0.00062
Nakamurella panacisegetis	1090615	S	4210	562	4772	0.00027
Nakamurella sp. PAMC28650	2762325	S	4207	432	4639	0.00026
Bifidobacterium choerinum	35760	S	1646	850	2496	0.00014
Bifidobacterium pseudolongum	1694	S	1640	812	2452	0.00014
Bifidobacterium scardovii	158787	S	1420	171	1591	0.00009
Bifidobacterium longum	216816	S	1378	4133	5511	0.00031
Catenulispora acidiphila	304895	S	10113	1462	11575	0.00066
Jatrophihabitans telluris	2038343	S	4285	383	4668	0.00026
Jatrophihabitans sp. GAS493	1907575	S	3946	381	4327	0.00024
Stackebrandtia nassauensis	283811	S	5546	509	6055	0.00034
Kineococcus radiotolerans	131568	S	6130	1693	7823	0.00044
Epidermidibacterium keratini	1891644	S	3748	1715	5463	0.00031
Actinopolyspora erythraea	414996	S	2902	297	3199	0.00018
Acidothermus cellulolyticus	28049	S	2156	120	2276	0.00013
Conexibacter sp. SYSU D00693	2812560	S	54365	13796	68161	0.00386
Conexibacter sp. S30A1	2937800	S	15324	1755	17079	0.00097
Conexibacter sp. DBS9H8	2937801	S	14991	1524	16515	0.00093
Conexibacter woesei	191495	S	61445	11621	73066	0.00414
Miltoncostaea oceani	2843216	S	18586	2981	21567	0.00122
Miltoncostaea marina	2843215	S	18347	4957	23304	0.00132
Baekduia soli	496014	S	57492	9770	67262	0.00381
Rubrobacter xylanophilus	49319	S	11227	1537	12764	0.00072
Rubrobacter marinus	2653852	S	7348	633	7981	0.00045
Rubrobacter tropicus	2653851	S	6287	459	6746	0.00038
Rubrobacter radiotolerans	42256	S	3643	457	4100	0.00023
Rubrobacter indicoceani	2051957	S	2099	160	2259	0.00013
Aquihabitans sp. Kera 3	2884263	S	13230	2110	15340	0.00087
Aquihabitans sp. G128	2849779	S	11696	2295	13991	0.00079
Iamia sp. SCSIO 61187	2722752	S	12452	1932	14384	0.00081
Actinomarinicola tropica	2789776	S	11779	2275	14054	0.00080
Ilumatobacter coccineus	467094	S	6558	420	6978	0.00039
Acidimicrobium ferrooxidans	53635	S	2534	211	2745	0.00016
Eggerthella lenta	84112	S	1989	1779	3768	0.00021
Eggerthella guodeyinii	2690837	S	1897	993	2890	0.00016
Gordonibacter urolithinfaciens	1335613	S	1029	1245	2274	0.00013
Arabiibacter massiliensis	1870985	S	2047	577	2624	0.00015
Raoultibacter timonensis	1907662	S	1094	112	1206	0.00007
Olsenella timonensis	1805478	S	1852	669	2521	0.00014
Parafannyhessea umbonata	604330	S	1236	814	2050	0.00012
Thermophilibacter immobilis	2779519	S	1196	546	1742	0.00010
Collinsella aerofaciens	74426	S	1683	1075	2758	0.00016
Collinsella stercoris	147206	S	1135	192	1327	0.00008
Egibacter rhizosphaerae	1670831	S	7414	442	7856	0.00044
Egicoccus halophilus	1670830	S	6699	1038	7737	0.00044
Euzebya pacifica	1608957	S	6375	531	6906	0.00039
Priestia megaterium	1404	S	34093	39620	73713	0.00417
[Brevibacterium] frigoritolerans	450367	S	1120	3167	4287	0.00024
Neobacillus drentensis	220684	S	3171	1910	5081	0.00029
Hydrogenibacillus sp. N12	2866627	S	2755	665	3420	0.00019
Anoxybacillus sediminis	2613334	S	1172	503	1675	0.00009
Paenibacillus sp. B01	2660554	S	3017	4584	7601	0.00043
Paenibacillus sp. RUD330	2023772	S	1626	625	2251	0.00013
Paenibacillus sp. 32O-W	1695218	S	1418	307	1725	0.00010
Paenibacillus sp. HWE-109	1306526	S	1185	411	1596	0.00009
Paenibacillus mucilaginosus	61624	S	2686	366	3052	0.00017
Paenibacillus albicereus	2726185	S	2544	3343	5887	0.00033
Paenibacillus lycopersici	2704462	S	2038	627	2665	0.00015
Paenibacillus rhizovicinus	2704463	S	1108	379	1487	0.00008
Paenibacillus konkukensis	2020716	S	1054	309	1363	0.00008
Brevibacillus marinus	2496837	S	1116	1119	2235	0.00013
Cohnella candidum	2674991	S	1440	345	1785	0.00010
Thermobacillus composti	377615	S	2399	603	3002	0.00017
Saccharibacillus brassicae	2583377	S	1689	335	2024	0.00011
Alicyclobacillus acidocaldarius	405212	S	3046	374	3420	0.00019
Tumebacillus avium	1903704	S	1588	944	2532	0.00014
Faecalibacterium prausnitzii	853	S	2229	4304	6533	0.00037
Flavonifractor plautii	292800	S	1463	853	2316	0.00013
Thermaerobacter sp. FW80	2546351	S	3526	878	4404	0.00025
Thermaerobacter sp. PB12/4term	2293838	S	2360	655	3015	0.00017
Thermaerobacter marianensis	73919	S	2928	739	3667	0.00021
Symbiobacterium thermophilum	2734	S	4010	449	4459	0.00025
Candidatus Desulforudis audaxviator	471827	S	1155	101	1256	0.00007
Heliomicrobium modesticaldum	35701	S	1018	761	1779	0.00010
Gelria sp. Kuro-4	2796927	S	1410	238	1648	0.00009
Selenomonas sputigena	69823	S	1310	628	1938	0.00011
Limnochorda pilosa	1555112	S	4071	217	4288	0.00024
Deinococcus sp. NW-56	2080419	S	2058	281	2339	0.00013
Deinococcus sp. TS-293	2737050	S	1962	202	2164	0.00012
Deinococcus sp. KNUC1210	2917691	S	1646	75	1721	0.00010
Deinococcus sp. AJ005	2652443	S	1200	100	1300	0.00007
Deinococcus maricopensis	309887	S	2825	274	3099	0.00018
Deinococcus gobiensis	502394	S	2744	373	3117	0.00018
Deinococcus actinosclerus	1768108	S	2671	1367	4038	0.00023
Deinococcus ficus	317577	S	2626	247	2873	0.00016
Deinococcus metallilatus	1211322	S	2573	286	2859	0.00016
Deinococcus irradiatisoli	2202254	S	1826	173	1999	0.00011
Deinococcus peraridilitoris	432329	S	1695	92	1787	0.00010
Deinococcus wulumuqiensis	980427	S	1663	557	2220	0.00013
Deinococcus radiopugnans	57497	S	1622	194	1816	0.00010
Deinococcus radiodurans	1299	S	1312	2567	3879	0.00022
Deinococcus geothermalis	68909	S	1203	175	1378	0.00008
Deinococcus soli (ex Cha et al. 2016)	1309411	S	1189	925	2114	0.00012
Thermus thermophilus	274	S	1502	2843	4345	0.00025
Oceanithermus profundus	187137	S	3716	457	4173	0.00024
Meiothermus silvanus	52022	S	1204	740	1944	0.00011
Marinithermus hydrothermalis	186192	S	2509	466	2975	0.00017
Truepera radiovictrix	332249	S	3137	192	3329	0.00019
Synechococcus sp. CBW1004	1353136	S	1525	2947	4472	0.00025
Synechococcus sp. RSCCF101	2511069	S	1185	505	1690	0.00010
Synechococcus sp. CBW1107	2789857	S	1120	1573	2693	0.00015
Cyanobium sp. NIES-981	1851505	S	1233	596	1829	0.00010
Cyanobium sp. NS01	261284	S	1013	554	1567	0.00009
Cyanobium gracile	59930	S	1668	520	2188	0.00012
Geitlerinema sp. PCC 7407	1173025	S	2029	1104	3133	0.00018
Leptolyngbya sp. 7M	2812896	S	1957	280	2237	0.00013
Gloeobacter kilaueensis	1416614	S	1922	92	2014	0.00011
Gloeobacter morelensis	2907343	S	1315	545	1860	0.00011
Gloeobacter violaceus	33072	S	1313	603	1916	0.00011
Sphaerobacter thermophilus	2057	S	8486	463	8949	0.00051
Thermomicrobium roseum	500	S	2215	38	2253	0.00013
Roseiflexus castenholzii	120962	S	3075	490	3565	0.00020
Roseiflexus sp. RS-1	357808	S	3022	392	3414	0.00019
Chloroflexus aurantiacus	1108	S	1058	118	1176	0.00007
Tepidiforma bonchosmolovskayae	2601677	S	6633	319	6952	0.00039
Candidatus Promineofilum breve	1806508	S	5380	125	5505	0.00031
Caldilinea aerophila	133453	S	2649	151	2800	0.00016
Anaerolinea thermophila	167964	S	1116	95	1211	0.00007
Pelolinea submarina	913107	S	1028	42	1070	0.00006
Ktedonosporobacter rubrisoli	2509675	S	1346	35	1381	0.00008
Thermobaculum terrenum	166501	S	1048	174	1222	0.00007
Fimbriimonas ginsengisoli	1005039	S	2992	20	3012	0.00017
Bradyrhizobium sp. 200	2782665	S	69307	15695	85002	0.00481
Bradyrhizobium sp. 170	2782641	S	66236	17191	83427	0.00472
Bradyrhizobium sp. CCBAU 051011	858422	S	30340	5456	35796	0.00203
Bradyrhizobium sp. 195	2782662	S	25883	9230	35113	0.00199
Bradyrhizobium sp. CCBAU 53351	1325114	S	17410	8347	25757	0.00146
Bradyrhizobium sp. CCBAU 51753	1325100	S	16401	3358	19759	0.00112
Bradyrhizobium sp. 186	2782654	S	12342	3369	15711	0.00089
Bradyrhizobium sp. SK17	2057741	S	11049	3447	14496	0.00082
Bradyrhizobium sp. A19	2898149	S	10667	1771	12438	0.00070
Bradyrhizobium sp. ORS 278	114615	S	10199	2265	12464	0.00071
Bradyrhizobium sp. BTAi1	288000	S	10055	1756	11811	0.00067
Bradyrhizobium sp. ORS 285	115808	S	9886	2168	12054	0.00068
Bradyrhizobium sp. CCBAU 53338	1325111	S	9069	3492	12561	0.00071
Bradyrhizobium sp. CCBAU 53421	1325120	S	9062	2744	11806	0.00067
Bradyrhizobium sp. CCBAU 53340	1325112	S	7843	2871	10714	0.00061
Bradyrhizobium sp. 1(2017)	1404888	S	7788	2360	10148	0.00057
Bradyrhizobium sp. 6(2017)	1197460	S	6970	3227	10197	0.00058
Bradyrhizobium sp. S2-11-2	2840472	S	6462	5425	11887	0.00067
Bradyrhizobium sp. CCGE-LA001	1223566	S	5552	1992	7544	0.00043
Bradyrhizobium sp. S2-20-1	2840469	S	5493	4949	10442	0.00059
Bradyrhizobium sp. 41S5	1404443	S	5220	3389	8609	0.00049
Bradyrhizobium sp. S2-11-4	2840473	S	5185	5153	10338	0.00059
Bradyrhizobium sp. 191	2782659	S	4481	4817	9298	0.00053
Bradyrhizobium sp. I71	2590772	S	4413	4216	8629	0.00049
Bradyrhizobium sp. CCBAU 51765	1325102	S	4278	4201	8479	0.00048
Bradyrhizobium sp. C-145	574727	S	3122	2920	6042	0.00034
Bradyrhizobium sp.	376	S	2508	7816	10324	0.00058
Bradyrhizobium sp. 144S4	2823807	S	2152	5230	7382	0.00042
Bradyrhizobium sp. 323S2	1404649	S	2005	4945	6950	0.00039
Bradyrhizobium sp. 40	2782674	S	1953	4893	6846	0.00039
Bradyrhizobium sp. 192	2782660	S	1943	4570	6513	0.00037
Bradyrhizobium sp. 4	2782678	S	1749	4940	6689	0.00038
Bradyrhizobium sp. LCT2	2493093	S	1025	2675	3700	0.00021
Bradyrhizobium erythrophlei	1437360	S	41982	3082	45064	0.00255
Bradyrhizobium diazoefficiens	1355477	S	32913	50554	83467	0.00472
Bradyrhizobium paxllaeri	190148	S	25042	4183	29225	0.00165
Bradyrhizobium icense	1274631	S	24073	3050	27123	0.00154
Bradyrhizobium lablabi	722472	S	14161	14544	28705	0.00162
Bradyrhizobium japonicum	375	S	14081	19037	33118	0.00187
Bradyrhizobium canariense	255045	S	11752	17205	28957	0.00164
Bradyrhizobium genosp. L	83637	S	11473	2102	13575	0.00077
Bradyrhizobium arachidis	858423	S	10474	2759	13233	0.00075
Bradyrhizobium oligotrophicum	44255	S	8760	1406	10166	0.00058
Bradyrhizobium genosp. B	83627	S	7797	1525	9322	0.00053
Bradyrhizobium symbiodeficiens	1404367	S	7700	10721	18421	0.00104
Bradyrhizobium cosmicum	1404864	S	7651	2291	9942	0.00056
Bradyrhizobium guangxiense	1325115	S	7322	2943	10265	0.00058
Bradyrhizobium quebecense	2748629	S	7292	3797	11089	0.00063
Bradyrhizobium guangdongense	1325090	S	7187	2504	9691	0.00055
Bradyrhizobium guangzhouense	1325095	S	6913	2427	9340	0.00053
Bradyrhizobium vignae	1549949	S	6741	1458	8199	0.00046
Bradyrhizobium septentrionale	1404411	S	6103	3422	9525	0.00054
Bradyrhizobium amphicarpaeae	1404768	S	5732	2191	7923	0.00045
Bradyrhizobium daqingense	993502	S	4692	2346	7038	0.00040
Bradyrhizobium betae	244734	S	4672	2332	7004	0.00040
Bradyrhizobium elkanii	29448	S	3152	9235	12387	0.00070
Bradyrhizobium zhanjiangense	1325107	S	2829	2627	5456	0.00031
Bradyrhizobium ottawaense	931866	S	1759	9934	11693	0.00066
Rhodopseudomonas palustris	1076	S	30309	11321	41630	0.00236
Rhodopseudomonas sp. SK50-23	340268	S	4405	791	5196	0.00029
Rhodopseudomonas boonkerdii	475937	S	4210	929	5139	0.00029
Tardiphaga sp. 37S4	1404741	S	3059	8527	11586	0.00066
Tardiphaga robiniae	943830	S	2983	1758	4741	0.00027
Nitrobacter hamburgensis	912	S	7884	1173	9057	0.00051
Nitrobacter winogradskyi	913	S	3874	601	4475	0.00025
Afipia sp. GAS231	1882747	S	6542	3451	9993	0.00057
Afipia carboxidovorans	40137	S	5158	1421	6579	0.00037
Variibacter gotjawalensis	1333996	S	8310	613	8923	0.00051
Mesorhizobium sp. B2-8-5	2589903	S	9616	3003	12619	0.00071
Mesorhizobium sp. J8	2777475	S	6717	2042	8759	0.00050
Mesorhizobium sp. 8	2584466	S	5718	1282	7000	0.00040
Mesorhizobium sp. M1B.F.Ca.ET.045.04.1.1	2493673	S	5388	1962	7350	0.00042
Mesorhizobium sp. M4B.F.Ca.ET.058.02.1.1	2493675	S	4597	1847	6444	0.00036
Mesorhizobium sp. M1E.F.Ca.ET.045.02.1.1	2493672	S	4535	2146	6681	0.00038
Mesorhizobium sp. 131-2-1	2744518	S	4417	2225	6642	0.00038
Mesorhizobium sp. M1D.F.Ca.ET.043.01.1.1	2493669	S	4361	2480	6841	0.00039
Mesorhizobium sp. B2-1-1	2589974	S	4268	923	5191	0.00029
Mesorhizobium sp. B1-1-8	2589976	S	4263	1006	5269	0.00030
Mesorhizobium sp. DCY119	2108445	S	4066	878	4944	0.00028
Mesorhizobium sp. M3A.F.Ca.ET.080.04.2.1	2493676	S	3962	1145	5107	0.00029
Mesorhizobium sp. M1A.F.Ca.IN.022.06.1.1	2493680	S	3875	1181	5056	0.00029
Mesorhizobium sp. Pch-S	2082387	S	3652	471	4123	0.00023
Mesorhizobium sp. M2A.F.Ca.ET.043.05.1.1	2493671	S	3634	2944	6578	0.00037
Mesorhizobium sp. INR15	2654248	S	3419	466	3885	0.00022
Mesorhizobium sp. PAMC28654	2880934	S	3281	582	3863	0.00022
Mesorhizobium sp. M9A.F.Ca.ET.002.03.1.2	2493668	S	2792	1224	4016	0.00023
Mesorhizobium sp. L-2-11	2744521	S	2787	1023	3810	0.00022
Mesorhizobium sp. M6A.T.Cr.TU.016.01.1.1	2493677	S	2621	842	3463	0.00020
Mesorhizobium sp. B4-1-4	2589888	S	2558	590	3148	0.00018
Mesorhizobium sp. B2-1-8	2589967	S	2528	741	3269	0.00019
Mesorhizobium sp. M7D.F.Ca.US.005.01.1.1	2493678	S	2389	801	3190	0.00018
Mesorhizobium sp. M8A.F.Ca.ET.057.01.1.1	2493679	S	2274	829	3103	0.00018
Mesorhizobium sp. NZP2077	2483404	S	2129	685	2814	0.00016
Mesorhizobium sp. 113-1-2	2744515	S	2019	980	2999	0.00017
Mesorhizobium sp. 113-3-3	2744516	S	2003	1076	3079	0.00017
Mesorhizobium sp. M7A.F.Ce.TU.012.03.2.1	2493681	S	1845	669	2514	0.00014
Mesorhizobium sp. M2A.F.Ca.ET.046.03.2.1	2493674	S	1776	4525	6301	0.00036
Mesorhizobium sp. M2A.F.Ca.ET.043.02.1.1	2493670	S	1698	4116	5814	0.00033
Mesorhizobium sp. L-8-10	2744523	S	1612	4875	6487	0.00037
Mesorhizobium sp. NBSH29	2654249	S	1553	104	1657	0.00009
Mesorhizobium sp. NZP2298	2483403	S	1506	882	2388	0.00014
Mesorhizobium sp. L-8-3	2744522	S	1501	4661	6162	0.00035
Mesorhizobium sp. 113-3-9	2744517	S	1491	1093	2584	0.00015
Mesorhizobium sp. AA22	1854057	S	1244	791	2035	0.00012
Mesorhizobium terrae	2725666	S	3835	1159	4994	0.00028
Mesorhizobium opportunistum	593909	S	3742	1510	5252	0.00030
Mesorhizobium amorphae	71433	S	3473	794	4267	0.00024
Mesorhizobium loti	381	S	2426	21300	23726	0.00134
Mesorhizobium australicum	536018	S	2155	674	2829	0.00016
Mesorhizobium huakuii	28104	S	2153	1580	3733	0.00021
Mesorhizobium ciceri	39645	S	2057	5401	7458	0.00042
Mesorhizobium erdmanii	1777866	S	1964	552	2516	0.00014
Mesorhizobium japonicum	2066070	S	1793	1319	3112	0.00018
Aquibium microcysteis	675281	S	6782	1831	8613	0.00049
Aquibium oceanicum	1670800	S	4752	1057	5809	0.00033
Aminobacter sp. MSH1	374606	S	3815	6416	10231	0.00058
Nitratireductor sp. SY7	2599600	S	4279	744	5023	0.00028
Nitratireductor sp. OM-1	1756988	S	2138	332	2470	0.00014
Nitratireductor kimnyeongensis	430679	S	1226	164	1390	0.00008
Phyllobacterium sp. T1018	555316	S	1595	266	1861	0.00011
Phyllobacterium zundukense	1867719	S	1693	234	1927	0.00011
Roseitalea porphyridii	1852022	S	3541	576	4117	0.00023
Hoeflea sp. IMCC20628	1620421	S	1433	131	1564	0.00009
Hoeflea phototrophica	244596	S	1391	156	1547	0.00009
Oricola thermophila	2742145	S	2575	341	2916	0.00017
Salaquimonas pukyongi	2712698	S	1010	44	1054	0.00006
Rhizobium sp. WYJ-E13	2849093	S	7873	1322	9195	0.00052
Rhizobium sp. BG4	2613770	S	3144	739	3883	0.00022
Rhizobium sp. NXC24	2048897	S	2103	438	2541	0.00014
Rhizobium sp. ACO-34A	1571470	S	1913	462	2375	0.00013
Rhizobium sp. WL3	2603277	S	1752	406	2158	0.00012
Rhizobium sp. SL42	2806346	S	1711	349	2060	0.00012
Rhizobium sp. AB2/73	2795216	S	1632	2337	3969	0.00022
Rhizobium sp. 11515TR	2028343	S	1594	1479	3073	0.00017
Rhizobium sp. NZLR1	2731096	S	1513	978	2491	0.00014
Rhizobium sp. CIAT894	2020312	S	1511	1349	2860	0.00016
Rhizobium sp. C104	2917727	S	1415	1636	3051	0.00017
Rhizobium sp. NXC14	1981173	S	1229	1224	2453	0.00014
Rhizobium sp. NLR16a	2731112	S	1152	1310	2462	0.00014
Rhizobium sp. K102	2918527	S	1050	1550	2600	0.00015
Rhizobium leguminosarum	384	S	14114	22550	36664	0.00208
Rhizobium etli	29449	S	3599	5296	8895	0.00050
Rhizobium jaguaris	1312183	S	2530	338	2868	0.00016
Rhizobium phaseoli	396	S	2444	6337	8781	0.00050
Rhizobium pseudoryzae	379684	S	2142	478	2620	0.00015
Rhizobium gallicum	56730	S	2059	3292	5351	0.00030
Rhizobium bangladeshense	1138189	S	1808	499	2307	0.00013
Rhizobium lentis	1138194	S	1614	579	2193	0.00012
Rhizobium tropici	398	S	1553	473	2026	0.00011
Rhizobium binae	1138190	S	1433	633	2066	0.00012
Rhizobium rosettiformans	1368430	S	1302	689	1991	0.00011
Rhizobium daejeonense	240521	S	1209	439	1648	0.00009
Rhizobium indicum	2583231	S	1062	1168	2230	0.00013
Rhizobium acidisoli	1538158	S	1015	1037	2052	0.00012
Agrobacterium tumefaciens	358	S	5928	10273	16201	0.00092
Agrobacterium vitis	373	S	3461	498	3959	0.00022
Agrobacterium vaccinii	2735528	S	1324	249	1573	0.00009
Neorhizobium galegae	399	S	7092	2078	9170	0.00052
Neorhizobium sp. NCHU2750	1825976	S	2104	615	2719	0.00015
Neorhizobium sp. SOG26	2060726	S	1773	373	2146	0.00012
Pseudorhizobium flavum	1335061	S	1191	819	2010	0.00011
Pseudorhizobium banfieldiae	1125847	S	1110	681	1791	0.00010
Ensifer adhaerens	106592	S	11757	6444	18201	0.00103
Ensifer mexicanus	375549	S	3385	522	3907	0.00022
Ensifer sp. PDNC004	2811423	S	2586	1163	3749	0.00021
Ensifer alkalisoli	1752398	S	2510	507	3017	0.00017
Ensifer sojae	716925	S	2314	922	3236	0.00018
Sinorhizobium fredii	380	S	7616	10415	18031	0.00102
Sinorhizobium meliloti	382	S	5782	2458	8240	0.00047
Sinorhizobium sp. BG8	2613773	S	2541	430	2971	0.00017
Sinorhizobium americanum	194963	S	2733	1003	3736	0.00021
Sinorhizobium medicae	110321	S	2417	335	2752	0.00016
Shinella sp. HZN7	879274	S	4093	3538	7631	0.00043
Shinella sp. PSBB067	2715959	S	3436	2649	6085	0.00034
Shinella sp. XGS7	2877941	S	3251	3330	6581	0.00037
Shinella sp. H4-D48	2925841	S	1574	621	2195	0.00012
Shinella zoogloeoides	352475	S	3575	5016	8591	0.00049
Shinella oryzae	2871820	S	1942	854	2796	0.00016
Ciceribacter thiooxidans	1969821	S	2468	503	2971	0.00017
Georhizobium profundi	2341112	S	2314	482	2796	0.00016
Methylobacterium sp. 17Sr1-1	2202826	S	4474	2510	6984	0.00040
Methylobacterium sp. WL1	2603276	S	4190	964	5154	0.00029
Methylobacterium aquaticum	270351	S	9354	4830	14184	0.00080
Methylobacterium nodulans	114616	S	8962	1213	10175	0.00058
Methylobacterium durans	2202825	S	6085	907	6992	0.00040
Methylobacterium currus	2051553	S	5949	2867	8816	0.00050
Methylobacterium radiodurans	2202828	S	5641	1446	7087	0.00040
Methylobacterium terrae	2202827	S	4955	2689	7644	0.00043
Methylobacterium tardum	374432	S	4755	1983	6738	0.00038
Methylobacterium organophilum	410	S	4665	2307	6972	0.00039
Methylobacterium mesophilicum	39956	S	4482	1082	5564	0.00031
Methylobacterium brachiatum	269660	S	4455	1700	6155	0.00035
Methylobacterium indicum	1775910	S	4152	2462	6614	0.00037
Methylobacterium oryzae	334852	S	3895	6577	10472	0.00059
Methylobacterium radiotolerans	31998	S	1719	11828	13547	0.00077
Microvirga sp. VF16	2807101	S	8267	1278	9545	0.00054
Microvirga sp. 17 mud 1-3	2082949	S	4080	849	4929	0.00028
Microvirga ossetica	1882682	S	8856	1566	10422	0.00059
Microvirga thermotolerans	2651334	S	5200	1443	6643	0.00038
Methylorubrum populi	223967	S	7925	3392	11317	0.00064
Methylorubrum extorquens	408	S	6323	10282	16605	0.00094
Methylorubrum sp. B1-46	2897334	S	2791	1061	3852	0.00022
Pseudolabrys taiwanensis	331696	S	31031	5207	36238	0.00205
Pseudolabrys sp. FHR47	2562284	S	19435	3461	22896	0.00130
Xanthobacter dioxanivorans	2528964	S	6839	2338	9177	0.00052
Xanthobacter sp. YC-JY1	2419844	S	2298	2352	4650	0.00026
Xanthobacter autotrophicus	280	S	2089	2316	4405	0.00025
Starkeya sp. ORNL1	2709380	S	8310	1656	9966	0.00056
Starkeya novella	921	S	6336	2322	8658	0.00049
Ancylobacter sp. TS-1	1850374	S	4606	1889	6495	0.00037
Ancylobacter polymorphus	223390	S	4572	2220	6792	0.00038
Ancylobacter pratisalsi	1745854	S	3862	858	4720	0.00027
Labrys sp. KNU-23	2789216	S	5494	561	6055	0.00034
Azorhizobium caulinodans	7	S	4731	988	5719	0.00032
Rhodoplanes sp. Z2-YC6860	674703	S	62628	5879	68507	0.00388
Hyphomicrobium denitrificans	53399	S	6878	806	7684	0.00043
Hyphomicrobium nitrativorans	1427356	S	4976	430	5406	0.00031
Hyphomicrobium sp. MC1	717785	S	3424	262	3686	0.00021
Methyloceanibacter caenitepidi	1384459	S	2896	646	3542	0.00020
Methyloceanibacter sp. wino2	2170729	S	2863	682	3545	0.00020
Methyloligella sp. GL2	2742204	S	4227	498	4725	0.00027
Aquabacter sp. L1I39	2820278	S	4140	662	4802	0.00027
Rhodomicrobium vannielii	1069	S	3152	214	3366	0.00019
Caenibius sp. WL	2872646	S	1240	265	1505	0.00009
Candidatus Filomicrobium marinum	1608628	S	1321	36	1357	0.00008
Bosea sp. F3-2	2599640	S	7219	2176	9395	0.00053
Bosea sp. Tri-49	1867715	S	6631	1449	8080	0.00046
Bosea sp. RAC05	1842539	S	6241	1911	8152	0.00046
Bosea sp. ANAM02	2020412	S	5656	1967	7623	0.00043
Bosea sp. AS-1	2015316	S	5458	1622	7080	0.00040
Bosea sp. PAMC 26642	1792307	S	4648	938	5586	0.00032
Bosea vaviloviae	1526658	S	5703	1331	7034	0.00040
Devosia sp. A16	1736675	S	10186	1190	11376	0.00064
Devosia sp. JXJ CY 41	2917991	S	2518	428	2946	0.00017
Devosia sp. SL43	2806348	S	2484	425	2909	0.00016
Devosia sp. 1566	2499144	S	2212	232	2444	0.00014
Devosia sp. I507	2083786	S	1605	454	2059	0.00012
Devosia ginsengisoli	400770	S	2602	447	3049	0.00017
Devosia salina	2860336	S	2519	786	3305	0.00019
Devosia beringensis	2657486	S	2376	335	2711	0.00015
Devosia oryziradicis	2801335	S	2270	396	2666	0.00015
Devosia rhizoryzae	2774137	S	1953	197	2150	0.00012
Youhaiella tibetensis	1447062	S	3740	754	4494	0.00025
Paradevosia shaoguanensis	1335043	S	3565	1260	4825	0.00027
Pelagibacterium halotolerans	531813	S	1749	284	2033	0.00012
Aureimonas sp. SA4125	2826993	S	4321	783	5104	0.00029
Aureimonas sp. AU20	1349819	S	4015	558	4573	0.00026
Aureimonas sp. OT7	2816454	S	1922	1509	3431	0.00019
Aureimonas populi	1701758	S	3405	645	4050	0.00023
Aureimonas mangrovi	2758041	S	3070	635	3705	0.00021
Aureimonas altamirensis	370622	S	1871	600	2471	0.00014
Martelella sp. AD-3	686597	S	1173	3438	4611	0.00026
Martelella mediterranea	293089	S	2322	804	3126	0.00018
Martelella endophytica	1486262	S	1991	425	2416	0.00014
Martelella lutilitoris	2583532	S	1159	925	2084	0.00012
Aurantimonas sp. HBX-1	2906072	S	5314	1545	6859	0.00039
Nordella sp. HKS 07	2712222	S	19483	1047	20530	0.00116
Pseudorhodoplanes sinuspersici	1235591	S	11688	828	12516	0.00071
Terrihabitans soli	708113	S	3175	344	3519	0.00020
Methylocystis bryophila	655015	S	3196	321	3517	0.00020
Methylocystis parvus	134	S	3146	371	3517	0.00020
Methylocystis heyeri	391905	S	2837	319	3156	0.00018
Methylocystis sp. SC2	187303	S	1937	700	2637	0.00015
Methylocystis rosea	173366	S	2141	2374	4515	0.00026
Methylosinus trichosporium	426	S	4446	866	5312	0.00030
Methylosinus sp. C49	2699395	S	3603	690	4293	0.00024
Phreatobacter stygius	1940610	S	8993	1312	10305	0.00058
Phreatobacter cathodiphilus	1868589	S	6822	1974	8796	0.00050
Phreatobacter sp. NMCR1094	2570229	S	5137	944	6081	0.00034
Stappia indica	538381	S	5302	1246	6548	0.00037
Stappia sp. ES.058	1881061	S	2740	344	3084	0.00017
Roseibium aggregatum	187304	S	3176	452	3628	0.00021
Pannonibacter phragmitetus	121719	S	3700	2458	6158	0.00035
Labrenzia sp. VG12	2021862	S	1804	222	2026	0.00011
Kaustia mangrovi	2593653	S	6531	630	7161	0.00041
Parvibaculum lavamentivorans	256618	S	3162	2318	5480	0.00031
Pyruvatibacter mobilis	1712261	S	2036	248	2284	0.00013
Methylocella silvestris	199596	S	3253	363	3616	0.00020
Methylocella tundrae	227605	S	2866	272	3138	0.00018
Methylovirgula ligni	569860	S	2705	309	3014	0.00017
Methylovirgula sp. HY1	2822761	S	2140	124	2264	0.00013
Beijerinckia indica	533	S	1404	114	1518	0.00009
Blastochloris tepida	2233851	S	6341	2126	8467	0.00048
Blastochloris viridis	1079	S	5384	1472	6856	0.00039
Chelatococcus sp. CO-6	1702325	S	5485	3251	8736	0.00049
Chelatococcus daeguensis	444444	S	3213	1913	5126	0.00029
Kaistia sp. 32K	2795690	S	7547	1835	9382	0.00053
Acuticoccus sp. I52.16.1	2928472	S	7360	816	8176	0.00046
Brucella anthropi	529	S	1267	1587	2854	0.00016
Brucella intermedia	94625	S	1021	1127	2148	0.00012
Hartmannibacter diazotrophicus	1482074	S	4404	766	5170	0.00029
Breoghania sp. L-A4	2304600	S	4309	563	4872	0.00028
Lichenihabitans psoromatis	2528642	S	1547	823	2370	0.00013
Lichenihabitans sp. PAMC28606	2880932	S	1242	768	2010	0.00011
Sphingomonas sp. S8-45	2938948	S	6548	782	7330	0.00041
Sphingomonas sp. HDW15A	2714942	S	6100	501	6601	0.00037
Sphingomonas sp. DM2-R-LB4	2899123	S	6048	2000	8048	0.00046
Sphingomonas sp. CL5.1	2653203	S	4859	1634	6493	0.00037
Sphingomonas sp. AK-PDB1-5	2872652	S	4744	737	5481	0.00031
Sphingomonas sp. Cra20	1327635	S	4121	595	4716	0.00027
Sphingomonas sp. AP4-R1	2735134	S	4096	513	4609	0.00026
Sphingomonas sp. MM-1	745310	S	4009	5528	9537	0.00054
Sphingomonas sp. LM7	1938607	S	3861	769	4630	0.00026
Sphingomonas sp. AAP5	1523415	S	3609	889	4498	0.00025
Sphingomonas sp. NBWT7	2596913	S	3501	1160	4661	0.00026
Sphingomonas sp. FARSPH	2219696	S	3475	2706	6181	0.00035
Sphingomonas sp. S2-65	2903960	S	3142	612	3754	0.00021
Sphingomonas sp. PAMC26645	2565555	S	2789	803	3592	0.00020
Sphingomonas sp. HMP9	1517554	S	2681	1033	3714	0.00021
Sphingomonas sp. KC8	1030157	S	2321	296	2617	0.00015
Sphingomonas sp. HMP6	1517551	S	2157	381	2538	0.00014
Sphingomonas sp. LK11	1390395	S	1763	1547	3310	0.00019
Sphingomonas sp. NIC1	1961362	S	1386	3629	5015	0.00028
Sphingomonas sediminicola	386874	S	51034	4781	55815	0.00316
Sphingomonas daechungensis	1176646	S	18933	1785	20718	0.00117
Sphingomonas lutea	1045317	S	16590	2146	18736	0.00106
Sphingomonas sabuli	2764186	S	10401	1286	11687	0.00066
Sphingomonas sinipercae	2714944	S	9881	1331	11212	0.00063
Sphingomonas ginsengisoli An et al. 2013	363835	S	9715	1313	11028	0.00062
Sphingomonas rhizophila	2071607	S	8521	1958	10479	0.00059
Sphingomonas piscis	2714943	S	7155	669	7824	0.00044
Sphingomonas xanthus	2594473	S	6341	1258	7599	0.00043
Sphingomonas alpina	653931	S	5976	478	6454	0.00037
Sphingomonas profundi	2681549	S	5411	847	6258	0.00035
Sphingomonas sanxanigenens	397260	S	5246	2499	7745	0.00044
Sphingomonas hengshuiensis	1609977	S	3937	488	4425	0.00025
Sphingomonas taxi	1549858	S	3911	1136	5047	0.00029
Sphingomonas panacis	1560345	S	3853	551	4404	0.00025
Sphingomonas koreensis	93064	S	3424	2402	5826	0.00033
Sphingomonas panacisoli	1813879	S	3349	436	3785	0.00021
Sphingomonas changnyeongensis	2698679	S	3348	663	4011	0.00023
Sphingomonas radiodurans	2890321	S	3013	389	3402	0.00019
Sphingomonas suaedae	2599297	S	2825	350	3175	0.00018
Sphingomonas insulae	424800	S	2618	693	3311	0.00019
Sphingomonas aliaeris	2759526	S	2569	320	2889	0.00016
Sphingomonas paucimobilis	13689	S	2366	1389	3755	0.00021
Sphingomonas sanguinis	33051	S	1969	1501	3470	0.00020
Sphingomonas melonis	152682	S	1621	5533	7154	0.00040
Sphingomonas lacunae	2698828	S	1147	173	1320	0.00007
Sphingomonas paeninsulae	2319844	S	1038	49	1087	0.00006
Sphingopyxis sp. YF1	2482763	S	2866	653	3519	0.00020
Sphingopyxis sp. OPL5	2486273	S	2838	519	3357	0.00019
Sphingopyxis sp. QXT-31	1357916	S	2821	736	3557	0.00020
Sphingopyxis sp. BSN-002	2911495	S	2298	406	2704	0.00015
Sphingopyxis sp. 113P3	292913	S	2270	879	3149	0.00018
Sphingopyxis sp. PAMC25046	2565556	S	2270	1027	3297	0.00019
Sphingopyxis sp. FD7	1914525	S	2039	862	2901	0.00016
Sphingopyxis sp. EG6	1874061	S	1838	931	2769	0.00016
Sphingopyxis macrogoltabida	33050	S	4674	2401	7075	0.00040
Sphingopyxis terrae	33052	S	2636	1578	4214	0.00024
Sphingopyxis lindanitolerans	2054227	S	2384	1260	3644	0.00021
Sphingopyxis fribergensis	1515612	S	2190	892	3082	0.00017
Sphingopyxis granuli	267128	S	2161	6089	8250	0.00047
Sphingopyxis alaskensis	117207	S	1731	416	2147	0.00012
Sphingobium sp. SYK-6	627192	S	3010	903	3913	0.00022
Sphingobium sp. TKS	1315974	S	1975	3242	5217	0.00030
Sphingobium sp. YG1	2082188	S	1700	838	2538	0.00014
Sphingobium sp. CAP-1	2676077	S	1687	1271	2958	0.00017
Sphingobium sp. SCG-1	2072936	S	1453	125	1578	0.00009
Sphingobium sp. EP60837	1855519	S	1451	496	1947	0.00011
Sphingobium sp. RAC03	1843368	S	1409	313	1722	0.00010
Sphingobium sp. Cam5-1	2789327	S	1293	611	1904	0.00011
Sphingobium sp. KCTC 72723	2733867	S	1262	265	1527	0.00009
Sphingobium sp. MI1205	407020	S	1082	1827	2909	0.00016
Sphingobium yanoikuyae	13690	S	3277	8904	12181	0.00069
Sphingobium indicum	332055	S	1961	1930	3891	0.00022
Sphingobium amiense	135719	S	1871	2590	4461	0.00025
Sphingobium phenoxybenzoativorans	1592790	S	1796	802	2598	0.00015
Sphingobium cloacae	120107	S	1706	2744	4450	0.00025
Sphingobium xenophagum	121428	S	1574	1199	2773	0.00016
Sphingobium chlorophenolicum	46429	S	1492	796	2288	0.00013
Sphingobium baderi	1332080	S	1317	1470	2787	0.00016
Sphingobium herbicidovorans	76947	S	1133	1126	2259	0.00013
Novosphingobium sp. Sx8-5	2896849	S	3198	454	3652	0.00021
Novosphingobium sp. Gsoil 351	2675225	S	3017	279	3296	0.00019
Novosphingobium sp. EMRT-2	2571749	S	2820	1745	4565	0.00026
Novosphingobium sp. P6W	1609758	S	2464	444	2908	0.00016
Novosphingobium sp. ES2-1	2780074	S	1636	827	2463	0.00014
Novosphingobium sp. THN1	1016987	S	1591	553	2144	0.00012
Novosphingobium sp. PP1Y	702113	S	1040	1141	2181	0.00012
Novosphingobium resinovorum	158500	S	3309	1676	4985	0.00028
Novosphingobium decolorationis	2698673	S	2381	1368	3749	0.00021
Novosphingobium aromaticivorans	48935	S	2185	1033	3218	0.00018
Novosphingobium ginsenosidimutans	1176536	S	1584	173	1757	0.00010
Novosphingobium pentaromativorans	205844	S	1028	1708	2736	0.00015
Rhizorhabdus wittichii	160791	S	6457	3997	10454	0.00059
Rhizorhabdus dicambivorans	1850238	S	3704	3114	6818	0.00039
Rhizorhabdus phycosphaerae	2711156	S	3127	403	3530	0.00020
Sphingosinithalassobacter sp. CS137	2762748	S	3060	642	3702	0.00021
Sphingosinithalassobacter tenebrarum	2711215	S	2492	765	3257	0.00018
Allosphingosinicella indica	941907	S	5002	659	5661	0.00032
Parasphingopyxis algicola	2026624	S	2867	187	3054	0.00017
Hankyongella ginsenosidimutans	1763828	S	2334	468	2802	0.00016
Tardibacter chloracetimidivorans	1921510	S	1988	1663	3651	0.00021
Citromicrobium sp. JL477	1634516	S	1745	797	2542	0.00014
Novosphingopyxis iocasae	2762729	S	1524	846	2370	0.00013
Erythrobacter sp. HL-111	1798193	S	2248	764	3012	0.00017
Erythrobacter sp. JK5	2829500	S	1679	787	2466	0.00014
Erythrobacter sp. HKB08	2502843	S	1562	558	2120	0.00012
Erythrobacter sp. SDW2	2907154	S	1402	555	1957	0.00011
Erythrobacter litoralis	39960	S	2966	1253	4219	0.00024
Erythrobacter neustonensis	1112	S	1535	363	1898	0.00011
Erythrobacter mangrovi	2739433	S	1101	386	1487	0.00008
Erythrobacter aureus	2182384	S	1077	209	1286	0.00007
Porphyrobacter sp. CACIAM 03H1	2003315	S	2541	726	3267	0.00018
Porphyrobacter sp. LM 6	1896196	S	1473	505	1978	0.00011
Porphyrobacter sp. HT-58-2	2023229	S	1282	296	1578	0.00009
Porphyrobacter sp. GA68	2883480	S	1035	495	1530	0.00009
Qipengyuania flava	192812	S	3426	2325	5751	0.00033
Qipengyuania sediminis	1532023	S	1828	312	2140	0.00012
Qipengyuania soli	2782568	S	1443	412	1855	0.00011
Qipengyuania aurantiaca	2867233	S	1268	865	2133	0.00012
Croceicoccus sp. YJ47	2798724	S	1559	1472	3031	0.00017
Croceicoccus marinus	450378	S	2812	1592	4404	0.00025
Croceicoccus naphthovorans	1348774	S	1218	1439	2657	0.00015
Altererythrobacter sp. B11	2060312	S	2144	1067	3211	0.00018
Altererythrobacter sp. TH136	2067415	S	1808	352	2160	0.00012
Altererythrobacter sp. BO-6	2604537	S	1115	186	1301	0.00007
Tsuneonella amylolytica	2338327	S	2301	702	3003	0.00017
Tsuneonella dongtanensis	692370	S	2163	464	2627	0.00015
Tsuneonella mangrovi	1982042	S	1560	257	1817	0.00010
Pelagerythrobacter marensis	543877	S	1341	203	1544	0.00009
Paraurantiacibacter namhicola	645517	S	1235	174	1409	0.00008
Croceibacterium atlanticum	1267766	S	1064	492	1556	0.00009
Sphingosinicella sp. BN140058	1892855	S	5843	558	6401	0.00036
Sphingosinicella microcystinivorans	335406	S	2888	371	3259	0.00018
Sphingosinicella flava	2771430	S	2603	382	2985	0.00017
Polymorphobacter sp. PAMC 29362	2835787	S	1967	1278	3245	0.00018
Polymorphobacter sp. PAMC 29334	2862331	S	1914	1283	3197	0.00018
Sandaracinobacter sp. M6	2759707	S	2586	188	2774	0.00016
Azospirillum sp. B510	137722	S	3593	1237	4830	0.00027
Azospirillum sp. TSH100	652764	S	3116	1318	4434	0.00025
Azospirillum sp. TSA2s	709810	S	2886	1977	4863	0.00028
Azospirillum sp. TSH58	664962	S	2231	2645	4876	0.00028
Azospirillum brasilense	192	S	11738	9216	20954	0.00119
Azospirillum thermophilum	2202148	S	7705	1722	9427	0.00053
Azospirillum thiophilum	528244	S	4620	1406	6026	0.00034
Azospirillum ramasamyi	682998	S	2613	1381	3994	0.00023
Azospirillum humicireducens	1226968	S	2398	1258	3656	0.00021
Azospirillum lipoferum	193	S	2262	1504	3766	0.00021
Azospirillum oryzae	286727	S	2199	1702	3901	0.00022
Azospirillum baldaniorum	1064539	S	1538	2756	4294	0.00024
Skermanella mucosa	1789672	S	4508	2922	7430	0.00042
Skermanella sp. TT6	2775420	S	4176	4017	8193	0.00046
Skermanella rosea	1817965	S	3933	3336	7269	0.00041
Skermanella pratensis	2233999	S	3737	1940	5677	0.00032
Nitrospirillum amazonense	28077	S	5164	595	5759	0.00033
Indioceanicola profundi	2220096	S	3718	503	4221	0.00024
Niveispirillum cyanobacteriorum	1612173	S	2019	216	2235	0.00013
Roseomonas sp. OT10	2897332	S	7658	2127	9785	0.00055
Roseomonas sp. S08	1750527	S	7362	503	7865	0.00045
Roseomonas gilardii	257708	S	5853	6611	12464	0.00071
Roseomonas haemaphysalidis	2768162	S	5233	735	5968	0.00034
Roseomonas marmotae	2768161	S	4269	620	4889	0.00028
Rhodovastum atsumiense	504468	S	8359	921	9280	0.00053
Komagataeibacter xylinus	28448	S	1780	3886	5666	0.00032
Acidiphilium multivorum	62140	S	1289	6234	7523	0.00043
Roseococcus microcysteis	2771361	S	4839	479	5318	0.00030
Lichenicola cladoniae	1484109	S	3827	198	4025	0.00023
Acidibrevibacterium fodinaquatile	1969806	S	3802	351	4153	0.00024
Sediminicoccus rosea	1225128	S	3707	203	3910	0.00022
Acetobacter aceti	435	S	1359	1092	2451	0.00014
Gluconacetobacter diazotrophicus	33996	S	2485	582	3067	0.00017
Granulibacter bethesdensis	364410	S	1586	156	1742	0.00010
Asaia bogorensis	91915	S	1113	215	1328	0.00008
Neoasaia chiangmaiensis	320497	S	1035	240	1275	0.00007
Hypericibacter adhaerens	2602016	S	11488	2023	13511	0.00076
Hypericibacter terrae	2602015	S	9719	1353	11072	0.00063
Magnetospirillum sp. XM-1	1663591	S	2801	874	3675	0.00021
Magnetospirillum sp. ME-1	1639348	S	2292	774	3066	0.00017
Magnetospirillum gryphiswaldense	55518	S	2987	249593	252580	0.01430
Magnetospirillum magneticum	84159	S	2736	307	3043	0.00017
Rhodospirillum centenum	34018	S	4792	688	5480	0.00031
Rhodospirillum rubrum	1085	S	2762	216	2978	0.00017
Tistrella mobilis	171437	S	5488	2657	8145	0.00046
Ferrovibrio terrae	2594003	S	4638	301	4939	0.00028
Defluviicoccus vanus	111831	S	2942	269	3211	0.00018
Pararhodospirillum photometricum	1084	S	1771	144	1915	0.00011
Stella humosa	94	S	11966	854	12820	0.00073
Elioraea tepida	2843330	S	5677	302	5979	0.00034
Magnetospira sp. QH-2	1288970	S	1163	42	1205	0.00007
Paracoccus sp. MC1862	2760307	S	1867	190	2057	0.00012
Paracoccus sp. MA	2895796	S	1782	1077	2859	0.00016
Paracoccus sp. AK26	2589076	S	1375	241	1616	0.00009
Paracoccus sp. H4-D09	2812658	S	1057	243	1300	0.00007
Paracoccus sanguinis	1545044	S	3078	793	3871	0.00022
Paracoccus yeei	147645	S	2359	4312	6671	0.00038
Paracoccus liaowanqingii	2560053	S	2211	242	2453	0.00014
Paracoccus denitrificans	266	S	2199	1082	3281	0.00019
Paracoccus aminovorans	34004	S	2005	570	2575	0.00015
Paracoccus zhejiangensis	1077935	S	1962	429	2391	0.00014
Paracoccus pantotrophus	82367	S	1902	1221	3123	0.00018
Paracoccus suum	2259340	S	1756	307	2063	0.00012
Paracoccus jeotgali	2065379	S	1630	278	1908	0.00011
Paracoccus contaminans	1945662	S	1570	347	1917	0.00011
Paracoccus aminophilus	34003	S	1526	129	1655	0.00009
Cereibacter sphaeroides	1063	S	7160	5087	12247	0.00069
Rhodobacter sp. CZR27	2033869	S	2757	719	3476	0.00020
Rhodobacter sp. LPB0142	1850250	S	2293	1521	3814	0.00022
Rhodobacter sp. N10	2807096	S	2239	224	2463	0.00014
Rhodobacter capsulatus	1061	S	2896	505	3401	0.00019
Rhodovulum sp. P5	1564506	S	1490	123	1613	0.00009
Rhodovulum sp. MB263	308754	S	1410	464	1874	0.00011
Rhodovulum sulfidophilum	35806	S	2165	1171	3336	0.00019
Polymorphum gilvum	991904	S	4555	1100	5655	0.00032
Paroceanicella profunda	2579971	S	4456	837	5293	0.00030
Pikeienuella piscinae	2748098	S	3222	285	3507	0.00020
Thioclava nitratireducens	1915078	S	1413	411	1824	0.00010
Thioclava electrotropha	1549850	S	1374	306	1680	0.00010
Pontivivens ytuae	2789856	S	2862	198	3060	0.00017
Pelagovum pacificum	2588711	S	2647	276	2923	0.00017
Silicimonas algicola	1826607	S	2507	126	2633	0.00015
Frigidibacter mobilis	1335048	S	2192	790	2982	0.00017
Pukyongiella litopenaei	2605946	S	1985	301	2286	0.00013
Brevirhabdus pacifica	1267768	S	1745	493	2238	0.00013
Gymnodinialimonas ceratoperidinii	2856823	S	1706	126	1832	0.00010
Tabrizicola piscis	2494374	S	1624	128	1752	0.00010
Fuscovulum blasticum	1075	S	1456	155	1611	0.00009
Haematobacter massiliensis	195105	S	1391	485	1876	0.00011
Pseudopuniceibacterium antarcticum	2613965	S	1387	84	1471	0.00008
Pacificitalea manganoxidans	1411902	S	1345	189	1534	0.00009
Gemmobacter aquarius	2169400	S	1302	265	1567	0.00009
Falsirhodobacter sp. PG104	2692330	S	1298	162	1460	0.00008
Pseudooceanicola algae	1537215	S	1100	86	1186	0.00007
Monaibacterium sp. h42	2758038	S	1055	147	1202	0.00007
Roseovarius sp. SCSIO 43702	2823043	S	2071	173	2244	0.00013
Roseovarius sp. THAF9	2587847	S	1201	1637	2838	0.00016
Roseovarius indicus	540747	S	2782	836	3618	0.00020
Roseovarius faecimaris	2494550	S	1048	78	1126	0.00006
Sulfitobacter sp. JK7-1	2829501	S	1174	120	1294	0.00007
Sulfitobacter sp. THAF37	2587855	S	1084	856	1940	0.00011
Sulfitobacter alexandrii	1917485	S	1768	931	2699	0.00015
Salipiger profundus	1229727	S	3323	820	4143	0.00023
Salipiger abyssi	1250539	S	2519	600	3119	0.00018
Salipiger sp. CCB-MM3	1792508	S	2163	203	2366	0.00013
Roseivivax sp. THAF30	2587852	S	1578	1609	3187	0.00018
Roseivivax marinus	1379903	S	3045	300	3345	0.00019
Celeribacter indicus	1208324	S	2648	729	3377	0.00019
Phaeobacter gallaeciensis	60890	S	1182	595	1777	0.00010
Phaeobacter inhibens	221822	S	1045	564	1609	0.00009
Leisingera aquaemixtae	1396826	S	1350	377	1727	0.00010
Ruegeria pomeroyi	89184	S	1461	189	1650	0.00009
Sulfitobacter pseudonitzschiae	1402135	S	1894	404	2298	0.00013
Yangia pacifica	311180	S	2785	308	3093	0.00018
Sagittula sp. P11	2009329	S	2685	529	3214	0.00018
Mameliella alba	561184	S	1952	185	2137	0.00012
Ponticoccus alexandrii	1943633	S	1936	181	2117	0.00012
Dinoroseobacter shibae	215813	S	1738	10708	12446	0.00070
Roseibacterium elongatum	159346	S	1477	90	1567	0.00009
Actibacterium sp. EMB200-NS6	1609966	S	1447	338	1785	0.00010
Oceanicola sp. D3	2587163	S	1379	50	1429	0.00008
Antarctobacter heliothermus	74033	S	1019	32	1051	0.00006
Maribius sp. THAF1	2587842	S	1018	41	1059	0.00006
Tateyamaria omphalii	299262	S	1014	21	1035	0.00006
Caulobacter sp. S6	2823693	S	5940	595	6535	0.00037
Caulobacter sp. FWC26	69665	S	2358	741	3099	0.00018
Caulobacter segnis	88688	S	7375	1965	9340	0.00053
Caulobacter mirabilis	69666	S	5257	854	6111	0.00035
Caulobacter vibrioides	155892	S	4838	4622	9460	0.00054
Caulobacter flavus	1679497	S	4618	997	5615	0.00032
Caulobacter rhizosphaerae	2010972	S	4140	863	5003	0.00028
Caulobacter soli	2708539	S	3845	873	4718	0.00027
Caulobacter henricii	69395	S	1861	244	2105	0.00012
Brevundimonas sp. LM2	1938605	S	1856	695	2551	0.00014
Brevundimonas sp. M20	2591463	S	1851	437	2288	0.00013
Brevundimonas sp. PAMC22021	2861285	S	1720	1018	2738	0.00015
Brevundimonas sp. MF30-B	2561924	S	1717	521	2238	0.00013
Brevundimonas sp. AJA228-03	2752515	S	1381	429	1810	0.00010
Brevundimonas naejangsanensis	588932	S	3231	1321	4552	0.00026
Brevundimonas goettingensis	2774190	S	2333	392	2725	0.00015
Brevundimonas albigilva	1312364	S	2109	1276	3385	0.00019
Brevundimonas subvibrioides	74313	S	1872	373	2245	0.00013
Brevundimonas diminuta	293	S	1474	3826	5300	0.00030
Brevundimonas pondensis	2774189	S	1369	480	1849	0.00010
Brevundimonas mediterranea	74329	S	1328	647	1975	0.00011
Brevundimonas vitisensis	2800818	S	1270	165	1435	0.00008
Brevundimonas nasdae	172043	S	1237	910	2147	0.00012
Phenylobacterium zucineum	284016	S	10715	2017	12732	0.00072
Phenylobacterium parvum	2201350	S	3007	308	3315	0.00019
Terricaulis silvestris	2686094	S	3974	137	4111	0.00023
Asticcacaulis excentricus	78587	S	1640	228	1868	0.00011
Asticcacaulis sp. AND118	2840468	S	1400	187	1587	0.00009
Marinicauda algicola	2029849	S	3426	572	3998	0.00023
Maricaulis maris	74318	S	1162	76	1238	0.00007
Glycocaulis alkaliphilus	1434191	S	1111	58	1169	0.00007
Hyphomonas sp. CACIAM 19H1	1873716	S	1261	193	1454	0.00008
Hyphomonas neptunium	81032	S	1104	107	1211	0.00007
Candidatus Viadribacter manganicus	1759059	S	2293	61	2354	0.00013
Aquisalinus flavus	1526572	S	1422	72	1494	0.00008
Burkholderia multivorans	87883	S	9627	17608	27235	0.00154
Burkholderia ubonensis	101571	S	9449	5466	14915	0.00084
Burkholderia cenocepacia	95486	S	7685	28330	36015	0.00204
Burkholderia cepacia	292	S	6464	10678	17142	0.00097
Burkholderia pyrrocinia	60550	S	4353	2076	6429	0.00036
Burkholderia contaminans	488447	S	3773	2175	5948	0.00034
Burkholderia ambifaria	152480	S	3388	5145	8533	0.00048
Burkholderia stagnalis	1503054	S	3182	1059	4241	0.00024
Burkholderia stabilis	95485	S	2903	1948	4851	0.00027
Burkholderia anthina	179879	S	2891	2491	5382	0.00030
Burkholderia lata	482957	S	2811	2264	5075	0.00029
Burkholderia dolosa	152500	S	2602	14418	17020	0.00096
Burkholderia territorii	1503055	S	2153	932	3085	0.00017
Burkholderia seminalis	488731	S	1801	747	2548	0.00014
Burkholderia vietnamiensis	60552	S	1732	51760	53492	0.00303
Burkholderia metallica	488729	S	1515	653	2168	0.00012
Burkholderia diffusa	488732	S	1078	470	1548	0.00009
Burkholderia pseudomallei	28450	S	4328	23883	28211	0.00160
Burkholderia mayonis	1385591	S	3168	744	3912	0.00022
Burkholderia thailandensis	57975	S	3078	12195	15273	0.00086
Burkholderia oklahomensis	342113	S	2172	1908	4080	0.00023
Burkholderia sp. DHOD12	2571746	S	4720	551	5271	0.00030
Burkholderia sp. Bp7605	1740163	S	2670	419	3089	0.00017
Burkholderia sp. NRF60-BP8	1637853	S	1141	671	1812	0.00010
Burkholderia sp. LA-2-3-30-S1-D2	1637862	S	1065	1614	2679	0.00015
Burkholderia sp. MSMB0856	1637869	S	1059	1745	2804	0.00016
Burkholderia gladioli	28095	S	11278	3820	15098	0.00085
Burkholderia glumae	337	S	4134	23621	27755	0.00157
Burkholderia plantarii	41899	S	3228	1127	4355	0.00025
Burkholderia perseverans	2615214	S	2660	991	3651	0.00021
Cupriavidus taiwanensis	164546	S	16447	15500	31947	0.00181
Cupriavidus pauculus	82633	S	13792	6438	20230	0.00114
Cupriavidus necator	106590	S	10386	10991	21377	0.00121
Cupriavidus basilensis	68895	S	7366	4267	11633	0.00066
Cupriavidus oxalaticus	96344	S	6995	3378	10373	0.00059
Cupriavidus sp. EM10	2839983	S	3010	1996	5006	0.00028
Cupriavidus sp. MP-37	2884455	S	1410	1771	3181	0.00018
Cupriavidus sp. KK10	1478019	S	1005	3607	4612	0.00026
Cupriavidus campinensis	151783	S	6670	2648	9318	0.00053
Cupriavidus metallidurans	119219	S	4299	9818	14117	0.00080
Cupriavidus pinatubonensis	248026	S	4203	782	4985	0.00028
Cupriavidus gilardii	82541	S	1454	8427	9881	0.00056
Cupriavidus neocaledonicus	1040979	S	1285	1832	3117	0.00018
Cupriavidus nantongensis	1796606	S	1184	3486	4670	0.00026
Paraburkholderia sp. SOS3	1926494	S	3646	536	4182	0.00024
Paraburkholderia sp. PGU16	2735433	S	1896	1004	2900	0.00016
Paraburkholderia sp. PGU19	2735434	S	1538	1256	2794	0.00016
Paraburkholderia graminis	60548	S	6193	1508	7701	0.00044
Paraburkholderia pallida	2547399	S	5115	950	6065	0.00034
Paraburkholderia aromaticivorans	2026199	S	4863	2113	6976	0.00039
Paraburkholderia caribensis	75105	S	4544	3291	7835	0.00044
Paraburkholderia acidisoli	2571748	S	4258	784	5042	0.00029
Paraburkholderia tropica	92647	S	4023	917	4940	0.00028
Paraburkholderia edwinii	2861782	S	3978	546	4524	0.00026
Paraburkholderia acidiphila	2571747	S	3871	779	4650	0.00026
Paraburkholderia phytofirmans	261302	S	3623	1506	5129	0.00029
Paraburkholderia terricola	169427	S	3351	1009	4360	0.00025
Paraburkholderia phymatum	148447	S	3206	804	4010	0.00023
Paraburkholderia atlantica	2654982	S	3195	778	3973	0.00022
Paraburkholderia sprentiae	948107	S	3048	669	3717	0.00021
Paraburkholderia fungorum	134537	S	2788	648	3436	0.00019
Paraburkholderia megapolitana	420953	S	2772	275	3047	0.00017
Paraburkholderia phenoliruptrix	252970	S	2747	777	3524	0.00020
Paraburkholderia ginsengisoli	311231	S	2571	781	3352	0.00019
Paraburkholderia terrae	311230	S	2515	2741	5256	0.00030
Paraburkholderia caledonica	134536	S	2336	424	2760	0.00016
Paraburkholderia hospita	169430	S	2277	2487	4764	0.00027
Paraburkholderia xenovorans	36873	S	2092	2771	4863	0.00028
Paraburkholderia caffeinilytica	1761016	S	2056	529	2585	0.00015
Paraburkholderia dokdonella	2211211	S	1967	531	2498	0.00014
Paraburkholderia dioscoreae	2604047	S	1386	890	2276	0.00013
Ralstonia solanacearum	305	S	10086	27513	37599	0.00213
Ralstonia insidiosa	190721	S	2625	2105	4730	0.00027
Ralstonia mannitolilytica	105219	S	1917	2236	4153	0.00024
Ralstonia pickettii	329	S	1870	804	2674	0.00015
Ralstonia sp. 56D2	2842456	S	1749	278	2027	0.00011
Pandoraea pnomenusa	93220	S	3828	1966	5794	0.00033
Pandoraea thiooxydans	445709	S	3081	273	3354	0.00019
Pandoraea pulmonicola	93221	S	2945	663	3608	0.00020
Pandoraea norimbergensis	93219	S	2216	363	2579	0.00015
Pandoraea sp. XY-2	2518599	S	2126	1202	3328	0.00019
Pandoraea vervacti	656178	S	2086	613	2699	0.00015
Pandoraea faecigallinarum	656179	S	2052	556	2608	0.00015
Pandoraea apista	93218	S	1770	1030	2800	0.00016
Pandoraea fibrosis	1891094	S	1726	574	2300	0.00013
Pandoraea oxalativorans	573737	S	1555	724	2279	0.00013
Pandoraea sputorum	93222	S	1460	638	2098	0.00012
Caballeronia sp. Lep1P3	2878150	S	3161	869	4030	0.00023
Caballeronia sp. TF1N1	2878153	S	2724	355	3079	0.00017
Caballeronia sp. SL2Y3	2878151	S	1508	1687	3195	0.00018
Caballeronia sp. Sq4a	2878152	S	1417	2200	3617	0.00020
Caballeronia sp. M1242	2814653	S	1302	1988	3290	0.00019
Caballeronia zhejiangensis	871203	S	4327	1061	5388	0.00030
Caballeronia insecticola	758793	S	3647	802	4449	0.00025
Caballeronia grimmiae	1071679	S	2984	1653	4637	0.00026
Lautropia mirabilis	47671	S	2306	474	2780	0.00016
Chitinimonas arctica	2594795	S	1847	167	2014	0.00011
Mycetohabitans rhizoxinica	412963	S	1562	120	1682	0.00010
Variovorax sp. HW608	1034889	S	11659	2222	13881	0.00079
Variovorax sp. PBS-H4	434008	S	6868	5060	11928	0.00068
Variovorax sp. RA8	662548	S	5684	5199	10883	0.00062
Variovorax sp. PBL-H6	434009	S	5611	6316	11927	0.00068
Variovorax sp. WDL1	207745	S	5351	9631	14982	0.00085
Variovorax sp. PAMC 28711	1795631	S	4423	850	5273	0.00030
Variovorax sp. RKNM96	2681552	S	4412	1880	6292	0.00036
Variovorax sp. PAMC26660	2762322	S	3681	1039	4720	0.00027
Variovorax sp. PAMC28562	2762323	S	3600	352	3952	0.00022
Variovorax sp. SRS16	282217	S	3127	8388	11515	0.00065
Variovorax sp. 38R	2774875	S	2551	3614	6165	0.00035
Variovorax sp. PBL-E5	434014	S	2531	7866	10397	0.00059
Variovorax paradoxus	34073	S	21817	21540	43357	0.00245
Variovorax boronicumulans	436515	S	3432	2776	6208	0.00035
Hydrogenophaga sp. BA0156	2716225	S	5604	4466	10070	0.00057
Hydrogenophaga sp. BPS33	2651974	S	4765	4415	9180	0.00052
Hydrogenophaga sp. YM1	2806262	S	4727	2636	7363	0.00042
Hydrogenophaga sp. PBC	795665	S	4492	5997	10489	0.00059
Hydrogenophaga sp. SL48	2806347	S	3740	1011	4751	0.00027
Hydrogenophaga sp. RAC07	1842537	S	2907	1039	3946	0.00022
Hydrogenophaga sp. PBL-H3	434010	S	2841	2946	5787	0.00033
Hydrogenophaga sp. PAMC20947	2565558	S	1524	116	1640	0.00009
Hydrogenophaga sp. NH-16	2184519	S	1318	3211	4529	0.00026
Hydrogenophaga taeniospiralis	65656	S	3346	1155	4501	0.00025
Hydrogenophaga pseudoflava	47421	S	1428	2724	4152	0.00024
Hydrogenophaga crassostreae	1763535	S	1415	102	1517	0.00009
Acidovorax sp. YS12	2738413	S	3270	3225	6495	0.00037
Acidovorax sp. RAC01	1842533	S	2126	2020	4146	0.00023
Acidovorax sp. HDW3	2714923	S	1912	1580	3492	0.00020
Acidovorax sp. KKS102	358220	S	1837	1502	3339	0.00019
Acidovorax sp. JMULE5	2518343	S	1802	558	2360	0.00013
Acidovorax sp. 1608163	2478662	S	1457	348	1805	0.00010
Acidovorax sp. T1	1858609	S	1148	4864	6012	0.00034
Acidovorax avenae	80867	S	6856	4800	11656	0.00066
Acidovorax monticola	1926868	S	3797	1713	5510	0.00031
Acidovorax antarcticus	2743470	S	3612	3163	6775	0.00038
Acidovorax carolinensis	553814	S	2295	2130	4425	0.00025
Acidovorax citrulli	80869	S	1961	2626	4587	0.00026
Acidovorax cattleyae	80868	S	1665	1254	2919	0.00017
Acidovorax radicis	758826	S	1575	364	1939	0.00011
Ramlibacter tataouinensis	94132	S	26827	11537	38364	0.00217
Comamonas sp. NLF-7-7	2597701	S	2418	2155	4573	0.00026
Comamonas sp. NLF-1-9	2853163	S	2142	1459	3601	0.00020
Comamonas sp. B21-038	2918299	S	1339	463	1802	0.00010
Comamonas serinivorans	1082851	S	2978	966	3944	0.00022
Comamonas aquatica	225991	S	2967	3473	6440	0.00036
Comamonas testosteroni	285	S	2213	4558	6771	0.00038
Comamonas koreensis	160825	S	1282	1020	2302	0.00013
Comamonas odontotermitis	379895	S	1192	280	1472	0.00008
Comamonas piscis	1562974	S	1073	285	1358	0.00008
Rhodoferax sp. BAB1	2741720	S	3737	1178	4915	0.00028
Rhodoferax sp. AJA081-3	2752316	S	1576	131	1707	0.00010
Rhodoferax koreense	1842727	S	5753	3488	9241	0.00052
Rhodoferax sediminis	2509614	S	4647	812	5459	0.00031
Rhodoferax ferrireducens	192843	S	2133	165	2298	0.00013
Rhodoferax saidenbachensis	1484693	S	1662	208	1870	0.00011
Schlegelella thermodepolymerans	215580	S	8194	4491	12685	0.00072
Schlegelella brevitalea	413882	S	7360	1199	8559	0.00048
Diaphorobacter sp. HDW4A	2714924	S	2314	3176	5490	0.00031
Diaphorobacter sp. HDW4B	2714925	S	2129	930	3059	0.00017
Diaphorobacter ruginosibacter	1715720	S	2816	1349	4165	0.00024
Diaphorobacter aerolatus	1288495	S	2134	4632	6766	0.00038
Polaromonas sp. JS666	296591	S	5347	3916	9263	0.00052
Polaromonas naphthalenivorans	216465	S	3036	516	3552	0.00020
Delftia tsuruhatensis	180282	S	2709	9259	11968	0.00068
Delftia acidovorans	80866	S	2297	5416	7713	0.00044
Kinneretia sp. DAIF2	2714952	S	7555	3065	10620	0.00060
Kinneretia sp. XES5	2877940	S	2271	3253	5524	0.00031
Ottowia sp. 27C	2816950	S	3230	708	3938	0.00022
Ottowia sp. oral taxon 894	1658672	S	1320	221	1541	0.00009
Ottowia oryzae	2109914	S	2536	624	3160	0.00018
Alicycliphilus denitrificans	179636	S	6322	12529	18851	0.00107
Melaminivora sp. SC2-9	2109913	S	2872	3882	6754	0.00038
Melaminivora jejuensis	1267217	S	2292	2054	4346	0.00025
Serpentinimonas maccroryi	1458426	S	2137	771	2908	0.00016
Serpentinimonas raichei	1458425	S	1709	689	2398	0.00014
Verminephrobacter eiseniae	364317	S	3118	434	3552	0.00020
Pulveribacter suum	2116657	S	2637	1545	4182	0.00024
Hylemonella gracilis	80880	S	2566	416	2982	0.00017
Simplicispira suum	2109915	S	2038	893	2931	0.00017
Limnohabitans sp. 63ED37-2	1678128	S	1011	122	1133	0.00006
Curvibacter sp. AEP1-3	1844971	S	1218	100	1318	0.00007
Massilia sp. WG5	1707785	S	5924	4202	10126	0.00057
Massilia sp. HC52	2852099	S	4566	2620	7186	0.00041
Massilia sp. LPB0304	2769491	S	4231	3067	7298	0.00041
Massilia sp. YMA4	1593482	S	3551	2705	6256	0.00035
Massilia sp. DM-R-R2A-13	2899220	S	3467	1574	5041	0.00029
Massilia sp. NP310	2861282	S	3329	3204	6533	0.00037
Massilia sp. PAMC28688	2861283	S	2565	725	3290	0.00019
Massilia putida	1141883	S	7655	2653	10308	0.00058
Massilia violaceinigra	2045208	S	6599	2003	8602	0.00049
Massilia flava	871742	S	5783	1552	7335	0.00042
Massilia umbonata	864828	S	3871	1662	5533	0.00031
Massilia lutea	321985	S	3847	1268	5115	0.00029
Massilia albidiflava	321983	S	3826	1622	5448	0.00031
Massilia armeniaca	2072590	S	3608	2000	5608	0.00032
Massilia plicata	321984	S	3249	930	4179	0.00024
Massilia oculi	945844	S	2997	2003	5000	0.00028
Massilia antarctica	2765360	S	2898	1139	4037	0.00023
Duganella sp. GN2-R2	2728020	S	5175	2413	7588	0.00043
Duganella sp. AF9R3	2728021	S	3157	731	3888	0.00022
Janthinobacterium sp. 17J80-10	2497863	S	2075	355	2430	0.00014
Janthinobacterium sp. 1_2014MBL_MicDiv	1644131	S	2022	1387	3409	0.00019
Janthinobacterium agaricidamnosum	55508	S	2944	6662	9606	0.00054
Herbaspirillum robiniae	2014887	S	3682	1520	5202	0.00029
Herbaspirillum seropedicae	964	S	2566	1016	3582	0.00020
Herbaspirillum frisingense	92645	S	2337	811	3148	0.00018
Herbaspirillum hiltneri	341045	S	2324	445	2769	0.00016
Herbaspirillum rubrisubalbicans	80842	S	2241	1154	3395	0.00019
Herbaspirillum huttiense	863372	S	1592	708	2300	0.00013
Herbaspirillum sp. meg3	2025949	S	1284	169	1453	0.00008
Collimonas fungivorans	158899	S	2931	883	3814	0.00022
Collimonas arenae	279058	S	2419	343	2762	0.00016
Collimonas pratensis	279113	S	2179	481	2660	0.00015
Noviherbaspirillum sp. UKPF54	2601898	S	4750	922	5672	0.00032
Achromobacter xylosoxidans	85698	S	10957	21590	32547	0.00184
Achromobacter sp. AONIH1	1758194	S	3538	5757	9295	0.00053
Achromobacter sp. MFA1 R4	1881016	S	2741	1973	4714	0.00027
Achromobacter spanius	217203	S	5732	2759	8491	0.00048
Achromobacter denitrificans	32002	S	5020	4382	9402	0.00053
Achromobacter deleyi	1353891	S	3750	3156	6906	0.00039
Achromobacter insolitus	217204	S	2654	889	3543	0.00020
Achromobacter pestifer	1353889	S	2028	1648	3676	0.00021
Achromobacter mucicolens	1389922	S	1292	2411	3703	0.00021
Bordetella sp. H567	1697043	S	3515	496	4011	0.00023
Bordetella sp. N	1746199	S	3481	462	3943	0.00022
Bordetella bronchialis	463025	S	4124	659	4783	0.00027
Bordetella genomosp. 13	463040	S	4040	3340	7380	0.00042
Bordetella genomosp. 8	1416806	S	3961	563	4524	0.00026
Bordetella flabilis	463014	S	3599	361	3960	0.00022
Bordetella genomosp. 9	1416803	S	3435	1024	4459	0.00025
Bordetella hinzii	103855	S	3102	1634	4736	0.00027
Bordetella petrii	94624	S	2771	4344	7115	0.00040
Bordetella trematum	123899	S	2279	1155	3434	0.00019
Bordetella pseudohinzii	1331258	S	1796	986	2782	0.00016
Bordetella bronchiseptica	518	S	1794	11921	13715	0.00078
Bordetella holmesii	35814	S	1142	466	1608	0.00009
Bordetella avium	521	S	1068	157	1225	0.00007
Pigmentiphaga sp. H8	2488560	S	6514	965	7479	0.00042
Pigmentiphaga aceris	1940612	S	1706	136	1842	0.00010
Orrella dioscoreae	1851544	S	3241	1350	4591	0.00026
Castellaniella defragrans	75697	S	3703	2912	6615	0.00037
Paralcaligenes sp. KSB-10	2901142	S	1181	57	1238	0.00007
Kerstersia gyiorum	206506	S	1055	259	1314	0.00007
Rhizobacter sp. AJA081-3	2753607	S	13234	3889	17123	0.00097
Rhizobacter gummiphilus	946333	S	10306	2365	12671	0.00072
Sphaerotilus sp. FB-5	2914710	S	6914	5093	12007	0.00068
Sphaerotilus natans	34103	S	6245	2823	9068	0.00051
Rubrivivax gelatinosus	28068	S	11309	4114	15423	0.00087
Methylibium petroleiphilum	105560	S	3722	3976	7698	0.00044
Methylibium sp. Pch-M	2082386	S	3665	3579	7244	0.00041
Aquincola tertiaricarbonis	391953	S	8451	3394	11845	0.00067
Thiomonas sp. X19	1050370	S	3124	2108	5232	0.00030
Thiomonas intermedia	926	S	2069	689	2758	0.00016
Leptothrix cholodnii	34029	S	7732	2842	10574	0.00060
Mitsuaria sp. 7	1658665	S	7246	1671	8917	0.00050
Xylophilus rhododendri	2697032	S	4949	1655	6604	0.00037
Ideonella dechloratans	36863	S	4694	3242	7936	0.00045
Tepidimonas taiwanensis	307486	S	3734	1578	5312	0.00030
Aquabacterium olei	1296669	S	3264	999	4263	0.00024
Roseateles depolymerans	76731	S	3208	712	3920	0.00022
Inhella inkyongensis	392593	S	2392	444	2836	0.00016
Paucibacter sp. KCTC 42545	1768242	S	2062	409	2471	0.00014
Sutterella megalosphaeroides	2494234	S	1271	339	1610	0.00009
Thauera sp. MZ1T	85643	S	6076	6925	13001	0.00074
Thauera sp. K11	2005884	S	5432	3743	9175	0.00052
Thauera humireducens	1134435	S	3661	2485	6146	0.00035
Thauera chlorobenzoica	96773	S	2911	2894	5805	0.00033
Thauera aromatica	59405	S	2672	4146	6818	0.00039
Thauera hydrothermalis	2184083	S	1637	537	2174	0.00012
Azoarcus sp. KH32C	748247	S	7688	1578	9266	0.00052
Azoarcus sp. DD4	2027405	S	4553	3249	7802	0.00044
Azoarcus olearius	418699	S	5014	2064	7078	0.00040
Azoarcus communis	41977	S	3859	1690	5549	0.00031
Nitrogeniibacter mangrovi	2016596	S	4462	1096	5558	0.00031
Nitrogeniibacter aestuarii	2815343	S	1936	250	2186	0.00012
Aromatoleum petrolei	76116	S	6595	1813	8408	0.00048
Aromatoleum aromaticum	551760	S	4672	3580	8252	0.00047
Aromatoleum bremense	76115	S	4112	2552	6664	0.00038
Aromatoleum pumilum	2067960	S	3757	1625	5382	0.00030
Azospira restricta	404405	S	9449	7433	16882	0.00096
Niveibacterium microcysteis	2811415	S	3672	617	4289	0.00024
Oryzomicrobium terrae	1735038	S	2606	780	3386	0.00019
Dechloromonas denitrificans	281362	S	3880	1238	5118	0.00029
Dechloromonas sp. HYN0024	2231055	S	1021	241	1262	0.00007
Ferribacterium limneticum	76259	S	4941	954	5895	0.00033
Quatrionicoccus australiensis	138118	S	2310	765	3075	0.00017
Usitatibacter rugosus	2732067	S	22500	2889	25389	0.00144
Usitatibacter palustris	2732487	S	17858	2442	20300	0.00115
Ferrigenium kumadai	1682490	S	12386	2657	15043	0.00085
Sideroxydans sp. MIZ01	2764705	S	3376	771	4147	0.00023
Sideroxydans lithotrophicus	63745	S	2755	460	3215	0.00018
Ferriphaselus amnicola	1188319	S	1241	172	1413	0.00008
Denitratisoma sp. DHT3	1981880	S	3479	2934	6413	0.00036
Denitratisoma oestradiolicum	311182	S	1736	325	2061	0.00012
Sulfuritalea hydrogenivorans	748811	S	4772	812	5584	0.00032
Methyloversatilis sp. RAC08	1842540	S	3653	561	4214	0.00024
Sterolibacterium denitrificans	157592	S	2753	880	3633	0.00021
Thiobacillus denitrificans	36861	S	5205	1151	6356	0.00036
Sulfuritortus calidifontis	1914471	S	3550	1716	5266	0.00030
Sulfurimicrobium lacus	2715678	S	3139	433	3572	0.00020
Sulfuriferula plumbiphila	171865	S	1751	350	2101	0.00012
Sulfuricella denitrificans	649841	S	1614	160	1774	0.00010
Nitrosospira lacus	1288494	S	1622	509	2131	0.00012
Nitrosospira multiformis	1231	S	1284	340	1624	0.00009
Chromobacterium sp. ATCC 53434	2059672	S	2479	1506	3985	0.00023
Chromobacterium vaccinii	1108595	S	2550	2318	4868	0.00028
Chromobacterium violaceum	536	S	2538	3105	5643	0.00032
Chromobacterium phragmitis	2202141	S	1533	1480	3013	0.00017
Chromobacterium paludis	2605945	S	1307	981	2288	0.00013
Pseudogulbenkiania sp. NH8B	748280	S	6016	2324	8340	0.00047
Jeongeupia sp. USM3	1906741	S	3643	1061	4704	0.00027
Jeongeupia sp. HS-3	1009682	S	1559	336	1895	0.00011
Paludibacterium paludis	1225769	S	1713	389	2102	0.00012
Paludibacterium yongneupense	400061	S	1647	266	1913	0.00011
Paludibacterium sp. B53371	2806263	S	1104	256	1360	0.00008
Vogesella sp. LIG4	1192162	S	2113	644	2757	0.00016
Microvirgula aerodenitrificans	57480	S	2261	493	2754	0.00016
Laribacter hongkongensis	168471	S	1691	1801	3492	0.00020
Aquaspirillum sp. LM1	1938604	S	1048	177	1225	0.00007
Crenobacter cavernae	2290923	S	4107	2191	6298	0.00036
Chitinolyticbacter meiyuanensis	682798	S	2552	612	3164	0.00018
Vitreoscilla filiformis	63	S	1152	386	1538	0.00009
Casimicrobium huifangae	2591109	S	3070	1648	4718	0.00027
Lysobacter sp. KIS68-7	2904252	S	18946	4730	23676	0.00134
Lysobacter sp. TY2-98	2290922	S	6431	1261	7692	0.00044
Lysobacter sp. 5GHs7-4	2904253	S	4299	1760	6059	0.00034
Lysobacter sp. CECT 30171	2822368	S	3617	1094	4711	0.00027
Lysobacter sp. S4-A87	2925843	S	3604	1737	5341	0.00030
Lysobacter sp. K5869	2820808	S	3188	2444	5632	0.00032
Lysobacter sp. CW239	2762611	S	2777	1895	4672	0.00026
Lysobacter enzymogenes	69	S	12406	6693	19099	0.00108
Lysobacter capsici	435897	S	8517	15837	24354	0.00138
Lysobacter solisilvae (ex Woo and Kim 2022)	2865112	S	8320	3124	11444	0.00065
Lysobacter soli	453783	S	8077	2131	10208	0.00058
Lysobacter lycopersici	1324796	S	5953	1534	7487	0.00042
Lysobacter solisilvae (ex Kim et al. 2021)	2763317	S	5755	1450	7205	0.00041
Lysobacter antibioticus	84531	S	4670	1378	6048	0.00034
Lysobacter maris	1605891	S	4081	1234	5315	0.00030
Lysobacter arenosi	2795387	S	3683	1731	5414	0.00031
Lysobacter alkalisoli	2591633	S	3203	717	3920	0.00022
Lysobacter oculi	2698682	S	3089	993	4082	0.00023
Stenotrophomonas maltophilia	40324	S	12941	25903	38844	0.00220
Stenotrophomonas sp. ESTM1D_MKCIP4_1	2072414	S	1000	988	1988	0.00011
Stenotrophomonas sp. LM091	1904944	S	1640	1000	2640	0.00015
Stenotrophomonas sp. 169	2770322	S	1419	317	1736	0.00010
Stenotrophomonas sp. 364	2691571	S	1064	700	1764	0.00010
Stenotrophomonas rhizophila	216778	S	4886	1735	6621	0.00037
Stenotrophomonas acidaminiphila	128780	S	2917	8441	11358	0.00064
Xanthomonas translucens	343	S	5206	8554	13760	0.00078
Xanthomonas campestris	339	S	3967	3895	7862	0.00045
Xanthomonas sacchari	56458	S	2713	1093	3806	0.00022
Xanthomonas arboricola	56448	S	2366	3440	5806	0.00033
Xanthomonas theicola	56464	S	1984	778	2762	0.00016
Xanthomonas oryzae	347	S	1865	1003	2868	0.00016
Xanthomonas citri	346	S	1658	13595	15253	0.00086
Xanthomonas hyacinthi	56455	S	1415	1040	2455	0.00014
Xanthomonas vesicatoria	56460	S	1235	846	2081	0.00012
Xanthomonas fragariae	48664	S	1187	297	1484	0.00008
Xanthomonas hortorum	56454	S	1168	1212	2380	0.00013
Xanthomonas albilineans	29447	S	1129	185	1314	0.00007
Xanthomonas cucurbitae	56453	S	1002	229	1231	0.00007
Luteimonas sp. MC1750	2799326	S	3376	1375	4751	0.00027
Luteimonas sp. S4-F44	2925842	S	3277	717	3994	0.00023
Luteimonas sp. D4P002	2901869	S	3192	929	4121	0.00023
Luteimonas sp. MC1572	2799325	S	2819	1448	4267	0.00024
Luteimonas sp. JM171	1896164	S	2749	631	3380	0.00019
Luteimonas sp. YGD11-2	2508168	S	2746	1267	4013	0.00023
Luteimonas sp. MC1825	2761107	S	2582	1359	3941	0.00022
Luteimonas granuli	1176533	S	3339	1280	4619	0.00026
Luteimonas chenhongjianii	2006110	S	2632	625	3257	0.00018
Luteimonas yindakuii	2565782	S	2630	1085	3715	0.00021
Pseudoxanthomonas suwonensis	314722	S	6560	3888	10448	0.00059
Pseudoxanthomonas mexicana	128785	S	4166	6632	10798	0.00061
Pseudoxanthomonas sp. X-1	2571115	S	3535	3555	7090	0.00040
Pseudoxanthomonas daejeonensis	266062	S	2639	766	3405	0.00019
Pseudoxanthomonas spadix	415229	S	2057	875	2932	0.00017
Thermomonas sp. XSG	2771436	S	2681	1301	3982	0.00023
Thermomonas sp. HDW16	2714945	S	2017	603	2620	0.00015
Thermomonas brevis	215691	S	3730	1699	5429	0.00031
Thermomonas aquatica	2202149	S	3597	2145	5742	0.00033
Thermomonas carbonis	1463158	S	2924	701	3625	0.00021
Arenimonas daejeonensis	370777	S	5086	1198	6284	0.00036
Pseudolysobacter antarcticus	2511995	S	2362	76	2438	0.00014
Luteibacter sp. 321	2911537	S	3034	924	3958	0.00022
Luteibacter sp. EIF3	2780091	S	2229	356	2585	0.00015
Luteibacter sp. 335	2911538	S	2096	458	2554	0.00014
Luteibacter sp. 353	2911539	S	1760	543	2303	0.00013
Luteibacter rhizovicinus	242606	S	2455	349	2804	0.00016
Luteibacter pinisoli	2589080	S	2251	576	2827	0.00016
Luteibacter anthropi	564369	S	1774	322	2096	0.00012
Rhodanobacter denitrificans	666685	S	4478	1848	6326	0.00036
Rhodanobacter sp. FDAARGOS 1247	2778082	S	2837	1047	3884	0.00022
Rhodanobacter thiooxydans	416169	S	2647	1297	3944	0.00022
Rhodanobacter glycinis	582702	S	2015	392	2407	0.00014
Dyella thiooxydans	445710	S	3611	1180	4791	0.00027
Dyella japonica	231455	S	2212	693	2905	0.00016
Dyella telluris	2763498	S	2049	569	2618	0.00015
Dyella terrae	522259	S	1537	230	1767	0.00010
Dyella caseinilytica	1849581	S	1228	103	1331	0.00008
Frateuria sp. 5GH9-34	2898793	S	5210	1726	6936	0.00039
Frateuria sp. 5GH9-11	1542730	S	3058	1287	4345	0.00025
Frateuria aurantia	81475	S	1089	158	1247	0.00007
Dokdonella koreensis	323415	S	6695	1327	8022	0.00045
Aerosticca soli	2010829	S	3181	4617	7798	0.00044
Ahniella affigens	2021234	S	1731	53	1784	0.00010
Pseudomonas sp. ATCC 13867	1294143	S	1559	3823	5382	0.00030
Pseudomonas sp. SCB32	2653853	S	1408	2636	4044	0.00023
Pseudomonas sp. PDNC002	2811422	S	1397	2376	3773	0.00021
Pseudomonas sp. Ost2	2678260	S	1345	975	2320	0.00013
Pseudomonas sp. KNUC1026	2893890	S	1320	324	1644	0.00009
Pseudomonas sp. TCU-HL1	1856685	S	1317	1018	2335	0.00013
Pseudomonas sp. LPB0260	2614442	S	1258	839	2097	0.00012
Pseudomonas sp. DY-1	1755504	S	1180	835	2015	0.00011
Pseudomonas sp. CC6-YY-74	1930532	S	1050	373	1423	0.00008
Pseudomonas fluorescens	294	S	8662	11747	20409	0.00116
Pseudomonas protegens	380021	S	2066	3053	5119	0.00029
Pseudomonas orientalis	76758	S	1468	604	2072	0.00012
Pseudomonas azotoformans	47878	S	1187	745	1932	0.00011
Pseudomonas synxantha	47883	S	1053	1107	2160	0.00012
Pseudomonas aeruginosa	287	S	8687	87650	96337	0.00545
Pseudomonas mendocina	300	S	3507	1634	5141	0.00029
Pseudomonas alcaligenes	43263	S	2761	2117	4878	0.00028
Pseudomonas furukawaii	1149133	S	1834	649	2483	0.00014
Pseudomonas resinovorans	53412	S	1875	520	2395	0.00014
Pseudomonas putida	303	S	10956	25846	36802	0.00208
Pseudomonas oryzihabitans	47885	S	3267	989	4256	0.00024
Pseudomonas fulva	47880	S	2010	7583	9593	0.00054
Pseudomonas stutzeri	316	S	12233	10337	22570	0.00128
Pseudomonas balearica	74829	S	2131	2995	5126	0.00029
Pseudomonas syringae	317	S	2522	6836	9358	0.00053
Pseudomonas viridiflava	33069	S	1628	277	1905	0.00011
Pseudomonas chlororaphis	587753	S	5388	9032	14420	0.00082
Pseudomonas otitidis	319939	S	3230	917	4147	0.00023
Pseudomonas knackmussii	65741	S	3060	3205	6265	0.00035
Pseudomonas psychrotolerans	237610	S	3047	934	3981	0.00023
Pseudomonas oryzae	1392877	S	2764	1069	3833	0.00022
Pseudomonas entomophila	312306	S	2281	1470	3751	0.00021
Pseudomonas cavernae	2320867	S	1958	386	2344	0.00013
Pseudomonas guangdongensis	1245526	S	1852	733	2585	0.00015
Pseudomonas lalkuanensis	2604832	S	1546	369	1915	0.00011
Pseudomonas campi	2731681	S	1385	245	1630	0.00009
Pseudomonas parafulva	157782	S	1337	556	1893	0.00011
Pseudomonas qingdaonensis	2056231	S	1270	336	1606	0.00009
Pseudomonas vanderleydeniana	2745495	S	1264	238	1502	0.00009
Pseudomonas eucalypticola	2599595	S	1167	193	1360	0.00008
Pseudomonas umsongensis	198618	S	1030	232	1262	0.00007
Azotobacter chroococcum	353	S	2710	1248	3958	0.00022
Azotobacter vinelandii	354	S	2033	8611	10644	0.00060
Azotobacter salinestris	69964	S	1476	501	1977	0.00011
Klebsiella pneumoniae	573	S	1321	71982	73303	0.00415
Enterobacter cloacae	550	S	1358	9506	10864	0.00061
Salmonella enterica	28901	S	1582	78990	80572	0.00456
Pluralibacter gergoviae	61647	S	1220	401	1621	0.00009
Escherichia coli	562	S	1047	35225	36272	0.00205
Serratia marcescens	615	S	2563	10569	13132	0.00074
Nissabacter sp. SGAir0207	2126321	S	1031	213	1244	0.00007
Pantoea agglomerans	549	S	1831	1761	3592	0.00020
Pantoea dispersa	59814	S	1537	822	2359	0.00013
Thioalkalivibrio sulfidiphilus	1033854	S	2405	1640	4045	0.00023
Thioalkalivibrio nitratireducens	186931	S	2379	650	3029	0.00017
Thioalkalivibrio paradoxus	108010	S	2348	710	3058	0.00017
Thioalkalivibrio sp. K90mix	396595	S	1829	250	2079	0.00012
Thioalkalivibrio versutus	106634	S	1696	241	1937	0.00011
Spiribacter sp. E85	2182432	S	4760	525	5285	0.00030
Spiribacter curvatus	1335757	S	1144	99	1243	0.00007
Acidihalobacter aeolianus	2792603	S	2079	312	2391	0.00014
Acidihalobacter ferrooxydans	1765967	S	1681	193	1874	0.00011
Acidihalobacter yilgarnensis	2819280	S	1205	87	1292	0.00007
Halorhodospira halophila	1053	S	2152	270	2422	0.00014
Aquisalimonas sp. 2447	2740807	S	2139	164	2303	0.00013
Alkalilimnicola ehrlichii	351052	S	2085	297	2382	0.00013
Candidatus Thiodictyon syntrophicum	1166950	S	4269	246	4515	0.00026
Allochromatium tepidum	553982	S	1851	875	2726	0.00015
Allochromatium vinosum	1049	S	1771	679	2450	0.00014
Thioflavicoccus mobilis	80679	S	3787	381	4168	0.00024
Marichromatium purpuratum	37487	S	3561	738	4299	0.00024
Thiocapsa bogorovii	521689	S	2943	167	3110	0.00018
Thiocystis violascens	73141	S	2291	207	2498	0.00014
Thermochromatium tepidum	1050	S	1431	316	1747	0.00010
Caldichromatium japonicum	2699430	S	1002	119	1121	0.00006
Wenzhouxiangella marina	1579979	S	2388	182	2570	0.00015
Wenzhouxiangella sp. AB-CW3	2771012	S	1505	80	1585	0.00009
Guyparkeria halophila	47960	S	2283	643	2926	0.00017
Sulfurivermis fontis	1972068	S	2123	929	3052	0.00017
Woeseia oceani	1548547	S	1061	21	1082	0.00006
Halomonas sp. THAF5a	2587844	S	2033	1856	3889	0.00022
Halomonas sp. 1513	1883416	S	1723	1249	2972	0.00017
Halomonas sp. THAF12	2587849	S	1538	1918	3456	0.00020
Halomonas sp. HG01	1609967	S	1504	1422	2926	0.00017
Halomonas sp. YLGW01	2773308	S	1379	478	1857	0.00011
Halomonas sp. MCCC 1A13316	2733487	S	1280	465	1745	0.00010
Halomonas sp. JS92-SW72	2306583	S	1170	2673	3843	0.00022
Halomonas beimenensis	475662	S	2255	1173	3428	0.00019
Halomonas aestuarii	1897729	S	1767	1088	2855	0.00016
Halomonas socia	1081866	S	1559	1037	2596	0.00015
Halomonas tianxiuensis	2497861	S	1421	1213	2634	0.00015
Halomonas sulfidivorans	2733488	S	1388	951	2339	0.00013
Halomonas elongata	2746	S	1277	308	1585	0.00009
Halomonas chromatireducens	507626	S	1114	248	1362	0.00008
Halotalea alkalilenta	376489	S	2294	666	2960	0.00017
Salinicola tamaricis	1771309	S	2110	557	2667	0.00015
Chromohalobacter salexigens	158080	S	1504	400	1904	0.00011
Pistricoccus aurantiacus	1883414	S	1007	148	1155	0.00007
Alcanivorax sp. N3-2A	2014542	S	1703	2775	4478	0.00025
Alcanivorax pacificus	1306787	S	1205	556	1761	0.00010
Aeromonas hydrophila	644	S	2068	12386	14454	0.00082
Aeromonas veronii	654	S	1391	4797	6188	0.00035
Zobellella denitrificans	347534	S	1597	504	2101	0.00012
Methylococcus sp. EFPC2	2812648	S	2058	238	2296	0.00013
Methylococcus sp. Mc7	2860258	S	1779	671	2450	0.00014
Methylococcus capsulatus	414	S	1872	577	2449	0.00014
Methylococcus geothermalis	2681310	S	1501	511	2012	0.00011
Methylomagnum ishizawai	1760988	S	2328	174	2502	0.00014
Methylomicrobium album	39775	S	1946	157	2103	0.00012
Methylocaldum marinum	1432792	S	1932	180	2112	0.00012
Methylogaea oryzae	1295382	S	1932	257	2189	0.00012
Sulfurifustis variabilis	1675686	S	8701	637	9338	0.00053
Sulfuricaulis limicola	1620215	S	3731	329	4060	0.00023
Acidiferrobacter sp. SPIII_3	1281578	S	1373	299	1672	0.00009
Acidiferrobacter thiooxydans	163359	S	1131	247	1378	0.00008
Solimonas sp. K1W22B-7	2303331	S	7667	886	8553	0.00048
Flagellatimonas centrodinii	2806210	S	2185	164	2349	0.00013
Sinimarinibacterium sp. NLF-5-8	2698684	S	1143	740	1883	0.00011
Steroidobacter denitrificans	465721	S	4190	1380	5570	0.00032
Kineobactrum salinum	2708301	S	1234	224	1458	0.00008
Candidatus Endoriftia persephone	393765	S	1105	76	1181	0.00007
Immundisolibacter cernigliae	1810504	S	3618	765	4383	0.00025
Salinisphaera sp. LB1	2183911	S	2542	125	2667	0.00015
endosymbiont of unidentified scaly snail isolate Monju	1248727	S	1942	196	2138	0.00012
Anaeromyxobacter sp. Red232	2918170	S	39215	4504	43719	0.00247
Anaeromyxobacter sp. Fw109-5	404589	S	28953	4065	33018	0.00187
Anaeromyxobacter sp. Red630	2918171	S	24687	3595	28282	0.00160
Anaeromyxobacter sp. K	447217	S	5663	10675	16338	0.00092
Anaeromyxobacter dehalogenans	161493	S	18766	12814	31580	0.00179
Corallococcus coralloides	184914	S	24061	6959	31020	0.00176
Corallococcus sp. EGB	1521117	S	7731	1818	9549	0.00054
Corallococcus macrosporus	35	S	6707	1147	7854	0.00044
Myxococcus xanthus	34	S	10980	51554	62534	0.00354
Myxococcus hansupus	1297742	S	6007	513	6520	0.00037
Myxococcus stipitatus	83455	S	5262	572	5834	0.00033
Myxococcus sp. SCHIC003	2813577	S	4695	519	5214	0.00030
Pyxidicoccus sp. SCPEA002	2813578	S	16666	822	17488	0.00099
Archangium violaceum	83451	S	22183	4530	26713	0.00151
Archangium gephyra	48	S	12252	2854	15106	0.00085
Stigmatella aurantiaca	41	S	10376	891	11267	0.00064
Cystobacter fuscus	43	S	9685	2758	12443	0.00070
Melittangium boletus	83453	S	7358	1910	9268	0.00052
Vulgatibacter incomptus	1391653	S	9217	800	10017	0.00057
Sorangium cellulosum	56	S	109066	13722	122788	0.00695
Polyangium aurulentum	2567896	S	26358	2467	28825	0.00163
Chondromyces crocatus	52	S	12574	586	13160	0.00074
Sandaracinus amylolyticus	927083	S	44981	2824	47805	0.00271
Labilithrix luteola	1391654	S	20678	956	21634	0.00122
Haliangium ochraceum	80816	S	19184	1097	20281	0.00115
Geomonas sp. RF6	2897342	S	3935	515	4450	0.00025
Geomonas paludis	2740185	S	2888	1375	4263	0.00024
Geomonas nitrogeniifigens	2847991	S	2818	1384	4202	0.00024
Geomonas subterranea	2847989	S	2540	1124	3664	0.00021
Geomonas oryzisoli	2847992	S	2336	1212	3548	0.00020
Geobacter sp. FeAm09	2597769	S	2690	357	3047	0.00017
Geobacter sp. SVR	2495594	S	1923	282	2205	0.00012
Geobacter sp. DSM 9736	1277350	S	1165	87	1252	0.00007
Geobacter pickeringii	345632	S	3006	750	3756	0.00021
Geobacter sulfurreducens	35554	S	2957	660	3617	0.00020
Geobacter metallireducens	28232	S	1863	416	2279	0.00013
Geobacter benzoatilyticus	2815309	S	1164	248	1412	0.00008
Citrifermentans bemidjiense	225194	S	2648	926	3574	0.00020
Citrifermentans bremense	60035	S	2512	957	3469	0.00020
Geotalea uraniireducens	351604	S	1814	143	1957	0.00011
Geotalea daltonii	1203471	S	1129	95	1224	0.00007
Geoalkalibacter subterraneus	483547	S	1161	1018	2179	0.00012
Desulfuromonas versatilis	2802975	S	4030	774	4804	0.00027
Desulfuromonas sp. DDH964	1823759	S	2852	561	3413	0.00019
Desulfuromonas soudanensis	1603606	S	2578	318	2896	0.00016
Pelobacter propionicus	29543	S	1740	651	2391	0.00014
Desulfovibrio sp. IOR2	2583823	S	1226	282	1508	0.00009
Desulfovibrio vulgaris	881	S	1590	257	1847	0.00010
Desulfovibrio sulfodismutans	63561	S	1486	391	1877	0.00011
Desulfovibrio desulfuricans	876	S	1236	412	1648	0.00009
Desulfovibrio piger	901	S	1127	275	1402	0.00008
Pseudodesulfovibrio mercurii	641491	S	1965	503	2468	0.00014
Pseudodesulfovibrio indicus	1716143	S	1824	417	2241	0.00013
Pseudodesulfovibrio aespoeensis	182210	S	1445	1041	2486	0.00014
Pseudodesulfovibrio cashew	2678688	S	1029	219	1248	0.00007
Solidesulfovibrio carbinoliphilus	345370	S	2729	358	3087	0.00017
Solidesulfovibrio magneticus	184917	S	1239	670	1909	0.00011
Solidesulfovibrio carbinolicus	296842	S	1174	872	2046	0.00012
Oceanidesulfovibrio marinus	370038	S	2348	156	2504	0.00014
Desulfolutivibrio sulfoxidireducens	2773299	S	1777	498	2275	0.00013
Desulfocurvibacter africanus	873	S	1764	143	1907	0.00011
Megalodesulfovibrio gigas	879	S	1561	82	1643	0.00009
Desulfomicrobium baculatum	899	S	1261	111	1372	0.00008
Desulfosarcina ovata	83564	S	1666	91	1757	0.00010
Desulfosarcina alkanivorans	571177	S	1505	650	2155	0.00012
Desulfosarcina widdelii	947919	S	1299	153	1452	0.00008
Desulfococcus multivorans	897	S	1137	250	1387	0.00008
Desulfobulbus propionicus	894	S	1451	97	1548	0.00009
Desulfobulbus oralis	1986146	S	1004	222	1226	0.00007
Desulfurivibrio alkaliphilus	427923	S	1004	59	1063	0.00006
Desulfosudis oleivorans	181663	S	1114	79	1193	0.00007
Persicimonas caeni	2292766	S	7071	238	7309	0.00041
Bradymonas sediminis	1548548	S	2489	188	2677	0.00015
Syntrophobacter fumaroxidans	119484	S	1952	803	2755	0.00016
Desulfoglaeba alkanexedens	361111	S	1505	87	1592	0.00009
Desulfarculus baarsii	453230	S	2729	1579	4308	0.00024
Hydrogenophilus thermoluteolus	297	S	1057	243	1300	0.00007
Gemmata obscuriglobus	114	S	16572	2312	18884	0.00107
Gemmata massiliana	1210884	S	7973	3342	11315	0.00064
Gemmata sp. SH-PL17	1630693	S	7408	3497	10905	0.00062
Urbifossiella limnaea	2528023	S	29228	2712	31940	0.00181
Frigoriglobus tundricola	2774151	S	19862	3310	23172	0.00131
Limnoglobus roseus	2598579	S	15379	751	16130	0.00091
Tuwongella immobilis	692036	S	2169	94	2263	0.00013
Telmatocola sphagniphila	1123043	S	1763	18	1781	0.00010
Lacipirellula parvula	2650471	S	9377	950	10327	0.00058
Lacipirellula limnantheis	2528024	S	8814	1016	9830	0.00056
Pirellulimonas nuda	2528009	S	6695	660	7355	0.00042
Botrimarina mediterranea	2528022	S	5924	498	6422	0.00036
Aeoliella mucimassa	2527972	S	2305	164	2469	0.00014
Adhaeretor mobilis	1930276	S	1322	113	1435	0.00008
Bythopirellula goksoeyrii	1400387	S	1174	73	1247	0.00007
Stieleria neptunia	2527979	S	2637	260	2897	0.00016
Stieleria maiorica	2795974	S	2559	468	3027	0.00017
Lignipirellula cremea	2528010	S	5124	516	5640	0.00032
Anatilimnocola aggregata	2528021	S	5098	488	5586	0.00032
Rosistilla oblonga	2527990	S	1536	702	2238	0.00013
Rosistilla carotiformis	2528017	S	1065	427	1492	0.00008
Rosistilla ulvae	1930277	S	1003	569	1572	0.00009
Pirellula staleyi	125	S	2918	104	3022	0.00017
Bremerella volcania	2527984	S	3295	227	3522	0.00020
Roseimaritima ulvae	980254	S	2097	124	2221	0.00013
Rubripirellula lacrimiformis	1930273	S	1340	231	1571	0.00009
Thermogutta terrifontis	1331910	S	1036	30	1066	0.00006
Aquisphaera giovannonii	406548	S	19556	3297	22853	0.00129
Tautonia plasticadhaerens	2527974	S	16997	1512	18509	0.00105
Paludisphaera borealis	1387353	S	13607	2897	16504	0.00093
Singulisphaera acidiphila	466153	S	11599	1652	13251	0.00075
Isosphaera pallida	128	S	2314	162	2476	0.00014
Planctomyces sp. SH-PL62	1636152	S	11598	4143	15741	0.00089
Planctomyces sp. SH-PL14	1632864	S	7990	501	8491	0.00048
Gimesia panareensis	2527978	S	2126	354	2480	0.00014
Gimesia chilikensis	2605989	S	1203	1384	2587	0.00015
Caulifigura coniformis	2527983	S	6998	459	7457	0.00042
Maioricimonas rarisocia	2528026	S	5348	662	6010	0.00034
Alienimonas californiensis	2527989	S	5057	378	5435	0.00031
Symmachiella dynata	2527995	S	2623	152	2775	0.00016
Fuerstiella marisgermanici	1891926	S	1565	27	1592	0.00009
Rubinisphaera brasiliensis	119	S	1460	144	1604	0.00009
Crateriforma conspicua	2527996	S	1335	271	1606	0.00009
Calycomorphotria hydatis	2528027	S	1193	44	1237	0.00007
Humisphaera borealis	2807512	S	8913	245	9158	0.00052
Phycisphaera mikurensis	547188	S	4815	425	5240	0.00030
Mucisphaera calidilacus	2527982	S	2163	125	2288	0.00013
Opitutus sp. GAS368	1882749	S	9342	1312	10654	0.00060
Opitutus terrae	107709	S	8204	365	8569	0.00048
Lacunisphaera limnophila	1838286	S	7269	979	8248	0.00047
Oleiharenicola sp. KSB-15	2862869	S	3930	207	4137	0.00023
Nibricoccus aquaticus	2576891	S	3519	150	3669	0.00021
Ereboglobus luteus	1796921	S	2370	111	2481	0.00014
Ruficoccus sp. ZRK36	2866311	S	1269	211	1480	0.00008
Verrucomicrobium sp. GAS474	1882831	S	4010	390	4400	0.00025
Verrucomicrobium spinosum	2736	S	2413	147	2560	0.00014
Luteolibacter ambystomatis	2824561	S	2548	184	2732	0.00015
Luteolibacter luteus	2728835	S	2275	112	2387	0.00014
Roseimicrobium sp. ORNL1	2711231	S	4299	159	4458	0.00025
Akkermansia muciniphila	239935	S	1541	185	1726	0.00010
Methylacidimicrobium sp. AP8	2730359	S	1101	129	1230	0.00007
Methylacidimicrobium sp. B4	2796139	S	1077	162	1239	0.00007
Kiritimatiella glycovorans	1307763	S	1505	1613	3118	0.00018
Hymenobacter sp. 5317J-9	2932250	S	1416	1120	2536	0.00014
Hymenobacter sp. PAMC 26628	1484118	S	1408	1089	2497	0.00014
Hymenobacter sp. PAMC 26554	1484116	S	1295	414	1709	0.00010
Hymenobacter sp. APR13	1356852	S	1148	1975	3123	0.00018
Hymenobacter sp. BRD128	2675878	S	1039	463	1502	0.00009
Hymenobacter monticola	1705399	S	1495	807	2302	0.00013
Hymenobacter busanensis	2607656	S	1287	415	1702	0.00010
Hymenobacter sedentarius	1411621	S	1103	478	1581	0.00009
Hymenobacter nivis	1850093	S	1027	781	1808	0.00010
Pontibacter russatus	2694929	S	1413	557	1970	0.00011
Fibrella aestuarina	651143	S	1160	257	1417	0.00008
Chryseolinea soli	2321403	S	2526	200	2726	0.00015
Niastella koreensis	354356	S	5606	804	6410	0.00036
Flavisolibacter ginsenosidimutans	661481	S	1034	109	1143	0.00006
Lacibacter sp. S13-6-6	2760713	S	1401	107	1508	0.00009
Panacibacter ginsenosidivorans	1813871	S	1215	83	1298	0.00007
Paraflavitalea soli	2315862	S	1092	118	1210	0.00007
Alistipes communis	2585118	S	1009	4926	5935	0.00034
Rhodothermus marinus	29549	S	5833	424	6257	0.00035
Rhodocaloribacter litoris	2558931	S	5824	775	6599	0.00037
Salinibacter ruber	146919	S	3682	91	3773	0.00021
Chlorobaculum limnaeum	274537	S	1348	665	2013	0.00011
Gemmatirosa kalamazoonesis	861299	S	89858	9479	99337	0.00562
Gemmatimonas groenlandica	2732249	S	12690	1403	14093	0.00080
Gemmatimonas aurantiaca	173480	S	8929	886	9815	0.00056
Gemmatimonas phototrophica	1379270	S	7796	1037	8833	0.00050
Luteitalea sp. TBR-22	2802971	S	37919	7061	44980	0.00255
Luteitalea pratensis	1855912	S	34866	4074	38940	0.00220
Granulicella sp. WH15	2602070	S	4355	777	5132	0.00029
Granulicella sp. 5B5	1617967	S	3580	570	4150	0.00023
Granulicella mallensis	940614	S	3231	385	3616	0.00020
Granulicella tundricola	940615	S	2671	349	3020	0.00017
Terriglobus roseus	392734	S	4351	888	5239	0.00030
Terriglobus albidus	1592106	S	3341	313	3654	0.00021
Terriglobus saanensis	870903	S	2081	258	2339	0.00013
Acidobacterium sp. 4Y35	2763107	S	3981	262	4243	0.00024
Acidobacterium capsulatum	33075	S	3923	470	4393	0.00025
Candidatus Koribacter versatilis	658062	S	7673	272	7945	0.00045
Edaphobacter sp. 12200R-103	2703788	S	3116	554	3670	0.00021
Edaphobacter sp. 4G125	2763071	S	1560	236	1796	0.00010
Acidisarcina polymorpha	2211140	S	2913	212	3125	0.00018
Paludibaculum fermentans	1473598	S	11761	358	12119	0.00069
Chloracidobacterium aggregatum	2851959	S	1820	2230	4050	0.00023
Chloracidobacterium validum	2821543	S	1455	33	1488	0.00008
Sulfidibacter corallicola	2818388	S	3149	67	3216	0.00018
Nitrospira moscoviensis	42253	S	7815	605	8420	0.00048
Nitrospira japonica	1325564	S	4011	404	4415	0.00025
Candidatus Nitrospira inopinata	1715989	S	3348	253	3601	0.00020
Nitrospira sp. KM1	1936990	S	3053	236	3289	0.00019
Spirochaeta thermophila	154	S	1073	109	1182	0.00007
Pyramidobacter piscolens	638849	S	1073	190	1263	0.00007
Fretibacterium fastidiosum	651822	S	1041	24	1065	0.00006
Candidatus Bipolaricaulis anaerobius	2026885	S	1141	57	1198	0.00007
Fusarium acuminatum	5515	S	4440	412	4852	0.00027
Fusarium oxysporum	5507	S	4432	1937	6369	0.00036
Beauveria felina	37994	S	1506	1241	2747	0.00016
Cordyceps fumosorosea	114497	S	2235	174	2409	0.00014
Ustilaginoidea virens	1159556	S	1323	133	1456	0.00008
Purpureocillium lilacinum	33203	S	2978	245	3223	0.00018
Drechmeria coniospora	98403	S	1893	98	1991	0.00011
Colletotrichum higginsianum	80884	S	2590	603	3193	0.00018
Thermothielavioides terrestris	2587410	S	3032	190	3222	0.00018
Thermothelomyces thermophilus	78579	S	2477	112	2589	0.00015
Pyricularia pennisetigena	1578925	S	1082	170	1252	0.00007
Pyricularia oryzae	318829	S	1033	278	1311	0.00007
Aspergillus puulaauensis	1220207	S	2609	295	2904	0.00016
Penicillium citrinum	5077	S	1836	750	2586	0.00015
Paraphaeosphaeria minitans	565426	S	1063	422	1485	0.00008
Pseudozyma flocculosa	84751	S	3690	98	3788	0.00021
Phlebiopsis gigantea	82310	S	1263	19	1282	0.00007
Phytophthora cinnamomi	4785	S	2720	458	3178	0.00018
Phytophthora fragariae	53985	S	1931	274	2205	0.00012
Phytophthora cryptogea	4786	S	1114	93	1207	0.00007
Phytophthora infestans	4787	S	1078	1939	3017	0.00017
Pythium aphanidermatum	65070	S	1107	17	1124	0.00006
