name	taxonomy_id	taxonomy_lvl	kraken_assigned_reads	added_reads	new_est_reads	fraction_total_reads
Bradyrhizobium sp. CCBAU 51753	1325100	S	955	695	1650	0.00073
Bradyrhizobium sp. BTAi1	288000	S	928	503	1431	0.00064
Bradyrhizobium sp. CCBAU 53338	1325111	S	827	1165	1992	0.00089
Bradyrhizobium sp. ORS 278	114615	S	825	569	1394	0.00062
Bradyrhizobium sp. ORS 285	115808	S	821	579	1400	0.00062
Bradyrhizobium sp. CCBAU 51765	1325102	S	812	842	1654	0.00074
Bradyrhizobium sp. CCBAU 051011	858422	S	783	488	1271	0.00057
Bradyrhizobium sp. CCBAU 53351	1325114	S	706	1165	1871	0.00083
Bradyrhizobium sp. SK17	2057741	S	662	665	1327	0.00059
Bradyrhizobium sp. 1(2017)	1404888	S	599	606	1205	0.00054
Bradyrhizobium sp. CCGE-LA001	1223566	S	595	541	1136	0.00050
Bradyrhizobium sp. CCBAU 53421	1325120	S	576	553	1129	0.00050
Bradyrhizobium sp. 6(2017)	1197460	S	571	436	1007	0.00045
Bradyrhizobium sp. PSBB068	2715960	S	520	521	1041	0.00046
Bradyrhizobium sp. CCBAU 53340	1325112	S	449	605	1054	0.00047
Bradyrhizobium sp.	376	S	353	1301	1654	0.00074
Bradyrhizobium sp. WSM471	319017	S	170	771	941	0.00042
Bradyrhizobium erythrophlei	1437360	S	2648	827	3475	0.00154
Bradyrhizobium diazoefficiens	1355477	S	2353	6848	9201	0.00409
Bradyrhizobium icense	1274631	S	1008	470	1478	0.00066
Bradyrhizobium paxllaeri	190148	S	903	610	1513	0.00067
Bradyrhizobium lablabi	722472	S	864	1931	2795	0.00124
Bradyrhizobium oligotrophicum	44255	S	860	448	1308	0.00058
Bradyrhizobium guangxiense	1325115	S	751	1158	1909	0.00085
Bradyrhizobium guangdongense	1325090	S	747	1012	1759	0.00078
Bradyrhizobium genosp. L	83637	S	742	497	1239	0.00055
Bradyrhizobium vignae	1549949	S	707	557	1264	0.00056
Bradyrhizobium japonicum	375	S	695	1946	2641	0.00117
Bradyrhizobium symbiodeficiens	1404367	S	670	895	1565	0.00070
Bradyrhizobium canariense	255045	S	665	199	864	0.00038
Bradyrhizobium zhanjiangense	1325107	S	615	484	1099	0.00049
Bradyrhizobium cosmicum	1404864	S	576	667	1243	0.00055
Bradyrhizobium arachidis	858423	S	574	562	1136	0.00051
Bradyrhizobium genosp. B	83627	S	535	411	946	0.00042
Bradyrhizobium guangzhouense	1325095	S	483	647	1130	0.00050
Bradyrhizobium amphicarpaeae	1404768	S	410	577	987	0.00044
Bradyrhizobium betae	244734	S	410	591	1001	0.00044
Bradyrhizobium ottawaense	931866	S	109	1447	1556	0.00069
Bosea sp. Tri-49	1867715	S	986	486	1472	0.00065
Bosea sp. F3-2	2599640	S	811	495	1306	0.00058
Bosea sp. AS-1	2015316	S	773	464	1237	0.00055
Bosea sp. RAC05	1842539	S	754	409	1163	0.00052
Bosea sp. ANAM02	2020412	S	655	411	1066	0.00047
Bosea sp. PAMC 26642	1792307	S	645	322	967	0.00043
Bosea vaviloviae	1526658	S	774	394	1168	0.00052
Rhodopseudomonas palustris	1076	S	5712	5018	10730	0.00477
Nitrobacter hamburgensis	912	S	1571	696	2267	0.00101
Nitrobacter winogradskyi	913	S	826	439	1265	0.00056
Tardiphaga robiniae	943830	S	749	313	1062	0.00047
Afipia carboxidovorans	40137	S	947	219	1166	0.00052
Afipia sp. GAS231	1882747	S	522	812	1334	0.00059
Variibacter gotjawalensis	1333996	S	1104	257	1361	0.00060
Mesorhizobium sp. J8	2777475	S	6126	4804	10930	0.00486
Mesorhizobium sp. 8	2584466	S	1562	910	2472	0.00110
Mesorhizobium sp. N3	675281	S	1474	705	2179	0.00097
Mesorhizobium sp. M2A.F.Ca.ET.043.05.1.1	2493671	S	1433	2548	3981	0.00177
Mesorhizobium sp. M1B.F.Ca.ET.045.04.1.1	2493673	S	1123	1005	2128	0.00095
Mesorhizobium sp. M1A.F.Ca.IN.022.06.1.1	2493680	S	981	829	1810	0.00080
Mesorhizobium sp. M1E.F.Ca.ET.045.02.1.1	2493672	S	964	1032	1996	0.00089
Mesorhizobium sp. M1D.F.Ca.ET.043.01.1.1	2493669	S	888	1045	1933	0.00086
Mesorhizobium sp. M3A.F.Ca.ET.080.04.2.1	2493676	S	868	641	1509	0.00067
Mesorhizobium sp. DCY119	2108445	S	855	461	1316	0.00059
Mesorhizobium sp. Pch-S	2082387	S	824	282	1106	0.00049
Mesorhizobium sp. 131-2-1	2744518	S	714	767	1481	0.00066
Mesorhizobium sp. M2A.F.Ca.ET.043.02.1.1	2493670	S	664	2808	3472	0.00154
Mesorhizobium sp. M2A.F.Ca.ET.046.03.2.1	2493674	S	652	2736	3388	0.00151
Mesorhizobium sp. INR15	2654248	S	591	257	848	0.00038
Mesorhizobium sp. M4B.F.Ca.ET.058.02.1.1	2493675	S	582	588	1170	0.00052
Mesorhizobium sp. M9A.F.Ca.ET.002.03.1.2	2493668	S	501	527	1028	0.00046
Mesorhizobium sp. M8A.F.Ca.ET.057.01.1.1	2493679	S	458	410	868	0.00039
Mesorhizobium sp. M7D.F.Ca.US.005.01.1.1	2493678	S	454	425	879	0.00039
Mesorhizobium sp. L-2-11	2744521	S	453	393	846	0.00038
Mesorhizobium sp. M6A.T.Cr.TU.016.01.1.1	2493677	S	415	381	796	0.00035
Mesorhizobium sp. NZP2077	2483404	S	352	312	664	0.00030
Mesorhizobium sp. NBSH29	2654249	S	322	76	398	0.00018
Mesorhizobium sp. M7A.F.Ce.TU.012.03.2.1	2493681	S	317	352	669	0.00030
Mesorhizobium sp. 113-3-3	2744516	S	315	387	702	0.00031
Mesorhizobium sp. 113-3-9	2744517	S	264	460	724	0.00032
Mesorhizobium sp. L-8-10	2744523	S	263	1183	1446	0.00064
Mesorhizobium sp. NZP2298	2483403	S	258	390	648	0.00029
Mesorhizobium sp. L-8-3	2744522	S	252	1168	1420	0.00063
Mesorhizobium sp. AA22	1854057	S	213	361	574	0.00026
Mesorhizobium oceanicum	1670800	S	1122	527	1649	0.00073
Mesorhizobium amorphae	71433	S	575	350	925	0.00041
Mesorhizobium loti	381	S	489	5066	5555	0.00247
Mesorhizobium opportunistum	593909	S	463	417	880	0.00039
Mesorhizobium australicum	536018	S	448	398	846	0.00038
Mesorhizobium erdmanii	1777866	S	383	351	734	0.00033
Mesorhizobium ciceri	39645	S	366	2427	2793	0.00124
Mesorhizobium japonicum	2066070	S	312	708	1020	0.00045
Mesorhizobium huakuii	28104	S	297	558	855	0.00038
Aminobacter sp. MSH1	374606	S	693	541	1234	0.00055
Aminobacter sp. SR38	2774562	S	118	589	707	0.00031
Aminobacter sp. MDW-2	2666139	S	103	940	1043	0.00046
Nitratireductor sp. SY7	2599600	S	995	519	1514	0.00067
Nitratireductor sp. OM-1	1756988	S	450	146	596	0.00026
Chelativorans sp. BNC1	266779	S	839	253	1092	0.00049
Roseitalea porphyridii	1852022	S	699	329	1028	0.00046
Hoeflea phototrophica	244596	S	250	78	328	0.00015
Hoeflea sp. IMCC20628	1620421	S	247	66	313	0.00014
Oricola thermophila	2742145	S	495	175	670	0.00030
Phyllobacterium zundukense	1867719	S	305	90	395	0.00018
Phyllobacterium sp. 628	2718938	S	163	32	195	0.00009
Salaquimonas pukyongi	2712698	S	171	31	202	0.00009
Rhizobium sp. BG4	2613770	S	485	212	697	0.00031
Rhizobium sp. NXC24	2048897	S	315	143	458	0.00020
Rhizobium sp. 11515TR	2028343	S	299	157	456	0.00020
Rhizobium sp. NLR16a	2731112	S	287	616	903	0.00040
Rhizobium sp. NXC14	1981173	S	260	468	728	0.00032
Rhizobium sp. ACO-34A	1571470	S	248	116	364	0.00016
Rhizobium sp. WL3	2603277	S	236	106	342	0.00015
Rhizobium sp. NZLR1	2731096	S	233	291	524	0.00023
Rhizobium sp. CIAT894	2020312	S	216	320	536	0.00024
Rhizobium sp. ADMK78	1813451	S	161	52	213	0.00009
Rhizobium sp. Khangiran2	1435607	S	136	322	458	0.00020
Rhizobium leguminosarum	384	S	1883	5015	6898	0.00307
Rhizobium rhizoryzae	451876	S	760	160	920	0.00041
Rhizobium etli	29449	S	674	1712	2386	0.00106
Rhizobium jaguaris	1312183	S	416	130	546	0.00024
Rhizobium bangladeshense	1138189	S	403	291	694	0.00031
Rhizobium pseudoryzae	379684	S	375	153	528	0.00023
Rhizobium favelukesii	348824	S	352	122	474	0.00021
Rhizobium phaseoli	396	S	343	1326	1669	0.00074
Rhizobium lentis	1138194	S	299	254	553	0.00025
Rhizobium pusense	648995	S	251	1580	1831	0.00081
Rhizobium binae	1138190	S	248	249	497	0.00022
Rhizobium gallicum	56730	S	238	535	773	0.00034
Rhizobium tropici	398	S	234	149	383	0.00017
Rhizobium rosettiformans	1368430	S	227	166	393	0.00017
Rhizobium lusitanum	293958	S	209	95	304	0.00014
Rhizobium daejeonense	240521	S	205	126	331	0.00015
Rhizobium flavum	1335061	S	187	282	469	0.00021
Rhizobium acidisoli	1538158	S	127	180	307	0.00014
Rhizobium oryzihabitans	2267833	S	127	144	271	0.00012
Rhizobium indicum	2583231	S	123	237	360	0.00016
Agrobacterium tumefaciens	358	S	953	1756	2709	0.00120
Agrobacterium vitis	373	S	380	104	484	0.00022
Agrobacterium rhizogenes	359	S	181	436	617	0.00027
Agrobacterium larrymoorei	160699	S	159	47	206	0.00009
Agrobacterium rubi	28099	S	149	59	208	0.00009
Neorhizobium galegae	399	S	1091	374	1465	0.00065
Neorhizobium sp. SOG26	2060726	S	387	145	532	0.00024
Neorhizobium sp. NCHU2750	1825976	S	350	152	502	0.00022
Sinorhizobium meliloti	382	S	5061	2636	7697	0.00342
Sinorhizobium fredii	380	S	2034	4774	6808	0.00302
Sinorhizobium sp. RAC02	1842534	S	466	225	691	0.00031
Sinorhizobium sp. BG8	2613773	S	409	125	534	0.00024
Sinorhizobium medicae	110321	S	559	196	755	0.00034
Sinorhizobium americanum	194963	S	537	440	977	0.00043
Ensifer adhaerens	106592	S	907	898	1805	0.00080
Ensifer mexicanus	375549	S	707	244	951	0.00042
Ensifer alkalisoli	1752398	S	488	260	748	0.00033
Ensifer sojae	716925	S	451	337	788	0.00035
Ensifer sp. PDNC004	2811423	S	356	270	626	0.00028
Shinella sp. HZN7	879274	S	769	654	1423	0.00063
Shinella sp. PSBB067	2715959	S	621	606	1227	0.00055
Kaistia sp. 32K	2795690	S	1050	469	1519	0.00068
Georhizobium profundi	2341112	S	470	180	650	0.00029
Ciceribacter thiooxidans	1969821	S	419	162	581	0.00026
Devosia sp. A16	1736675	S	2901	957	3858	0.00171
Devosia sp. G19	2801335	S	883	472	1355	0.00060
Devosia sp. S02	2657486	S	700	352	1052	0.00047
Devosia sp. LEGU1	2774137	S	584	219	803	0.00036
Devosia sp. 1566	2499144	S	545	163	708	0.00031
Devosia sp. I507	2083786	S	527	204	731	0.00032
Devosia sp. D6-9	2664417	S	341	968	1309	0.00058
Devosia sp. MC521	2759954	S	205	45	250	0.00011
Devosia ginsengisoli	400770	S	1055	479	1534	0.00068
Rhodoplanes sp. Z2-YC6860	674703	S	6340	1550	7890	0.00351
Hyphomicrobium denitrificans	53399	S	1037	218	1255	0.00056
Hyphomicrobium nitrativorans	1427356	S	650	127	777	0.00035
Hyphomicrobium sp. MC1	717785	S	545	102	647	0.00029
Blastochloris tepida	2233851	S	917	569	1486	0.00066
Blastochloris viridis	1079	S	780	472	1252	0.00056
Youhaiella tibetensis	1447062	S	1034	387	1421	0.00063
Methyloceanibacter caenitepidi	1384459	S	378	141	519	0.00023
Methyloceanibacter sp. wino2	2170729	S	348	141	489	0.00022
Aquabacter sp. L1I39	2820278	S	677	259	936	0.00042
Methyloligella sp. GL2	2742204	S	543	146	689	0.00031
Rhodomicrobium vannielii	1069	S	430	77	507	0.00023
Pelagibacterium halotolerans	531813	S	405	91	496	0.00022
Paradevosia shaoguanensis	1335043	S	363	1069	1432	0.00064
Caenibius tardaugens	169176	S	263	217	480	0.00021
Candidatus Filomicrobium marinum	1608628	S	178	11	189	0.00008
Methylobacterium sp. 4-46	426117	S	1105	552	1657	0.00074
Methylobacterium sp. 17Sr1-43	2202828	S	656	357	1013	0.00045
Methylobacterium sp. WL1	2603276	S	468	304	772	0.00034
Methylobacterium sp. 17Sr1-1	2202826	S	463	677	1140	0.00051
Methylobacterium sp. AMS5	925818	S	209	279	488	0.00022
Methylobacterium sp. DM1	2067957	S	158	607	765	0.00034
Methylobacterium nodulans	114616	S	930	329	1259	0.00056
Methylobacterium aquaticum	270351	S	899	1126	2025	0.00090
Methylobacterium durans	2202825	S	787	296	1083	0.00048
Methylobacterium currus	2051553	S	520	668	1188	0.00053
Methylobacterium terrae	2202827	S	520	730	1250	0.00056
Methylobacterium mesophilicum	39956	S	484	302	786	0.00035
Methylobacterium brachiatum	269660	S	467	422	889	0.00040
Methylobacterium indicum	1775910	S	388	586	974	0.00043
Methylobacterium radiotolerans	31998	S	114	742	856	0.00038
Microvirga sp. VF16	2807101	S	1534	502	2036	0.00090
Microvirga sp. 17 mud 1-3	2082949	S	920	448	1368	0.00061
Microvirga ossetica	1882682	S	1472	525	1997	0.00089
Microvirga thermotolerans	2651334	S	1081	657	1738	0.00077
Methylorubrum populi	223967	S	890	876	1766	0.00078
Methylorubrum extorquens	408	S	589	2185	2774	0.00123
Pseudolabrys sp. FHR47	2562284	S	4933	2141	7074	0.00314
Pseudolabrys taiwanensis	331696	S	4927	1884	6811	0.00303
Starkeya sp. ORNL1	2709380	S	1096	458	1554	0.00069
Starkeya novella	921	S	914	28429	29343	0.01304
Ancylobacter sp. TS-1	1850374	S	725	448	1173	0.00052
Ancylobacter pratisalsi	1745854	S	610	237	847	0.00038
Xanthobacter sp. YN2	2528964	S	948	371	1319	0.00059
Labrys sp. KNU-23	2789216	S	806	236	1042	0.00046
Azorhizobium caulinodans	7	S	753	314	1067	0.00047
Aureimonas sp. AU20	1349819	S	658	244	902	0.00040
Aureimonas sp. LMG 31693	2758041	S	521	251	772	0.00034
Aureimonas sp. OT7	2816454	S	444	301	745	0.00033
Aureimonas populi	1701758	S	533	266	799	0.00036
Martelella sp. AD-3	686597	S	198	629	827	0.00037
Martelella mediterranea	293089	S	341	235	576	0.00026
Martelella endophytica	1486262	S	330	155	485	0.00022
Martelella lutilitoris	2583532	S	198	274	472	0.00021
Methylocystis parvus	134	S	547	152	699	0.00031
Methylocystis rosea	173366	S	512	246	758	0.00034
Methylocystis bryophila	655015	S	460	103	563	0.00025
Methylocystis heyeri	391905	S	450	108	558	0.00025
Methylocystis sp. SC2	187303	S	285	216	501	0.00022
Methylosinus trichosporium	426	S	614	240	854	0.00038
Methylosinus sp. C49	2699395	S	518	196	714	0.00032
Pseudorhodoplanes sinuspersici	1235591	S	1683	383	2066	0.00092
Nordella sp. HKS 07	2712222	S	1410	283	1693	0.00075
Hartmannibacter diazotrophicus	1482074	S	771	294	1065	0.00047
Stappia indica	538381	S	818	426	1244	0.00055
Stappia sp. ES.058	1881061	S	463	148	611	0.00027
Labrenzia sp. VG12	2021862	S	247	182	429	0.00019
Labrenzia sp. PHM005	2590016	S	123	59	182	0.00008
Labrenzia sp. THAF82	2587861	S	103	37	140	0.00006
Labrenzia alexandrii	388408	S	142	178	320	0.00014
Pannonibacter phragmitetus	121719	S	749	699	1448	0.00064
Chelatococcus sp. CO-6	1702325	S	895	944	1839	0.00082
Chelatococcus daeguensis	444444	S	456	520	976	0.00043
Methylocella silvestris	199596	S	465	129	594	0.00026
Methylocella tundrae	227605	S	439	101	540	0.00024
Methylovirgula ligni	569860	S	462	140	602	0.00027
Beijerinckia indica	533	S	235	33	268	0.00012
Brucella intermedia	94625	S	529	758	1287	0.00057
Parvibaculum lavamentivorans	256618	S	610	238	848	0.00038
Pyruvatibacter mobilis	1712261	S	382	106	488	0.00022
Candidatus Phaeomarinobacter ectocarpi	1458461	S	162	19	181	0.00008
Breoghania sp. L-A4	2304600	S	615	220	835	0.00037
Cohaesibacter sp. ES.047	1798205	S	158	17	175	0.00008
Lichenihabitans psoromatis	2528642	S	404	84	488	0.00022
Sphingomonas sp. sand1-3	2764186	S	4609	2030	6639	0.00295
Sphingomonas sp. HDW15C	2714944	S	4246	1950	6196	0.00275
Sphingomonas sp. HDW15B	2714943	S	2964	880	3844	0.00171
Sphingomonas sp. HDW15A	2714942	S	2480	694	3174	0.00141
Sphingomonas sp. Cra20	1327635	S	1535	765	2300	0.00102
Sphingomonas sp. LMO-1	2681549	S	1532	727	2259	0.00100
Sphingomonas sp. CL5.1	2653203	S	1520	1035	2555	0.00114
Sphingomonas sp. C33	2698679	S	1358	750	2108	0.00094
Sphingomonas sp. MM-1	745310	S	1354	2539	3893	0.00173
Sphingomonas sp. LM7	1938607	S	1321	868	2189	0.00097
Sphingomonas sp. AP4-R1	2735134	S	1141	411	1552	0.00069
Sphingomonas sp. NBWT7	2596913	S	1139	811	1950	0.00087
Sphingomonas sp. XS-10	2599297	S	1068	508	1576	0.00070
Sphingomonas sp. AAP5	1523415	S	1061	689	1750	0.00078
Sphingomonas sp. C8-2	2492837	S	1017	2685	3702	0.00165
Sphingomonas sp. FARSPH	2219696	S	1012	1201	2213	0.00098
Sphingomonas sp. MK52	2711156	S	926	385	1311	0.00058
Sphingomonas sp. DH-S5	2759526	S	736	291	1027	0.00046
Sphingomonas sp. HMP9	1517554	S	712	716	1428	0.00063
Sphingomonas sp. KC8	1030157	S	709	413	1122	0.00050
Sphingomonas sp. PAMC26645	2565555	S	682	583	1265	0.00056
Sphingomonas sp. HMP6	1517551	S	667	360	1027	0.00046
Sphingomonas sp. LK11	1390395	S	590	553	1143	0.00051
Sphingomonas sp. NIC1	1961362	S	337	1689	2026	0.00090
Sphingomonas sp. YZ-8	2319844	S	315	37	352	0.00016
Sphingomonas sp. ERG5	1381597	S	129	248	377	0.00017
Sphingomonas sp. IC081	304378	S	128	973	1101	0.00049
Sphingomonas sediminicola	386874	S	8590	2626	11216	0.00498
Sphingomonas daechungensis	1176646	S	6340	1919	8259	0.00367
Sphingomonas lutea	1045317	S	5747	2344	8091	0.00360
Sphingomonas ginsengisoli An et al. 2013	363835	S	4116	1789	5905	0.00262
Sphingomonas rhizophila	2071607	S	3102	1524	4626	0.00206
Sphingomonas xanthus	2594473	S	2694	1091	3785	0.00168
Sphingomonas koreensis	93064	S	1666	2082	3748	0.00167
Sphingomonas alpina	653931	S	1599	527	2126	0.00094
Sphingomonas wittichii	160791	S	1429	4178	5607	0.00249
Sphingomonas sanxanigenens	397260	S	1380	1189	2569	0.00114
Sphingomonas hengshuiensis	1609977	S	1218	543	1761	0.00078
Sphingomonas taxi	1549858	S	1047	881	1928	0.00086
Sphingomonas panacis	1560345	S	1024	430	1454	0.00065
Sphingomonas panacisoli	1813879	S	989	459	1448	0.00064
Sphingomonas insulae	424800	S	773	554	1327	0.00059
Sphingomonas paucimobilis	13689	S	710	784	1494	0.00066
Sphingomonas melonis	152682	S	424	2088	2512	0.00112
Sphingomonas lacunae	2698828	S	370	91	461	0.00021
Sphingopyxis sp. PAMC25046	2565556	S	1726	1574	3300	0.00147
Sphingopyxis sp. QXT-31	1357916	S	1030	758	1788	0.00079
Sphingopyxis sp. 113P3	292913	S	879	608	1487	0.00066
Sphingopyxis sp. OPL5	2486273	S	877	499	1376	0.00061
Sphingopyxis sp. FD7	1914525	S	829	833	1662	0.00074
Sphingopyxis sp. EG6	1874061	S	759	719	1478	0.00066
Sphingopyxis macrogoltabida	33050	S	1710	1435	3145	0.00140
Sphingopyxis fribergensis	1515612	S	1041	796	1837	0.00082
Sphingopyxis lindanitolerans	2054227	S	934	718	1652	0.00073
Sphingopyxis terrae	33052	S	783	654	1437	0.00064
Sphingopyxis alaskensis	117207	S	707	562	1269	0.00056
Sphingopyxis granuli	267128	S	384	2758	3142	0.00140
Sphingobium sp. EP60837	1855519	S	987	480	1467	0.00065
Sphingobium sp. Cam5-1	2789327	S	825	572	1397	0.00062
Sphingobium sp. SYK-6	627192	S	806	473	1279	0.00057
Sphingobium sp. CAP-1	2676077	S	584	786	1370	0.00061
Sphingobium sp. TKS	1315974	S	554	835	1389	0.00062
Sphingobium sp. YG1	2082188	S	529	392	921	0.00041
Sphingobium sp. SCG-1	2072936	S	472	95	567	0.00025
Sphingobium sp. MI1205	407020	S	454	905	1359	0.00060
Sphingobium sp. RAC03	1843368	S	386	187	573	0.00025
Sphingobium sp. KCTC 72723	2733867	S	323	121	444	0.00020
Sphingobium sp. RSMS	520734	S	107	1019	1126	0.00050
Sphingobium yanoikuyae	13690	S	792	2326	3118	0.00139
Sphingobium cloacae	120107	S	549	1194	1743	0.00077
Sphingobium amiense	135719	S	517	1074	1591	0.00071
Sphingobium herbicidovorans	76947	S	502	489	991	0.00044
Sphingobium chlorophenolicum	46429	S	486	448	934	0.00042
Sphingobium japonicum	332056	S	469	618	1087	0.00048
Sphingobium baderi	1332080	S	411	598	1009	0.00045
Sphingobium hydrophobicum	1673076	S	338	512	850	0.00038
Sphingobium barthaii	1054037	S	172	966	1138	0.00051
Novosphingobium sp. Gsoil 351	2675225	S	1254	383	1637	0.00073
Novosphingobium sp. ABRDHK2	2571749	S	739	559	1298	0.00058
Novosphingobium sp. P6W	1609758	S	600	157	757	0.00034
Novosphingobium sp. THN1	1016987	S	479	294	773	0.00034
Novosphingobium sp. ES2-1	2780074	S	473	337	810	0.00036
Novosphingobium sp. PP1Y	702113	S	250	184	434	0.00019
Novosphingobium sp. KA1	164608	S	142	911	1053	0.00047
Novosphingobium resinovorum	158500	S	779	554	1333	0.00059
Novosphingobium aromaticivorans	48935	S	777	5384	6161	0.00274
Novosphingobium ginsenosidimutans	1176536	S	511	191	702	0.00031
Novosphingobium pentaromativorans	205844	S	277	452	729	0.00032
Allosphingosinicella indica	941907	S	2286	1049	3335	0.00148
Sphingosinithalassobacter sp. CS137	2762748	S	1216	675	1891	0.00084
Sphingosinithalassobacter sp. zrk23	2711215	S	756	477	1233	0.00055
Parasphingopyxis algicola	2026624	S	891	244	1135	0.00050
Parasphingopyxis sp. CP4	2724527	S	263	40	303	0.00013
Sphingorhabdus sp. YGSMI21	2077182	S	298	83	381	0.00017
Sphingorhabdus sp. SMR4y	2584094	S	279	81	360	0.00016
Sphingorhabdus sp. M41	1806885	S	164	42	206	0.00009
Sphingorhabdus lacus	392610	S	176	24	200	0.00009
Rhizorhabdus dicambivorans	1850238	S	1048	1534	2582	0.00115
Blastomonas sp. RAC04	1842535	S	202	431	633	0.00028
Blastomonas fulva	1550728	S	168	497	665	0.00030
Tardibacter chloracetimidivorans	1921510	S	751	871	1622	0.00072
Citromicrobium sp. JL477	1634516	S	566	501	1067	0.00047
Novosphingopyxis sp. PB63	2762729	S	541	448	989	0.00044
Parasphingorhabdus sp. JHSY0214	2806553	S	101	7	108	0.00005
Erythrobacter sp. HL-111	1798193	S	706	548	1254	0.00056
Erythrobacter sp. HKB08	2502843	S	609	428	1037	0.00046
Erythrobacter sp. 6D36	2782568	S	437	254	691	0.00031
Erythrobacter sp. THAF29	2587851	S	320	157	477	0.00021
Erythrobacter sp. KY5	2011159	S	252	78	330	0.00015
Erythrobacter sp. A30-3	2785907	S	234	270	504	0.00022
Erythrobacter litoralis	39960	S	905	937	1842	0.00082
Erythrobacter mangrovi	2739433	S	434	270	704	0.00031
Erythrobacter aureus	2182384	S	375	155	530	0.00024
Erythrobacter neustonensis	1112	S	362	243	605	0.00027
Porphyrobacter sp. CACIAM 03H1	2003315	S	671	551	1222	0.00054
Porphyrobacter sp. YT40	2547601	S	505	688	1193	0.00053
Porphyrobacter sp. LM 6	1896196	S	357	283	640	0.00028
Porphyrobacter sp. HT-58-2	2023229	S	287	191	478	0.00021
Altererythrobacter sp. B11	2060312	S	772	586	1358	0.00060
Altererythrobacter sp. TH136	2067415	S	739	424	1163	0.00052
Altererythrobacter sp. BO-6	2604537	S	422	224	646	0.00029
Altererythrobacter sp. ZODW24	2185142	S	172	32	204	0.00009
Altererythrobacter atlanticus	1267766	S	376	262	638	0.00028
Altererythrobacter epoxidivorans	361183	S	308	197	505	0.00022
Altererythrobacter ishigakiensis	476157	S	146	30	176	0.00008
Tsuneonella dongtanensis	692370	S	942	555	1497	0.00067
Tsuneonella amylolytica	2338327	S	932	721	1653	0.00073
Tsuneonella mangrovi	1982042	S	683	358	1041	0.00046
Tsuneonella flava	2055955	S	284	219	503	0.00022
Qipengyuania sediminis	1532023	S	669	324	993	0.00044
Qipengyuania flava	192812	S	651	771	1422	0.00063
Qipengyuania seohaensis	266951	S	338	199	537	0.00024
Croceicoccus marinus	450378	S	785	747	1532	0.00068
Croceicoccus sp. YJ47	2798724	S	464	362	826	0.00037
Croceicoccus naphthovorans	1348774	S	367	759	1126	0.00050
Pelagerythrobacter marensis	543877	S	525	270	795	0.00035
Aurantiacibacter gangjinensis	502682	S	322	118	440	0.00020
Aurantiacibacter atlanticus	1648404	S	148	105	253	0.00011
Paraurantiacibacter namhicola	645517	S	470	233	703	0.00031
Sphingosinicella sp. BN140058	1892855	S	2368	672	3040	0.00135
Sphingosinicella sp. UDD2	2771430	S	1403	780	2183	0.00097
Sphingosinicella microcystinivorans	335406	S	816	287	1103	0.00049
Sandaracinobacter sp. M6	2759707	S	654	221	875	0.00039
Caulobacter mirabilis	69666	S	2259	1032	3291	0.00146
Caulobacter sp. K31	366602	S	867	642	1509	0.00067
Caulobacter sp. FWC26	69665	S	732	686	1418	0.00063
Caulobacter vibrioides	155892	S	1513	1478	2991	0.00133
Caulobacter flavus	1679497	S	1397	926	2323	0.00103
Caulobacter segnis	88688	S	1090	875	1965	0.00087
Caulobacter rhizosphaerae	2010972	S	1046	886	1932	0.00086
Caulobacter soli	2708539	S	909	815	1724	0.00077
Caulobacter henricii	69395	S	658	336	994	0.00044
Phenylobacterium zucineum	284016	S	10625	5472	16097	0.00715
Phenylobacterium parvum	2201350	S	1584	603	2187	0.00097
Brevundimonas sp. M20	2591463	S	719	324	1043	0.00046
Brevundimonas sp. MF30-B	2561924	S	668	332	1000	0.00044
Brevundimonas sp. LVF2	2774190	S	660	317	977	0.00043
Brevundimonas sp. LM2	1938605	S	542	291	833	0.00037
Brevundimonas sp. GRTSA-9	2800818	S	441	167	608	0.00027
Brevundimonas sp. LVF1	2774189	S	413	312	725	0.00032
Brevundimonas sp. AJA228-03	2752515	S	402	211	613	0.00027
Brevundimonas sp. SGAir0440	2579977	S	158	375	533	0.00024
Brevundimonas sp. CS1	2813778	S	147	388	535	0.00024
Brevundimonas sp. DS20	1532555	S	116	708	824	0.00037
Brevundimonas sp. GW460-12-10-14-LB2	1827469	S	105	416	521	0.00023
Brevundimonas naejangsanensis	588932	S	929	883	1812	0.00081
Brevundimonas subvibrioides	74313	S	467	286	753	0.00033
Brevundimonas mediterranea	74329	S	340	323	663	0.00029
Brevundimonas diminuta	293	S	235	1041	1276	0.00057
Brevundimonas vesicularis	41276	S	111	438	549	0.00024
Terricaulis silvestris	2686094	S	1817	223	2040	0.00091
Asticcacaulis excentricus	78587	S	413	97	510	0.00023
Azospirillum brasilense	192	S	1099	1633	2732	0.00121
Azospirillum sp. TSH100	652764	S	414	383	797	0.00035
Azospirillum sp. TSA2s	709810	S	358	478	836	0.00037
Azospirillum sp. TSH58	664962	S	274	546	820	0.00036
Azospirillum thermophilum	2202148	S	1050	559	1609	0.00072
Azospirillum lipoferum	193	S	706	687	1393	0.00062
Azospirillum thiophilum	528244	S	554	420	974	0.00043
Azospirillum ramasamyi	682998	S	334	365	699	0.00031
Azospirillum humicireducens	1226968	S	281	310	591	0.00026
Azospirillum oryzae	286727	S	280	406	686	0.00031
Azospirillum baldaniorum	1064539	S	155	391	546	0.00024
Hypericibacter adhaerens	2602016	S	2426	1155	3581	0.00159
Hypericibacter terrae	2602015	S	2009	811	2820	0.00125
Magnetospirillum sp. XM-1	1663591	S	358	266	624	0.00028
Magnetospirillum sp. ME-1	1639348	S	318	250	568	0.00025
Magnetospirillum gryphiswaldense	55518	S	504	3090	3594	0.00160
Magnetospirillum magneticum	84159	S	389	173	562	0.00025
Skermanella sp. TT6	2775420	S	881	770	1651	0.00073
Skermanella pratensis	2233999	S	664	524	1188	0.00053
Rhodospirillum centenum	34018	S	890	476	1366	0.00061
Rhodospirillum rubrum	1085	S	464	22	486	0.00022
Ferrovibrio terrae	2594003	S	1348	379	1727	0.00077
Nitrospirillum amazonense	28077	S	900	277	1177	0.00052
Tistrella mobilis	171437	S	841	251	1092	0.00049
Indioceanicola profundi	2220096	S	722	230	952	0.00042
Defluviicoccus vanus	111831	S	441	104	545	0.00024
Niveispirillum cyanobacteriorum	1612173	S	366	101	467	0.00021
Pararhodospirillum photometricum	1084	S	278	77	355	0.00016
Magnetospira sp. QH-2	1288970	S	227	27	254	0.00011
Roseomonas sp. 546	2768162	S	864	347	1211	0.00054
Roseomonas sp. 1318	2768161	S	728	272	1000	0.00044
Roseomonas gilardii	257708	S	471	1235	1706	0.00076
Stella humosa	94	S	1715	602	2317	0.00103
Komagataeibacter xylinus	28448	S	264	701	965	0.00043
Komagataeibacter saccharivorans	265959	S	113	67	180	0.00008
Roseococcus sp. NIBR12	2771361	S	948	296	1244	0.00055
Acetobacter aceti	435	S	212	224	436	0.00019
Lichenicola cladoniae	1484109	S	543	84	627	0.00028
Acidibrevibacterium fodinaquatile	1969806	S	531	132	663	0.00029
Gluconacetobacter diazotrophicus	33996	S	370	178	548	0.00024
Gluconobacter oxydans	442	S	154	213	367	0.00016
Granulibacter bethesdensis	364410	S	286	54	340	0.00015
Neoasaia chiangmaiensis	320497	S	159	50	209	0.00009
Kozakia baliensis	153496	S	113	56	169	0.00008
Paracoccus sp. MC1862	2760307	S	285	104	389	0.00017
Paracoccus sp. Arc7-R13	2500532	S	260	120	380	0.00017
Paracoccus sp. AK26	2589076	S	207	77	284	0.00013
Paracoccus sp. H4-D09	2812658	S	159	66	225	0.00010
Paracoccus sp. BM15	1529068	S	141	34	175	0.00008
Paracoccus sanguinis	1545044	S	471	286	757	0.00034
Paracoccus pantotrophus	82367	S	307	267	574	0.00026
Paracoccus yeei	147645	S	301	559	860	0.00038
Paracoccus liaowanqingii	2560053	S	290	89	379	0.00017
Paracoccus aminovorans	34004	S	281	183	464	0.00021
Paracoccus zhejiangensis	1077935	S	264	128	392	0.00017
Paracoccus denitrificans	266	S	256	212	468	0.00021
Paracoccus suum	2259340	S	243	107	350	0.00016
Paracoccus jeotgali	2065379	S	241	106	347	0.00015
Paracoccus contaminans	1945662	S	223	122	345	0.00015
Paracoccus aminophilus	34003	S	186	45	231	0.00010
Paracoccus kondratievae	135740	S	146	58	204	0.00009
Rhodobacter sp. CZR27	2033869	S	390	209	599	0.00027
Rhodobacter sp. LPB0142	1850250	S	290	208	498	0.00022
Rhodobacter capsulatus	1061	S	405	236	641	0.00029
Rhodobacter blasticus	1075	S	225	86	311	0.00014
Sulfitobacter sp. AM1-D1	1917485	S	231	225	456	0.00020
Sulfitobacter sp. THAF37	2587855	S	194	158	352	0.00016
Sulfitobacter sp. D7	1968541	S	130	76	206	0.00009
Sulfitobacter pseudonitzschiae	1402135	S	216	124	340	0.00015
Sulfitobacter mediterraneus	83219	S	111	35	146	0.00006
Cereibacter sphaeroides	1063	S	1251	775	2026	0.00090
Roseovarius sp. THAF9	2587847	S	138	251	389	0.00017
Roseovarius indicus	540747	S	343	281	624	0.00028
Roseovarius faecimaris	2494550	S	159	48	207	0.00009
Salipiger profundus	1229727	S	388	308	696	0.00031
Salipiger pacificus	311180	S	323	248	571	0.00025
Yangia sp. CCB-MM3	1792508	S	263	101	364	0.00016
Celeribacter indicus	1208324	S	435	348	783	0.00035
Celeribacter manganoxidans	1411902	S	200	84	284	0.00013
Celeribacter ethanolicus	1758178	S	159	84	243	0.00011
Polymorphum gilvum	991904	S	805	513	1318	0.00059
Rhodovulum sp. P5	1564506	S	171	50	221	0.00010
Rhodovulum sp. MB263	308754	S	165	116	281	0.00012
Rhodovulum sulfidophilum	35806	S	276	234	510	0.00023
Paraoceanicella profunda	2579971	S	662	325	987	0.00044
Phaeobacter gallaeciensis	60890	S	139	145	284	0.00013
Phaeobacter inhibens	221822	S	111	103	214	0.00010
Thioclava electrotropha	1549850	S	194	111	305	0.00014
Thioclava nitratireducens	1915078	S	161	109	270	0.00012
Silicimonas algicola	1826607	S	435	102	537	0.00024
Leisingera aquaemixtae	1396826	S	168	108	276	0.00012
Pontivivens sp. MT2928	2789856	S	405	108	513	0.00023
Ruegeria pomeroyi	89184	S	172	65	237	0.00011
Roseivivax sp. THAF30	2587852	S	198	249	447	0.00020
Pelagovum pacificum	2588711	S	373	116	489	0.00022
Sagittula sp. P11	2009329	S	330	262	592	0.00026
Defluviimonas alba	1335048	S	319	202	521	0.00023
Pelagibaca abyssi	1250539	S	299	206	505	0.00022
Marinovum algicola	42444	S	280	177	457	0.00020
Roseobacter ponti	1891787	S	113	27	140	0.00006
Ketogulonicigenium vulgare	92945	S	121	117	238	0.00011
Ketogulonicigenium robustum	92947	S	106	26	132	0.00006
Mameliella alba	561184	S	224	108	332	0.00015
Dinoroseobacter shibae	215813	S	223	151	374	0.00017
Brevirhabdus pacifica	1267768	S	222	170	392	0.00017
Haematobacter massiliensis	195105	S	209	125	334	0.00015
Roseibacterium elongatum	159346	S	203	65	268	0.00012
Gemmobacter sp. HYN0069	2169400	S	200	56	256	0.00011
Confluentimicrobium sp. EMB200-NS6	1609966	S	192	184	376	0.00017
Tabrizicola piscis	2494374	S	178	44	222	0.00010
Monaibacterium sp. ALG8	2715211	S	177	75	252	0.00011
Thalassococcus sp. S3	2017482	S	157	24	181	0.00008
Oceanicola sp. D3	2587163	S	156	37	193	0.00009
Pseudopuniceibacterium antarcticum	2613965	S	155	42	197	0.00009
Maribius sp. THAF1	2587842	S	153	32	185	0.00008
Roseicitreum antarcticum	564137	S	142	30	172	0.00008
Antarctobacter heliothermus	74033	S	137	27	164	0.00007
Pseudooceanicola algae	1537215	S	134	35	169	0.00008
Jannaschia sp. CCS1	290400	S	130	17	147	0.00007
Tateyamaria omphalii	299262	S	127	23	150	0.00007
Boseongicola sp. CCM32	2552942	S	106	17	123	0.00005
Qingshengfaniella alkalisoli	2599296	S	102	15	117	0.00005
Phreatobacter stygius	1940610	S	984	379	1363	0.00061
Phreatobacter cathodiphilus	1868589	S	933	553	1486	0.00066
Phreatobacter sp. NMCR1094	2570229	S	673	281	954	0.00042
Micavibrio aeruginosavorus	349221	S	835	60	895	0.00040
Marinicauda algicola	2029849	S	661	245	906	0.00040
Glycocaulis alkaliphilus	1434191	S	270	52	322	0.00014
Maricaulis maris	74318	S	248	43	291	0.00013
Hyphobacterium sp. CCMP332	2749086	S	195	16	211	0.00009
Hyphomonas sp. CACIAM 19H1	1873716	S	273	42	315	0.00014
Hyphomonas sp. Mor2	1906738	S	152	11	163	0.00007
Hyphomonas sp. KY3	2016196	S	126	23	149	0.00007
Pseudomonas sp. SK	2729423	S	1286	495	1781	0.00079
Pseudomonas sp. TUM18999	2725477	S	1095	328	1423	0.00063
Pseudomonas sp. K2W31S-8	2320867	S	1070	319	1389	0.00062
Pseudomonas sp. LPB0260	2614442	S	830	275	1105	0.00049
Pseudomonas sp. TCU-HL1	1856685	S	819	275	1094	0.00049
Pseudomonas sp. S1-A32-2	2731681	S	751	191	942	0.00042
Pseudomonas sp. CC6-YY-74	1930532	S	743	156	899	0.00040
Pseudomonas sp. DY-1	1755504	S	662	203	865	0.00038
Pseudomonas sp. ATCC 13867	1294143	S	456	307	763	0.00034
Pseudomonas sp. SCB32	2653853	S	438	243	681	0.00030
Pseudomonas sp. PDNC002	2811422	S	363	146	509	0.00023
Pseudomonas sp. B11D7D	2735906	S	329	107	436	0.00019
Pseudomonas sp. ABC1	2748080	S	323	50	373	0.00017
Pseudomonas sp. MSPm1	2726956	S	269	88	357	0.00016
Pseudomonas sp. StFLB209	1028989	S	224	34	258	0.00012
Pseudomonas sp. 7SR1	1881017	S	187	51	238	0.00011
Pseudomonas sp. CMR5c	658630	S	180	329	509	0.00023
Pseudomonas sp. 02C 26	2054914	S	173	41	214	0.00010
Pseudomonas sp. BIGb0427	2724470	S	171	218	389	0.00017
Pseudomonas sp. HLS-6	2049589	S	167	38	205	0.00009
Pseudomonas sp. LPH1	1898684	S	164	104	268	0.00012
Pseudomonas sp. Leaf58	1736226	S	163	39	202	0.00009
Pseudomonas sp. S-6-2	1931241	S	163	14	177	0.00008
Pseudomonas sp. SNU WT1	2518644	S	161	144	305	0.00014
Pseudomonas sp. ADPe	2774873	S	160	207	367	0.00016
Pseudomonas sp. URMO17WK12:I11	1283291	S	150	96	246	0.00011
Pseudomonas sp. R32	1573704	S	146	193	339	0.00015
Pseudomonas sp. RtIB026	2749999	S	144	75	219	0.00010
Pseudomonas sp. MPC6	2498848	S	136	47	183	0.00008
Pseudomonas sp. DG56-2	2320270	S	133	27	160	0.00007
Pseudomonas sp. OIL-1	2706126	S	132	57	189	0.00008
Pseudomonas sp. M30-35	1981174	S	130	8	138	0.00006
Pseudomonas sp. LAB-08	143813	S	112	46	158	0.00007
Pseudomonas sp. gcc21	2726989	S	112	52	164	0.00007
Pseudomonas sp. 15A4	2804761	S	109	21	130	0.00006
Pseudomonas sp. CCOS 191	1649877	S	105	106	211	0.00009
Pseudomonas sp. ADAK18	2730848	S	102	31	133	0.00006
Pseudomonas aeruginosa	287	S	3472	5006	8478	0.00377
Pseudomonas mendocina	300	S	2175	597	2772	0.00123
Pseudomonas alcaligenes	43263	S	1354	487	1841	0.00082
Pseudomonas furukawaii	1149133	S	1026	229	1255	0.00056
Pseudomonas oleovorans	301	S	228	227	455	0.00020
Pseudomonas resinovorans	53412	S	935	178617	179552	0.07978
Pseudomonas nitroreducens	46680	S	268	119	387	0.00017
Pseudomonas multiresinivorans	95301	S	190	104	294	0.00013
Pseudomonas citronellolis	53408	S	379	250	629	0.00028
Pseudomonas lalkuanensis	2604832	S	9443	1373	10816	0.00481
Pseudomonas putida	303	S	5360	2809	8169	0.00363
Pseudomonas fulva	47880	S	549	1081	1630	0.00072
Pseudomonas oryzihabitans	47885	S	542	92	634	0.00028
Pseudomonas monteilii	76759	S	465	565	1030	0.00046
Pseudomonas plecoglossicida	70775	S	257	118	375	0.00017
Pseudomonas stutzeri	316	S	5570	1370	6940	0.00308
Pseudomonas balearica	74829	S	653	344	997	0.00044
Pseudomonas xanthomarina	271420	S	218	60	278	0.00012
Pseudomonas fluorescens	294	S	1753	509	2262	0.00101
Pseudomonas protegens	380021	S	661	116	777	0.00035
Pseudomonas orientalis	76758	S	217	50	267	0.00012
Pseudomonas azotoformans	47878	S	193	63	256	0.00011
Pseudomonas synxantha	47883	S	193	119	312	0.00014
Pseudomonas mediterranea	183795	S	182	55	237	0.00011
Pseudomonas poae	200451	S	154	92	246	0.00011
Pseudomonas trivialis	200450	S	151	51	202	0.00009
Pseudomonas corrugata	47879	S	131	35	166	0.00007
Pseudomonas rhodesiae	76760	S	127	33	160	0.00007
Pseudomonas syringae	317	S	453	690	1143	0.00051
Pseudomonas cichorii	36746	S	189	14	203	0.00009
Pseudomonas viridiflava	33069	S	156	16	172	0.00008
Pseudomonas asturiensis	1190415	S	127	11	138	0.00006
Pseudomonas chlororaphis	587753	S	1321	766	2087	0.00093
Pseudomonas lundensis	86185	S	109	9	118	0.00005
Pseudomonas otitidis	319939	S	1205	208	1413	0.00063
Pseudomonas knackmussii	65741	S	726	191	917	0.00041
Pseudomonas oryzae	1392877	S	701	180	881	0.00039
Pseudomonas psychrotolerans	237610	S	577	95	672	0.00030
Pseudomonas entomophila	312306	S	537	124	661	0.00029
Pseudomonas guangdongensis	1245526	S	452	120	572	0.00025
Pseudomonas denitrificans (nom. rej.)	43306	S	360	62	422	0.00019
Pseudomonas toyotomiensis	554344	S	357	124	481	0.00021
Pseudomonas saudiphocaensis	1499686	S	305	31	336	0.00015
Pseudomonas parafulva	157782	S	293	45	338	0.00015
Pseudomonas cremoricolorata	157783	S	261	30	291	0.00013
Pseudomonas rhizosphaerae	216142	S	259	46	305	0.00014
Pseudomonas alkylphenolica	237609	S	258	28	286	0.00013
Pseudomonas eucalypticola	2599595	S	249	25	274	0.00012
Pseudomonas sediminis	1691904	S	248	42	290	0.00013
Pseudomonas pohangensis	364197	S	229	16	245	0.00011
Pseudomonas xinjiangensis	487184	S	218	14	232	0.00010
Pseudomonas brassicacearum	930166	S	205	75	280	0.00012
Pseudomonas sabulinigri	472181	S	189	11	200	0.00009
Pseudomonas frederiksbergensis	104087	S	181	21	202	0.00009
Pseudomonas marincola	437900	S	175	11	186	0.00008
Pseudomonas umsongensis	198618	S	170	16	186	0.00008
Pseudomonas litoralis	797277	S	160	10	170	0.00008
Pseudomonas yamanorum	515393	S	151	16	167	0.00007
Pseudomonas salegens	1434072	S	148	7	155	0.00007
Pseudomonas arsenicoxydans	702115	S	138	10	148	0.00007
Pseudomonas sihuiensis	1274359	S	136	45	181	0.00008
Pseudomonas alcaliphila	101564	S	129	43	172	0.00008
Pseudomonas palleroniana	191390	S	128	11	139	0.00006
Pseudomonas pelagia	553151	S	125	6	131	0.00006
Pseudomonas koreensis	198620	S	123	18	141	0.00006
Pseudomonas khazarica	2502979	S	122	62	184	0.00008
Pseudomonas granadensis	1421430	S	118	22	140	0.00006
Pseudomonas vancouverensis	95300	S	113	11	124	0.00006
Pseudomonas agarici	46677	S	113	6	119	0.00005
Pseudomonas antarctica	219572	S	107	12	119	0.00005
Azotobacter chroococcum	353	S	641	497	1138	0.00051
Azotobacter vinelandii	354	S	377	0	377	0.00017
Azotobacter salinestris	69964	S	374	248	622	0.00028
Permianibacter aggregans	1510150	S	106	3	109	0.00005
Lysobacter solisilvae	2763317	S	6335	3570	9905	0.00440
Lysobacter soli	453783	S	6235	3568	9803	0.00436
Lysobacter sp. TY2-98	2290922	S	1553	571	2124	0.00094
Lysobacter sp. CW239	2762611	S	805	504	1309	0.00058
Lysobacter sp. H21R4	2781021	S	215	672	887	0.00039
Lysobacter sp. H21R20	2781022	S	123	391	514	0.00023
Lysobacter enzymogenes	69	S	2718	2257	4975	0.00221
Lysobacter lycopersici	1324796	S	1644	922	2566	0.00114
Lysobacter arenosi	2795387	S	1570	972	2542	0.00113
Lysobacter maris	1605891	S	1134	705	1839	0.00082
Lysobacter antibioticus	84531	S	982	720	1702	0.00076
Lysobacter capsici	435897	S	930	767	1697	0.00075
Lysobacter alkalisoli	2591633	S	852	431	1283	0.00057
Lysobacter gummosus	262324	S	808	703	1511	0.00067
Lysobacter oculi	2698682	S	788	453	1241	0.00055
Stenotrophomonas maltophilia	40324	S	1888	4403	6291	0.00280
Stenotrophomonas sp. ESTM1D_MKCIP4_1	2072414	S	140	207	347	0.00015
Stenotrophomonas sp. SAU14A_NAIMI4_5	2072413	S	134	293	427	0.00019
Stenotrophomonas sp. LM091	1904944	S	276	214	490	0.00022
Stenotrophomonas sp. 169	2770322	S	251	99	350	0.00016
Stenotrophomonas sp. 364	2691571	S	147	154	301	0.00013
Stenotrophomonas sp. NA06056	2742129	S	102	129	231	0.00010
Stenotrophomonas rhizophila	216778	S	785	614	1399	0.00062
Stenotrophomonas acidaminiphila	128780	S	447	1402	1849	0.00082
Xanthomonas campestris	339	S	578	1608	2186	0.00097
Xanthomonas sp. SS	2724122	S	102	529	631	0.00028
Xanthomonas sacchari	56458	S	487	370	857	0.00038
Xanthomonas translucens	343	S	467	675	1142	0.00051
Xanthomonas theicola	56464	S	312	235	547	0.00024
Xanthomonas citri	346	S	240	2722	2962	0.00132
Xanthomonas oryzae	347	S	236	267	503	0.00022
Xanthomonas hyacinthi	56455	S	235	258	493	0.00022
Xanthomonas albilineans	29447	S	232	73	305	0.00014
Xanthomonas vesicatoria	56460	S	215	208	423	0.00019
Xanthomonas hortorum	56454	S	184	471	655	0.00029
Xanthomonas cucurbitae	56453	S	166	95	261	0.00012
Xanthomonas arboricola	56448	S	148	503	651	0.00029
Xanthomonas fragariae	48664	S	140	80	220	0.00010
Xanthomonas vasicola	56459	S	135	155	290	0.00013
Luteimonas sp. JM171	1896164	S	855	365	1220	0.00054
Luteimonas sp. MC1750	2799326	S	837	609	1446	0.00064
Luteimonas sp. MC1825	2761107	S	693	673	1366	0.00061
Luteimonas sp. YGD11-2	2508168	S	675	559	1234	0.00055
Luteimonas sp. MC1572	2799325	S	658	611	1269	0.00056
Luteimonas granuli	1176533	S	869	598	1467	0.00065
Luteimonas chenhongjianii	2006110	S	685	286	971	0.00043
Luteimonas yindakuii	2565782	S	669	549	1218	0.00054
Thermomonas sp. SY21	2202149	S	1225	1117	2342	0.00104
Thermomonas sp. XSG	2771436	S	763	610	1373	0.00061
Thermomonas sp. HDW16	2714945	S	681	441	1122	0.00050
Thermomonas brevis	215691	S	1183	994	2177	0.00097
Thermomonas carbonis	1463158	S	755	382	1137	0.00051
Pseudoxanthomonas mexicana	128785	S	2087	1299	3386	0.00150
Pseudoxanthomonas suwonensis	314722	S	1722	1731	3453	0.00153
Pseudoxanthomonas spadix	415229	S	480	273	753	0.00033
Arenimonas daejeonensis	370777	S	933	374	1307	0.00058
Pseudolysobacter antarcticus	2511995	S	511	150	661	0.00029
Rhodanobacter denitrificans	666685	S	1214	783	1997	0.00089
Rhodanobacter sp. FDAARGOS 1247	2778082	S	957	648	1605	0.00071
Rhodanobacter glycinis	582702	S	807	350	1157	0.00051
Dyella thiooxydans	445710	S	1262	684	1946	0.00086
Dyella sp. G9	2763498	S	498	271	769	0.00034
Dyella sp. M7H15-1	2501295	S	230	83	313	0.00014
Dyella japonica	231455	S	594	335	929	0.00041
Dyella caseinilytica	1849581	S	332	63	395	0.00018
Dokdonella koreensis	323415	S	1382	441	1823	0.00081
Luteibacter pinisoli	2589080	S	602	196	798	0.00035
Luteibacter rhizovicinus	242606	S	549	140	689	0.00031
Aerosticca soli	2010829	S	928	553	1481	0.00066
Ahniella affigens	2021234	S	274	12	286	0.00013
Frateuria aurantia	81475	S	249	46	295	0.00013
Enterobacter cloacae	550	S	183	467	650	0.00029
Klebsiella pneumoniae	573	S	102	1030	1132	0.00050
Salmonella enterica	28901	S	166	2154	2320	0.00103
Pluralibacter gergoviae	61647	S	147	160	307	0.00014
Escherichia coli	562	S	108	1312	1420	0.00063
Serratia marcescens	615	S	250	905	1155	0.00051
Serratia plymuthica	82996	S	108	164	272	0.00012
Pantoea dispersa	59814	S	102	113	215	0.00010
Thioalkalivibrio sulfidiphilus	1033854	S	356	92	448	0.00020
Thioalkalivibrio nitratireducens	186931	S	340	122	462	0.00021
Thioalkalivibrio paradoxus	108010	S	313	137	450	0.00020
Thioalkalivibrio sp. K90mix	396595	S	260	47	307	0.00014
Thioalkalivibrio versutus	106634	S	207	46	253	0.00011
Acidihalobacter aeolianus	2792603	S	266	41	307	0.00014
Acidihalobacter ferrooxydans	1765967	S	203	22	225	0.00010
Acidihalobacter yilgarnenesis	2819280	S	155	17	172	0.00008
Spiribacter curvatus	1335757	S	156	18	174	0.00008
Spiribacter sp. 2438	2666185	S	118	17	135	0.00006
Halorhodospira halophila	1053	S	295	49	344	0.00015
Alkalilimnicola ehrlichii	351052	S	318	64	382	0.00017
Aquisalimonas sp. 2447	2740807	S	289	36	325	0.00014
Ectothiorhodospira haloalkaliphila	421628	S	103	73	176	0.00008
Thioflavicoccus mobilis	80679	S	423	59	482	0.00021
Marichromatium purpuratum	37487	S	413	101	514	0.00023
Candidatus Thiodictyon syntrophicum	1166950	S	391	34	425	0.00019
Allochromatium vinosum	1049	S	289	86	375	0.00017
Thiocystis violascens	73141	S	263	32	295	0.00013
Thermochromatium tepidum	1050	S	190	54	244	0.00011
Caldichromatium japonicum	2699430	S	131	15	146	0.00006
Wenzhouxiangella marina	1579979	S	301	32	333	0.00015
Wenzhouxiangella sp. AB-CW3	2771012	S	175	17	192	0.00009
Sulfurivermis fontis	1972068	S	340	94	434	0.00019
Guyparkeria halophila	47960	S	272	64	336	0.00015
Halothiobacillus sp. LS2	1860122	S	154	18	172	0.00008
Woeseia oceani	1548547	S	122	3	125	0.00006
Halomonas sp. THAF5a	2587844	S	218	211	429	0.00019
Halomonas sp. 1513	1883416	S	162	154	316	0.00014
Halomonas sp. YLGW01	2773308	S	159	67	226	0.00010
Halomonas sp. BC-M4-5	2497861	S	156	125	281	0.00012
Halomonas sp. HG01	1609967	S	150	186	336	0.00015
Halomonas sp. MCCC 1A13316	2733487	S	139	67	206	0.00009
Halomonas sp. MCCC 1A13718	2733488	S	132	97	229	0.00010
Halomonas sp. THAF12	2587849	S	126	171	297	0.00013
Halomonas sp. JS92-SW72	2306583	S	116	257	373	0.00017
Halomonas sp. PGE1	2730360	S	102	256	358	0.00016
Halomonas beimenensis	475662	S	224	153	377	0.00017
Halomonas aestuarii	1897729	S	172	139	311	0.00014
Halomonas elongata	2746	S	147	53	200	0.00009
Halomonas socia	1081866	S	125	106	231	0.00010
Halomonas chromatireducens	507626	S	116	44	160	0.00007
Halomonas meridiana	29570	S	102	118	220	0.00010
Salinicola tamaricis	1771309	S	283	90	373	0.00017
Halotalea alkalilenta	376489	S	250	48	298	0.00013
Chromohalobacter salexigens	158080	S	177	58	235	0.00010
Pistricoccus aurantiacus	1883414	S	126	29	155	0.00007
Alcanivorax sp. N3-2A	2014542	S	222	147	369	0.00016
Alcanivorax pacificus	1306787	S	200	34	234	0.00010
Marinobacterium aestuarii	1821621	S	106	11	117	0.00005
Saccharospirillum mangrovi	2161747	S	101	6	107	0.00005
Solimonas sp. K1W22B-7	2303331	S	2228	305	2533	0.00113
Sinimarinibacterium sp. NLF-5-8	2698684	S	237	22	259	0.00012
Steroidobacter denitrificans	465721	S	865	52	917	0.00041
Aeromonas veronii	654	S	187	248	435	0.00019
Aeromonas hydrophila	644	S	161	651	812	0.00036
Aeromonas media	651	S	100	124	224	0.00010
Aeromonas encheleia	73010	S	100	50	150	0.00007
Zobellella denitrificans	347534	S	208	54	262	0.00012
Marinobacter fonticola	2603215	S	116	178	294	0.00013
Methylococcus sp. EFPC2	2812648	S	276	33	309	0.00014
Methylococcus sp. IM1	2681310	S	269	59	328	0.00015
Methylococcus capsulatus	414	S	223	42	265	0.00012
Methylocaldum marinum	1432792	S	314	27	341	0.00015
Methylomicrobium album	39775	S	222	29	251	0.00011
Candidatus Methylospira mobilis	1808979	S	100	8	108	0.00005
Sulfurifustis variabilis	1675686	S	1232	126	1358	0.00060
Sulfuricaulis limicola	1620215	S	516	57	573	0.00025
Acidiferrobacter sp. SPIII_3	1281578	S	192	8	200	0.00009
Microbulbifer sp. SH-1	2681547	S	106	46	152	0.00007
Cellvibrio sp. PSBB006	1987723	S	110	37	147	0.00007
Kineobactrum salinum	2708301	S	147	24	171	0.00008
Vibrio anguillarum	55601	S	112	86	198	0.00009
Immundisolibacter cernigliae	1810504	S	496	71	567	0.00025
Salinisphaera sp. LB1	2183911	S	369	27	396	0.00018
endosymbiont of unidentified scaly snail isolate Monju	1248727	S	260	30	290	0.00013
Cupriavidus taiwanensis	164546	S	11448	12497	23945	0.01064
Cupriavidus oxalaticus	96344	S	4550	2777	7327	0.00326
Cupriavidus pauculus	82633	S	3825	1484	5309	0.00236
Cupriavidus necator	106590	S	2167	1275	3442	0.00153
Cupriavidus campinensis	151783	S	1198	529	1727	0.00077
Cupriavidus basilensis	68895	S	1154	431	1585	0.00070
Cupriavidus metallidurans	119219	S	1107	480	1587	0.00071
Cupriavidus nantongensis	1796606	S	765	1517	2282	0.00101
Cupriavidus pinatubonensis	248026	S	720	397	1117	0.00050
Cupriavidus gilardii	82541	S	712	4044	4756	0.00211
Cupriavidus neocaledonicus	1040979	S	494	900	1394	0.00062
Cupriavidus sp. ISTL7	2771360	S	149	1386	1535	0.00068
Burkholderia multivorans	87883	S	722	566	1288	0.00057
Burkholderia cepacia	292	S	560	1254	1814	0.00081
Burkholderia cenocepacia	95486	S	551	1740	2291	0.00102
Burkholderia ubonensis	101571	S	393	968	1361	0.00060
Burkholderia lata	482957	S	307	305	612	0.00027
Burkholderia contaminans	488447	S	295	315	610	0.00027
Burkholderia stagnalis	1503054	S	255	177	432	0.00019
Burkholderia anthina	179879	S	246	301	547	0.00024
Burkholderia stabilis	95485	S	230	225	455	0.00020
Burkholderia pyrrocinia	60550	S	192	195	387	0.00017
Burkholderia territorii	1503055	S	189	182	371	0.00017
Burkholderia ambifaria	152480	S	155	253	408	0.00018
Burkholderia seminalis	488731	S	147	137	284	0.00013
Burkholderia vietnamiensis	60552	S	116	434	550	0.00024
Burkholderia sp. CCGE1003	640512	S	752	239	991	0.00044
Burkholderia sp. DHOD12	2571746	S	451	93	544	0.00024
Burkholderia sp. THE68	758782	S	387	129	516	0.00023
Burkholderia sp. Bp7605	1740163	S	261	63	324	0.00014
Burkholderia sp. YI23	1097668	S	125	441	566	0.00025
Burkholderia sp. KK1	1855726	S	111	329	440	0.00020
Burkholderia pseudomallei	28450	S	361	18591	18952	0.00842
Burkholderia thailandensis	57975	S	258	172	430	0.00019
Burkholderia oklahomensis	342113	S	143	126	269	0.00012
Burkholderia sp. BDU8	1385592	S	102	54	156	0.00007
Burkholderia gladioli	28095	S	1057	648	1705	0.00076
Burkholderia plantarii	41899	S	502	205	707	0.00031
Burkholderia glumae	337	S	396	187	583	0.00026
Paraburkholderia sp. 7MH5	2547399	S	505	141	646	0.00029
Paraburkholderia sp. SOS3	1926494	S	409	85	494	0.00022
Paraburkholderia sp. PGU16	2735433	S	208	162	370	0.00016
Paraburkholderia sp. PGU19	2735434	S	177	156	333	0.00015
Paraburkholderia sp. Msb3	2604047	S	128	118	246	0.00011
Paraburkholderia aromaticivorans	2026199	S	474	255	729	0.00032
Paraburkholderia caribensis	75105	S	455	467	922	0.00041
Paraburkholderia tropica	92647	S	430	146	576	0.00026
Paraburkholderia acidisoli	2571748	S	426	130	556	0.00025
Paraburkholderia acidiphila	2571747	S	354	112	466	0.00021
Paraburkholderia phymatum	148447	S	349	125	474	0.00021
Paraburkholderia phytofirmans	261302	S	314	187	501	0.00022
Paraburkholderia phenoliruptrix	252970	S	301	143	444	0.00020
Paraburkholderia fungorum	134537	S	298	111	409	0.00018
Paraburkholderia terricola	169427	S	287	137	424	0.00019
Paraburkholderia atlantica	2654982	S	287	117	404	0.00018
Paraburkholderia sprentiae	948107	S	265	108	373	0.00017
Paraburkholderia megapolitana	420953	S	262	49	311	0.00014
Paraburkholderia caledonica	134536	S	247	77	324	0.00014
Paraburkholderia ginsengisoli	311231	S	243	116	359	0.00016
Paraburkholderia graminis	60548	S	232	95	327	0.00015
Paraburkholderia dokdonella	2211211	S	219	96	315	0.00014
Paraburkholderia xenovorans	36873	S	214	196	410	0.00018
Paraburkholderia hospita	169430	S	211	253	464	0.00021
Paraburkholderia caffeinilytica	1761016	S	181	80	261	0.00012
Paraburkholderia acidophila	265293	S	136	163	299	0.00013
Paraburkholderia terrae	311230	S	120	184	304	0.00014
Ralstonia solanacearum	305	S	952	2048	3000	0.00133
Ralstonia pickettii	329	S	440	577	1017	0.00045
Ralstonia insidiosa	190721	S	295	104	399	0.00018
Ralstonia mannitolilytica	105219	S	217	270	487	0.00022
Pandoraea pnomenusa	93220	S	358	204	562	0.00025
Pandoraea thiooxydans	445709	S	314	56	370	0.00016
Pandoraea pulmonicola	93221	S	259	91	350	0.00016
Pandoraea norimbergensis	93219	S	234	64	298	0.00013
Pandoraea sp. XY-2	2518599	S	217	82	299	0.00013
Pandoraea faecigallinarum	656179	S	211	82	293	0.00013
Pandoraea vervacti	656178	S	206	83	289	0.00013
Pandoraea apista	93218	S	193	83	276	0.00012
Pandoraea oxalativorans	573737	S	176	98	274	0.00012
Pandoraea fibrosis	1891094	S	152	69	221	0.00010
Pandoraea sputorum	93222	S	147	90	237	0.00011
Caballeronia sp. M1242	2814653	S	331	343	674	0.00030
Caballeronia insecticola	758793	S	315	85	400	0.00018
Lautropia mirabilis	47671	S	282	64	346	0.00015
Mycetohabitans rhizoxinica	412963	S	183	19	202	0.00009
Chitinimonas arctica	2594795	S	154	19	173	0.00008
Variovorax sp. HW608	1034889	S	1074	456	1530	0.00068
Variovorax sp. PBS-H4	434008	S	679	557	1236	0.00055
Variovorax sp. WDL1	207745	S	605	770	1375	0.00061
Variovorax sp. PBL-H6	434009	S	601	943	1544	0.00069
Variovorax sp. PAMC 28711	1795631	S	548	272	820	0.00036
Variovorax sp. RA8	662548	S	535	548	1083	0.00048
Variovorax sp. RKNM96	2681552	S	391	387	778	0.00035
Variovorax sp. PAMC28562	2762323	S	385	119	504	0.00022
Variovorax sp. PAMC26660	2762322	S	379	297	676	0.00030
Variovorax sp. SRS16	282217	S	275	894	1169	0.00052
Variovorax sp. PBL-E5	434014	S	252	1097	1349	0.00060
Variovorax sp. 38R	2774875	S	246	515	761	0.00034
Variovorax paradoxus	34073	S	3755	4329	8084	0.00359
Variovorax boronicumulans	436515	S	383	596	979	0.00044
Acidovorax sp. JMULE5	2518343	S	1162	835	1997	0.00089
Acidovorax sp. KKS102	358220	S	899	828	1727	0.00077
Acidovorax sp. RAC01	1842533	S	582	484	1066	0.00047
Acidovorax sp. 1608163	2478662	S	461	262	723	0.00032
Acidovorax sp. HDW3	2714923	S	280	203	483	0.00021
Acidovorax sp. T1	1858609	S	261	563	824	0.00037
Acidovorax avenae	80867	S	873	1361	2234	0.00099
Acidovorax monticola	1926868	S	651	610	1261	0.00056
Acidovorax carolinensis	553814	S	479	542	1021	0.00045
Acidovorax antarcticus	2743470	S	450	275	725	0.00032
Acidovorax citrulli	80869	S	221	391	612	0.00027
Acidovorax cattleyae	80868	S	179	297	476	0.00021
Ramlibacter tataouinensis	94132	S	6457	5688	12145	0.00540
Hydrogenophaga sp. BA0156	2716225	S	757	683	1440	0.00064
Hydrogenophaga sp. YM1	2806262	S	688	614	1302	0.00058
Hydrogenophaga sp. BPS33	2651974	S	590	366	956	0.00042
Hydrogenophaga sp. PBC	795665	S	575	507	1082	0.00048
Hydrogenophaga sp. PBL-H3	434010	S	417	380	797	0.00035
Hydrogenophaga sp. RAC07	1842537	S	407	285	692	0.00031
Hydrogenophaga sp. PAMC20947	2565558	S	219	140	359	0.00016
Hydrogenophaga sp. NH-16	2184519	S	208	631	839	0.00037
Hydrogenophaga crassostreae	1763535	S	202	41	243	0.00011
Hydrogenophaga pseudoflava	47421	S	179	465	644	0.00029
Rhodoferax sp. BAB1	2741720	S	658	402	1060	0.00047
Rhodoferax sp. AJA081-3	2752316	S	183	41	224	0.00010
Rhodoferax sp. PAMC29310	2822760	S	122	20	142	0.00006
Rhodoferax koreense	1842727	S	814	606	1420	0.00063
Rhodoferax sediminis	2509614	S	807	249	1056	0.00047
Rhodoferax ferrireducens	192843	S	228	43	271	0.00012
Rhodoferax saidenbachensis	1484693	S	212	70	282	0.00013
Rhodoferax antarcticus	81479	S	110	19	129	0.00006
Comamonas sp. NLF-7-7	2597701	S	476	347	823	0.00037
Comamonas serinivorans	1082851	S	394	158	552	0.00025
Comamonas testosteroni	285	S	377	424	801	0.00036
Comamonas aquatica	225991	S	314	220	534	0.00024
Comamonas koreensis	160825	S	239	118	357	0.00016
Comamonas piscis	1562974	S	174	69	243	0.00011
Comamonas thiooxydans	363952	S	136	172	308	0.00014
Polaromonas sp. JS666	296591	S	495	628	1123	0.00050
Polaromonas naphthalenivorans	216465	S	377	138	515	0.00023
Diaphorobacter sp. HDW4A	2714924	S	299	184	483	0.00021
Diaphorobacter sp. HDW4B	2714925	S	243	99	342	0.00015
Diaphorobacter ruginosibacter	1715720	S	333	164	497	0.00022
Diaphorobacter aerolatus	1288495	S	266	193	459	0.00020
Schlegelella thermodepolymerans	215580	S	1280	867	2147	0.00095
Delftia acidovorans	80866	S	304	1423	1727	0.00077
Ottowia sp. 27C	2816950	S	553	250	803	0.00036
Ottowia sp. oral taxon 894	1658672	S	168	47	215	0.00010
Ottowia oryzae	2109914	S	396	206	602	0.00027
Alicycliphilus denitrificans	179636	S	991	1705	2696	0.00120
Kinneretia sp. DAIF2	2714952	S	885	425	1310	0.00058
Serpentinomonas mccroryi	1458426	S	229	116	345	0.00015
Serpentinomonas raichei	1458425	S	208	103	311	0.00014
Melaminivora sp. SC2-9	2109913	S	457	478	935	0.00042
Hylemonella gracilis	80880	S	429	170	599	0.00027
Pulveribacter suum	2116657	S	416	452	868	0.00039
Verminephrobacter eiseniae	364317	S	406	157	563	0.00025
Simplicispira suum	2109915	S	289	144	433	0.00019
Limnohabitans sp. 63ED37-2	1678128	S	133	37	170	0.00008
Curvibacter sp. AEP1-3	1844971	S	147	34	181	0.00008
Candidatus Symbiobacter mobilis	1436290	S	111	9	120	0.00005
Bordetella bronchialis	463025	S	7471	2115	9586	0.00426
Bordetella sp. H567	1697043	S	435	111	546	0.00024
Bordetella sp. N	1746199	S	332	69	401	0.00018
Bordetella genomosp. 8	1416806	S	466	121	587	0.00026
Bordetella flabilis	463014	S	419	82	501	0.00022
Bordetella genomosp. 13	463040	S	417	172	589	0.00026
Bordetella hinzii	103855	S	414	231	645	0.00029
Bordetella genomosp. 9	1416803	S	383	105	488	0.00022
Bordetella petrii	94624	S	270	138	408	0.00018
Bordetella trematum	123899	S	259	81	340	0.00015
Bordetella pseudohinzii	1331258	S	209	124	333	0.00015
Bordetella bronchiseptica	518	S	156	1243	1399	0.00062
Bordetella holmesii	35814	S	141	58	199	0.00009
Achromobacter xylosoxidans	85698	S	1200	1786	2986	0.00133
Achromobacter sp. AONIH1	1758194	S	346	216	562	0.00025
Achromobacter sp. MFA1 R4	1881016	S	234	131	365	0.00016
Achromobacter sp. B7	2282475	S	169	76	245	0.00011
Achromobacter spanius	217203	S	549	240	789	0.00035
Achromobacter insolitus	217204	S	538	269	807	0.00036
Achromobacter denitrificans	32002	S	470	392	862	0.00038
Achromobacter pestifer	1353889	S	183	173	356	0.00016
Achromobacter deleyi	1353891	S	120	272	392	0.00017
Pigmentiphaga sp. H8	2488560	S	685	168	853	0.00038
Pigmentiphaga aceris	1940612	S	201	28	229	0.00010
Castellaniella defragrans	75697	S	432	166	598	0.00027
Orrella dioscoreae	1851544	S	404	137	541	0.00024
Alcaligenes faecalis	511	S	155	95	250	0.00011
Pusillimonas thiosulfatoxidans	2028345	S	125	18	143	0.00006
Kerstersia gyiorum	206506	S	143	27	170	0.00008
Massilia sp. WG5	1707785	S	784	647	1431	0.00064
Massilia sp. NR 4-1	1678028	S	521	257	778	0.00035
Massilia sp. LPB0304	2769491	S	460	452	912	0.00041
Massilia sp. YMA4	1593482	S	436	454	890	0.00040
Massilia sp. CCM 8941	2765360	S	279	194	473	0.00021
Massilia putida	1141883	S	1562	699	2261	0.00100
Massilia flava	871742	S	732	356	1088	0.00048
Massilia oculi	945844	S	591	260	851	0.00038
Massilia umbonata	864828	S	477	332	809	0.00036
Massilia albidiflava	321983	S	450	318	768	0.00034
Massilia lutea	321985	S	407	228	635	0.00028
Massilia plicata	321984	S	385	194	579	0.00026
Massilia armeniaca	2072590	S	381	355	736	0.00033
Massilia violaceinigra	2045208	S	320	189	509	0.00023
Janthinobacterium sp. 17J80-10	2497863	S	255	69	324	0.00014
Janthinobacterium sp. 1_2014MBL_MicDiv	1644131	S	236	158	394	0.00018
Janthinobacterium sp. LM6	1938606	S	122	125	247	0.00011
Janthinobacterium agaricidamnosum	55508	S	355	1069	1424	0.00063
Herbaspirillum robiniae	2014887	S	369	222	591	0.00026
Herbaspirillum seropedicae	964	S	280	167	447	0.00020
Herbaspirillum hiltneri	341045	S	267	108	375	0.00017
Herbaspirillum rubrisubalbicans	80842	S	225	186	411	0.00018
Herbaspirillum frisingense	92645	S	180	99	279	0.00012
Herbaspirillum huttiense	863372	S	172	102	274	0.00012
Herbaspirillum sp. meg3	2025949	S	146	35	181	0.00008
Duganella sp. GN2-R2	2728020	S	598	363	961	0.00043
Duganella sp. AF9R3	2728021	S	376	141	517	0.00023
Collimonas fungivorans	158899	S	348	184	532	0.00024
Collimonas arenae	279058	S	256	61	317	0.00014
Collimonas pratensis	279113	S	217	80	297	0.00013
Noviherbaspirillum sp. UKPF54	2601898	S	597	195	792	0.00035
Rhizobacter sp. AJA081-3	2753607	S	1088	542	1630	0.00072
Rhizobacter gummiphilus	946333	S	930	367	1297	0.00058
Methylibium sp. Pch-M	2082386	S	392	644	1036	0.00046
Methylibium petroleiphilum	105560	S	375	414	789	0.00035
Rubrivivax gelatinosus	28068	S	1056	573	1629	0.00072
Thiomonas sp. X19	1050370	S	366	167	533	0.00024
Thiomonas intermedia	926	S	287	317	604	0.00027
Mitsuaria sp. 7	1658665	S	805	311	1116	0.00050
Sphaerotilus natans	34103	S	748	444	1192	0.00053
Leptothrix cholodnii	34029	S	719	402	1121	0.00050
Xylophilus rhododendri	2697032	S	675	316	991	0.00044
Aquabacterium olei	1296669	S	400	158	558	0.00025
Roseateles depolymerans	76731	S	391	131	522	0.00023
Inhella inkyongensis	392593	S	241	63	304	0.00014
Paucibacter sp. KCTC 42545	1768242	S	219	63	282	0.00013
Sutterella megalosphaeroides	2494234	S	143	48	191	0.00009
Sutterella faecalis	2584944	S	105	41	146	0.00006
Azoarcus sp. KH32C	748247	S	627	200	827	0.00037
Azoarcus sp. DN11	356837	S	524	367	891	0.00040
Azoarcus sp. M9-3-2	2016596	S	477	147	624	0.00028
Azoarcus sp. CIB	198107	S	466	336	802	0.00036
Azoarcus sp. DD4	2027405	S	442	284	726	0.00032
Azoarcus olearius	418699	S	556	341	897	0.00040
Azoarcus pumilus	2067960	S	440	156	596	0.00026
Azoarcus communis	41977	S	374	113	487	0.00022
Thauera sp. MZ1T	85643	S	590	430	1020	0.00045
Thauera sp. K11	2005884	S	540	296	836	0.00037
Thauera humireducens	1134435	S	409	219	628	0.00028
Thauera chlorobenzoica	96773	S	286	485	771	0.00034
Thauera aromatica	59405	S	253	277	530	0.00024
Thauera hydrothermalis	2184083	S	171	49	220	0.00010
Aromatoleum petrolei	76116	S	485	304	789	0.00035
Aromatoleum aromaticum	551760	S	397	238	635	0.00028
Aromatoleum bremense	76115	S	354	253	607	0.00027
Azospira restricta	404405	S	933	752	1685	0.00075
Niveibacterium sp. HC41	2811415	S	409	88	497	0.00022
Oryzomicrobium terrae	1735038	S	256	104	360	0.00016
Dechloromonas sp. TW-R-39-2	2654218	S	142	33	175	0.00008
Dechloromonas sp. HYN0024	2231055	S	141	38	179	0.00008
Dechloromonas aromatica	259537	S	189	46	235	0.00010
Usitatibacter rugosus	2732067	S	2349	648	2997	0.00133
Usitatibacter palustris	2732487	S	1888	526	2414	0.00107
Denitratisoma sp. DHT3	1981880	S	373	202	575	0.00026
Denitratisoma oestradiolicum	311182	S	191	50	241	0.00011
Sulfuritalea hydrogenivorans	748811	S	525	171	696	0.00031
Methyloversatilis sp. RAC08	1842540	S	424	114	538	0.00024
Sterolibacterium denitrificans	157592	S	327	107	434	0.00019
Nitrosomonas communis	44574	S	533	55	588	0.00026
Nitrosospira multiformis	1231	S	126	10	136	0.00006
Nitrosospira lacus	1288494	S	117	14	131	0.00006
Nitrosospira briensis	35799	S	103	14	117	0.00005
Thiobacillus denitrificans	36861	S	577	183	760	0.00034
Sulfuritortus calidifontis	1914471	S	403	187	590	0.00026
Sulfurimicrobium lacus	2715678	S	339	81	420	0.00019
Sulfuriferula plumbiphila	171865	S	191	55	246	0.00011
Sulfuricella denitrificans	649841	S	153	25	178	0.00008
Sideroxydans lithotrophicus	63745	S	176	36	212	0.00009
Chromobacterium sp. ATCC 53434	2059672	S	273	195	468	0.00021
Chromobacterium violaceum	536	S	265	383	648	0.00029
Chromobacterium vaccinii	1108595	S	256	261	517	0.00023
Chromobacterium phragmitis	2202141	S	142	136	278	0.00012
Chromobacterium paludis	2605945	S	120	93	213	0.00009
Jeongeupia sp. USM3	1906741	S	390	171	561	0.00025
Jeongeupia sp. HS-3	1009682	S	145	47	192	0.00009
Pseudogulbenkiania sp. NH8B	748280	S	377	185	562	0.00025
Vogesella sp. LIG4	1192162	S	289	127	416	0.00019
Microvirgula aerodenitrificans	57480	S	276	85	361	0.00016
Laribacter hongkongensis	168471	S	218	117	335	0.00015
Aquaspirillum sp. LM1	1938604	S	116	29	145	0.00006
Crenobacter cavernae	2290923	S	448	273	721	0.00032
Chitinolyticbacter meiyuanensis	682798	S	273	81	354	0.00016
Vitreoscilla filiformis	63	S	177	55	232	0.00010
Candidatus Accumulibacter phosphatis	327160	S	411	59	470	0.00021
Casimicrobium huifangae	2591109	S	284	52	336	0.00015
Sorangium cellulosum	56	S	9815	2942	12757	0.00567
Chondromyces crocatus	52	S	1376	214	1590	0.00071
Sandaracinus amylolyticus	927083	S	3782	607	4389	0.00195
Minicystis rosea	888845	S	3238	631	3869	0.00172
Labilithrix luteola	1391654	S	2742	280	3022	0.00134
Myxococcus xanthus	34	S	970	712	1682	0.00075
Myxococcus hansupus	1297742	S	541	329	870	0.00039
Myxococcus stipitatus	83455	S	443	365	808	0.00036
Myxococcus sp. SCHIC003	2813577	S	426	343	769	0.00034
Corallococcus coralloides	184914	S	1444	755	2199	0.00098
Corallococcus macrosporus	35	S	562	878	1440	0.00064
Pyxidicoccus sp. SCPEA002	2813578	S	1280	461	1741	0.00077
Archangium violaceum	83451	S	2241	1056	3297	0.00147
Archangium gephyra	48	S	1480	769	2249	0.00100
Cystobacter fuscus	43	S	812	430	1242	0.00055
Stigmatella aurantiaca	41	S	769	240	1009	0.00045
Melittangium boletus	83453	S	622	327	949	0.00042
Anaeromyxobacter sp. Fw109-5	404589	S	1579	387	1966	0.00087
Anaeromyxobacter sp. K	447217	S	365	947	1312	0.00058
Anaeromyxobacter dehalogenans	161493	S	1098	1317	2415	0.00107
Vulgatibacter incomptus	1391653	S	896	160	1056	0.00047
Haliangium ochraceum	80816	S	2105	316	2421	0.00108
Geobacter sp. M18	443143	S	322	181	503	0.00022
Geobacter sp. FeAm09	2597769	S	204	46	250	0.00011
Geobacter sp. M21	443144	S	161	158	319	0.00014
Geobacter sp. SVR	2495594	S	141	24	165	0.00007
Geobacter sp. DSM 9736	1277350	S	114	9	123	0.00005
Geobacter sp. Jerry-YX	2815309	S	112	26	138	0.00006
Geobacter sulfurreducens	35554	S	270	140	410	0.00018
Geobacter pickeringii	345632	S	232	65	297	0.00013
Geobacter bremensis	60035	S	210	121	331	0.00015
Geobacter bemidjiensis	225194	S	161	159	320	0.00014
Geobacter metallireducens	28232	S	157	40	197	0.00009
Geobacter uraniireducens	351604	S	123	12	135	0.00006
Geoalkalibacter subterraneus	483547	S	121	80	201	0.00009
Desulfuromonas sp. DDH964	1823759	S	350	90	440	0.00020
Desulfuromonas soudanensis	1603606	S	234	41	275	0.00012
Pelobacter propionicus	29543	S	173	48	221	0.00010
Desulfovibrio vulgaris	881	S	336	50	386	0.00017
Desulfovibrio marinus	370038	S	324	53	377	0.00017
Desulfovibrio carbinoliphilus	345370	S	232	65	297	0.00013
Desulfovibrio sp. IOR2	2583823	S	129	35	164	0.00007
Desulfovibrio sulfodismutans	63561	S	139	57	196	0.00009
Desulfovibrio gigas	879	S	127	18	145	0.00006
Desulfovibrio piger	901	S	118	31	149	0.00007
Desulfovibrio desulfuricans	876	S	105	125	230	0.00010
Desulfovibrio carbinolicus	296842	S	102	169	271	0.00012
Pseudodesulfovibrio mercurii	641491	S	158	73	231	0.00010
Pseudodesulfovibrio aespoeensis	182210	S	157	104	261	0.00012
Pseudodesulfovibrio indicus	1716143	S	151	63	214	0.00010
Pseudodesulfovibrio cashew	2678688	S	125	33	158	0.00007
Desulfocurvibacter africanus	873	S	210	38	248	0.00011
Desulfolutivibrio sulfoxidireducens	2773299	S	149	75	224	0.00010
Desulfomicrobium baculatum	899	S	130	44	174	0.00008
Desulfosarcina alkanivorans	571177	S	140	57	197	0.00009
Desulfosarcina ovata	83564	S	123	10	133	0.00006
Desulfosarcina widdelii	947919	S	121	20	141	0.00006
Desulfococcus multivorans	897	S	114	29	143	0.00006
Desulfobulbus propionicus	894	S	115	23	138	0.00006
Persicimonas caeni	2292766	S	682	65	747	0.00033
Bradymonas sediminis	1548548	S	231	25	256	0.00011
Syntrophobacter fumaroxidans	119484	S	210	80	290	0.00013
Desulfoglaeba alkanexedens	361111	S	180	24	204	0.00009
Desulfarculus baarsii	453230	S	249	181	430	0.00019
Bdellovibrio bacteriovorus	959	S	107	50	157	0.00007
Hydrogenophilus thermoluteolus	297	S	158	46	204	0.00009
Micromonospora sp. WMMC415	2675222	S	3645	3050	6695	0.00297
Micromonospora sp. WMMA2032	2039870	S	1394	2010	3404	0.00151
Micromonospora sp. 28ISP2-46	2749844	S	1259	1647	2906	0.00129
Micromonospora sp. B006	2201999	S	1038	1790	2828	0.00126
Micromonospora sp. HM134	2583243	S	1015	1030	2045	0.00091
Micromonospora sp. L5	648999	S	128	1967	2095	0.00093
Micromonospora inositola	47865	S	5384	5548	10932	0.00486
Micromonospora terminaliae	1914461	S	5123	5742	10865	0.00483
Micromonospora echinaurantiaca	47857	S	3816	3852	7668	0.00341
Micromonospora purpureochromogenes	47872	S	2792	3040	5832	0.00259
Micromonospora viridifaciens	1881	S	2557	2419	4976	0.00221
Micromonospora auratinigra	261654	S	2335	2604	4939	0.00219
Micromonospora narathiwatensis	299146	S	2249	2358	4607	0.00205
Micromonospora echinofusca	47858	S	2209	2076	4285	0.00190
Micromonospora siamensis	299152	S	2000	1958	3958	0.00176
Micromonospora krabiensis	307121	S	1960	1494	3454	0.00153
Micromonospora coriariae	285665	S	1777	1572	3349	0.00149
Micromonospora coxensis	356852	S	1772	1985	3757	0.00167
Micromonospora carbonacea	47853	S	1685	1543	3228	0.00143
Micromonospora maris	1003110	S	1269	802	2071	0.00092
Micromonospora echinospora	1877	S	1126	933	2059	0.00091
Micromonospora zamorensis	709883	S	1084	937	2021	0.00090
Micromonospora sagamiensis	47875	S	1070	982	2052	0.00091
Micromonospora rifamycinica	291594	S	982	1018	2000	0.00089
Micromonospora chokoriensis	356851	S	939	771	1710	0.00076
Micromonospora tulbaghiae	479978	S	876	1977	2853	0.00127
Micromonospora craniellae	2294034	S	792	811	1603	0.00071
Micromonospora aurantiaca	47850	S	416	5681	6097	0.00271
Actinoplanes sp. N902-109	649831	S	1234	963	2197	0.00098
Actinoplanes sp. OR16	946334	S	1014	1227	2241	0.00100
Actinoplanes friuliensis	196914	S	1308	504	1812	0.00081
Actinoplanes teichomyceticus	1867	S	1102	767	1869	0.00083
Actinoplanes missouriensis	1866	S	956	656	1612	0.00072
Actinoplanes derwentensis	113562	S	853	308	1161	0.00052
Phytohabitans suffuscus	624315	S	2555	1421	3976	0.00177
Phytohabitans flavus	1076124	S	2065	1007	3072	0.00137
Plantactinospora sp. KBS50	2024580	S	1254	632	1886	0.00084
Plantactinospora sp. BB1	2071627	S	345	1585	1930	0.00086
Plantactinospora sp. BC1	2108470	S	264	1242	1506	0.00067
Salinispora arenicola	168697	S	584	279	863	0.00038
Salinispora tropica	168695	S	573	290	863	0.00038
Actinocatenispora thailandica	227318	S	1199	420	1619	0.00072
Verrucosispora sp. NA02020	2742132	S	662	722	1384	0.00061
Streptomyces sp. WAC 01438	2203204	S	729	672	1401	0.00062
Streptomyces sp. CCM_MD2014	1561022	S	626	1515	2141	0.00095
Streptomyces sp. CdTB01	1725411	S	613	472	1085	0.00048
Streptomyces sp. NHF165	2175864	S	601	262	863	0.00038
Streptomyces sp. CRXT-G-22	2768066	S	588	313	901	0.00040
Streptomyces sp. SAT1	1849967	S	567	461	1028	0.00046
Streptomyces sp. P3	2135430	S	566	409	975	0.00043
Streptomyces sp. SN-593	659352	S	544	248	792	0.00035
Streptomyces sp. 3214.6	1882757	S	526	441	967	0.00043
Streptomyces sp. TLI_053	1855352	S	485	256	741	0.00033
Streptomyces sp. So13.3	2136173	S	453	190	643	0.00029
Streptomyces sp. CRXT-Y-14	2768069	S	451	281	732	0.00033
Streptomyces sp. CB01881	2078691	S	450	237	687	0.00031
Streptomyces sp. ZYC-3	2797636	S	437	288	725	0.00032
Streptomyces sp. SCSIO 3032	1264596	S	433	191	624	0.00028
Streptomyces sp. NEAU-sy36	2751189	S	414	403	817	0.00036
Streptomyces sp. M2	646637	S	413	328	741	0.00033
Streptomyces sp. Z423-1	2730915	S	409	356	765	0.00034
Streptomyces sp. SCUT-3	2684469	S	406	271	677	0.00030
Streptomyces sp. QMT-12	2717324	S	386	211	597	0.00027
Streptomyces sp. NA02950	2742137	S	371	191	562	0.00025
Streptomyces sp. YIM 121038	2136401	S	354	292	646	0.00029
Streptomyces sp. CRPJ-33	2768068	S	353	233	586	0.00026
Streptomyces sp. PBH53	1577075	S	351	419	770	0.00034
Streptomyces sp. HM190	2695266	S	348	288	636	0.00028
Streptomyces sp. DSM 40868	2721173	S	344	324	668	0.00030
Streptomyces sp. SGAir0924	2109593	S	340	2382	2722	0.00121
Streptomyces sp. Go-475	2072505	S	339	454	793	0.00035
Streptomyces sp. C8S0	2585716	S	324	203	527	0.00023
Streptomyces sp. JB150	2714844	S	319	342	661	0.00029
Streptomyces sp. NA04227	2742136	S	307	150	457	0.00020
Streptomyces sp. SYP-A7193	2662065	S	302	472	774	0.00034
Streptomyces sp. RTd22	1841249	S	301	391	692	0.00031
Streptomyces sp. GS7	2692234	S	295	206	501	0.00022
Streptomyces sp. QHH-9511	2684468	S	295	216	511	0.00023
Streptomyces sp. RLB1-33	2721243	S	290	417	707	0.00031
Streptomyces sp. MBT27	1488356	S	286	182	468	0.00021
Streptomyces sp. RPA4-2	2721244	S	281	267	548	0.00024
Streptomyces sp. W1SF4	2305220	S	274	229	503	0.00022
Streptomyces sp. Z022	1442032	S	263	246	509	0.00023
Streptomyces sp. Rer75	2750011	S	260	382	642	0.00029
Streptomyces sp. CMB-StM0423	2059884	S	254	381	635	0.00028
Streptomyces sp. WAC 01529	2203205	S	245	242	487	0.00022
Streptomyces sp. 2323.1	1938841	S	234	185	419	0.00019
Streptomyces sp. HSG2	2797167	S	231	103	334	0.00015
Streptomyces sp. SirexAA-E	862751	S	231	188	419	0.00019
Streptomyces sp. fd1-xmd	1812480	S	220	265	485	0.00022
Streptomyces sp. SS52	2563602	S	219	1821	2040	0.00091
Streptomyces sp. SM18	1736046	S	210	159	369	0.00016
Streptomyces sp. S4.7	2705439	S	208	221	429	0.00019
Streptomyces sp. Tu 2975	2676871	S	207	194	401	0.00018
Streptomyces sp. jing01	2726118	S	190	311	501	0.00022
Streptomyces sp. CB09001	2083284	S	188	374	562	0.00025
Streptomyces sp. INR7	2607753	S	180	261	441	0.00020
Streptomyces sp. TN58	234612	S	169	213	382	0.00017
Streptomyces sp. SUK 48	2582831	S	165	292	457	0.00020
Streptomyces sp. WAC 06738	2203210	S	162	455	617	0.00027
Streptomyces sp. RPA4-5	2721245	S	157	285	442	0.00020
Streptomyces sp. 769	1262452	S	141	277	418	0.00019
Streptomyces sp. Mg1	465541	S	140	323	463	0.00021
Streptomyces sp. CNQ-509	444103	S	134	366	500	0.00022
Streptomyces sp. HF10	2692233	S	128	254	382	0.00017
Streptomyces sp. ADI95-16	1522758	S	126	271	397	0.00018
Streptomyces sp. NEAU-S7GS2	2202000	S	125	299	424	0.00019
Streptomyces sp. AgN23	1188315	S	123	350	473	0.00021
Streptomyces sp. S8	1837283	S	114	247	361	0.00016
Streptomyces sp. Tue 6075	1661694	S	112	243	355	0.00016
Streptomyces sp. S063	2005885	S	105	186	291	0.00013
Streptomyces venezuelae	54571	S	1808	2180	3988	0.00177
Streptomyces griseorubiginosus	67304	S	894	755	1649	0.00073
Streptomyces seoulensis	73044	S	858	751	1609	0.00072
Streptomyces chartreusis	1969	S	856	1109	1965	0.00087
Streptomyces albus	1888	S	760	411	1171	0.00052
Streptomyces aquilus	2548456	S	714	567	1281	0.00057
Streptomyces asterosporus	285570	S	667	741	1408	0.00063
Streptomyces griseus	1911	S	291	657	948	0.00042
Streptomyces globisporus	1908	S	187	509	696	0.00031
Streptomyces anulatus	1892	S	100	247	347	0.00015
Streptomyces nigra	1827580	S	623	589	1212	0.00054
Streptomyces bingchenggensis	379067	S	596	285	881	0.00039
Streptomyces armeniacus	83291	S	586	249	835	0.00037
Streptomyces buecherae	2763006	S	581	296	877	0.00039
Streptomyces tendae	1932	S	577	511	1088	0.00048
Streptomyces lydicus	47763	S	569	952	1521	0.00068
Streptomyces bathyalis	2710756	S	567	192	759	0.00034
Streptomyces tsukubensis	83656	S	560	958	1518	0.00067
Streptomyces lincolnensis	1915	S	536	426	962	0.00043
Streptomyces ferrugineus	1413221	S	525	474	999	0.00044
Streptomyces capitiformicae	2014920	S	522	303	825	0.00037
Streptomyces cattleya	29303	S	489	236	725	0.00032
Streptomyces cyaneochromogenes	2496836	S	488	403	891	0.00040
Streptomyces phaeolivaceus	2653200	S	488	336	824	0.00037
Streptomyces niveus	193462	S	482	628	1110	0.00049
Streptomyces spectabilis	68270	S	478	444	922	0.00041
Streptomyces davaonensis	348043	S	470	340	810	0.00036
Streptomyces hygroscopicus	1912	S	469	3001	3470	0.00154
Streptomyces cacaoi	1898	S	453	370	823	0.00037
Streptomyces cadmiisoli	2184053	S	436	249	685	0.00030
Streptomyces incarnatus	665007	S	423	442	865	0.00038
Streptomyces griseochromogenes	68214	S	422	305	727	0.00032
Streptomyces actuosus	1885	S	419	412	831	0.00037
Streptomyces fodineus	1904616	S	415	406	821	0.00036
Streptomyces nodosus	40318	S	415	250	665	0.00030
Streptomyces rimosus	1927	S	414	216	630	0.00028
Streptomyces broussonetiae	2686304	S	408	324	732	0.00033
Streptomyces griseoviridis	45398	S	407	307	714	0.00032
Streptomyces viridosporus	67581	S	393	491	884	0.00039
Streptomyces antibioticus	1890	S	391	342	733	0.00033
Streptomyces avermitilis	33903	S	389	283	672	0.00030
Streptomyces xinghaiensis	1038928	S	389	225	614	0.00027
Streptomyces collinus	42684	S	370	341	711	0.00032
Streptomyces alboflavus	67267	S	370	260	630	0.00028
Streptomyces galilaeus	33899	S	369	328	697	0.00031
Streptomyces ambofaciens	1889	S	360	568	928	0.00041
Streptomyces roseochromogenus	285450	S	359	301	660	0.00029
Streptomyces albireticuli	1940	S	358	235	593	0.00026
Streptomyces glomeroaurantiacus	68210	S	357	212	569	0.00025
Streptomyces lunaelactis	1535768	S	357	189	546	0.00024
Streptomyces aureoverticillatus	66871	S	341	246	587	0.00026
Streptomyces globosus	68209	S	339	237	576	0.00026
Streptomyces vietnamensis	362257	S	337	273	610	0.00027
Streptomyces rapamycinicus	1226757	S	333	315	648	0.00029
Streptomyces paludis	2282738	S	333	163	496	0.00022
Streptomyces albulus	68570	S	332	236	568	0.00025
Streptomyces dengpaensis	2049881	S	327	216	543	0.00024
Streptomyces pactum	68249	S	327	360	687	0.00031
Streptomyces parvulus	146923	S	325	345	670	0.00030
Streptomyces olivoreticuli	68246	S	323	183	506	0.00023
Streptomyces harbinensis	1176198	S	322	203	525	0.00023
Streptomyces clavuligerus	1901	S	317	134	451	0.00020
Streptomyces qaidamensis	1783515	S	315	391	706	0.00031
Streptomyces prasinus	67345	S	314	257	571	0.00025
Streptomyces mobaraensis	35621	S	312	183	495	0.00022
Streptomyces luteoverticillatus	66425	S	312	200	512	0.00023
Streptomyces griseocarneus	51201	S	310	209	519	0.00023
Streptomyces hundungensis	1077946	S	309	200	509	0.00023
Streptomyces formicae	1616117	S	305	337	642	0.00029
Streptomyces atratus	1893	S	304	148	452	0.00020
Streptomyces ficellus	1977088	S	300	224	524	0.00023
Streptomyces chromofuscus	42881	S	294	291	585	0.00026
Streptomyces glaucescens	1907	S	294	293	587	0.00026
Streptomyces rectiverticillatus	173860	S	292	185	477	0.00021
Streptomyces exfoliatus	1905	S	291	236	527	0.00023
Streptomyces pluripotens	1355015	S	289	162	451	0.00020
Streptomyces subrutilus	36818	S	287	251	538	0.00024
Streptomyces katrae	68223	S	287	237	524	0.00023
Streptomyces coeruleorubidus	116188	S	277	362	639	0.00028
Streptomyces gardneri	66892	S	276	328	604	0.00027
Streptomyces cyanogenus	80860	S	271	304	575	0.00026
Streptomyces hawaiiensis	67305	S	271	358	629	0.00028
Streptomyces kanamyceticus	1967	S	269	276	545	0.00024
Streptomyces tirandamycinicus	2174846	S	265	223	488	0.00022
Streptomyces lavendulae	1914	S	262	207	469	0.00021
Streptomyces pristinaespiralis	38300	S	258	325	583	0.00026
Streptomyces fagopyri	2662397	S	257	249	506	0.00023
Streptomyces rutgersensis	53451	S	251	279	530	0.00024
Streptomyces nitrosporeus	28894	S	248	166	414	0.00018
Streptomyces finlayi	67296	S	243	130	373	0.00017
Streptomyces qinzhouensis	2599401	S	236	146	382	0.00017
Streptomyces vinaceus	1960	S	235	201	436	0.00019
Streptomyces spongiicola	1690221	S	230	183	413	0.00018
Streptomyces tuirus	68278	S	229	325	554	0.00025
Streptomyces alboniger	132473	S	225	220	445	0.00020
Streptomyces gilvosporeus	553510	S	222	147	369	0.00016
Streptomyces nojiriensis	66374	S	221	269	490	0.00022
Streptomyces peucetius	1950	S	219	136	355	0.00016
Streptomyces pratensis	1169025	S	211	276	487	0.00022
Streptomyces leeuwenhoekii	1437453	S	171	331	502	0.00022
Streptomyces albidoflavus	1886	S	118	1191	1309	0.00058
Streptomyces cyaneogriseus	68192	S	151	335	486	0.00022
Streptomyces olivaceus	47716	S	148	786	934	0.00042
Streptomyces violaceusniger	68280	S	138	257	395	0.00018
Streptomyces koyangensis	188770	S	135	358	493	0.00022
Streptomyces noursei	1971	S	133	293	426	0.00019
Streptomyces platensis	58346	S	110	221	331	0.00015
Streptomyces fulvissimus	68202	S	109	1132	1241	0.00055
Kitasatospora sp. MMS16-BH015	2018025	S	473	226	699	0.00031
Kitasatospora sp. NA04385	2742135	S	407	300	707	0.00031
Kitasatospora setae	2066	S	392	281	673	0.00030
Kitasatospora albolonga	68173	S	160	215	375	0.00017
Streptacidiphilus sp. P02-A3a	2704468	S	468	219	687	0.00031
Streptacidiphilus sp. PB12-B1b	2705012	S	358	202	560	0.00025
Streptacidiphilus bronchialis	2126346	S	363	191	554	0.00025
Microbacterium sp. NY27	2782169	S	460	264	724	0.00032
Microbacterium sp. No. 7	1714373	S	317	191	508	0.00023
Microbacterium sp. WY121	2782168	S	275	161	436	0.00019
Microbacterium sp. 4R-513	2567934	S	274	134	408	0.00018
Microbacterium sp. 10M-3C3	2483401	S	260	203	463	0.00021
Microbacterium sp. YJN-G	2763257	S	254	166	420	0.00019
Microbacterium sp. JZ31	1906274	S	239	144	383	0.00017
Microbacterium sp. A18JL200	2782167	S	203	126	329	0.00015
Microbacterium sp. BH-3-3-3	1906742	S	197	116	313	0.00014
Microbacterium sp. ABRD_28	2268461	S	186	81	267	0.00012
Microbacterium sp. LKL04	912630	S	168	105	273	0.00012
Microbacterium sp. RG1	2489212	S	168	78	246	0.00011
Microbacterium sp. A18JL241	2782166	S	162	89	251	0.00011
Microbacterium sp. PM5	2014534	S	151	85	236	0.00011
Microbacterium sp. XT11	367477	S	148	86	234	0.00010
Microbacterium sp. Se63.02b	2709304	S	148	115	263	0.00012
Microbacterium sp. Y-01	2048898	S	139	145	284	0.00013
Microbacterium sp. CBA3102	2603598	S	138	107	245	0.00011
Microbacterium sp. 1S1	2606451	S	121	203	324	0.00014
Microbacterium sp. TPU 3598	1938334	S	120	105	225	0.00010
Microbacterium sp. Nx66	2766784	S	105	302	407	0.00018
Microbacterium sp. HY82	2708079	S	103	24	127	0.00006
Microbacterium hominis	162426	S	518	353	871	0.00039
Microbacterium foliorum	104336	S	376	266	642	0.00029
Microbacterium oleivorans	273677	S	314	169	483	0.00021
Microbacterium oxydans	82380	S	244	213	457	0.00020
Microbacterium sediminis	904291	S	241	208	449	0.00020
Microbacterium lemovicicum	1072463	S	240	136	376	0.00017
Microbacterium esteraromaticum	57043	S	205	112	317	0.00014
Microbacterium caowuchunii	2614638	S	186	85	271	0.00012
Microbacterium pygmaeum	370764	S	186	76	262	0.00012
Microbacterium oryzae	743009	S	184	108	292	0.00013
Microbacterium wangchenii	2541726	S	179	133	312	0.00014
Microbacterium lushaniae	2614639	S	173	133	306	0.00014
Microbacterium aurum	36805	S	166	118	284	0.00013
Microbacterium protaetiae	2509458	S	165	62	227	0.00010
Microbacterium testaceum	2033	S	165	83	248	0.00011
Microbacterium chocolatum	84292	S	154	79	233	0.00010
Microbacterium hydrocarbonoxydans	273678	S	126	81	207	0.00009
Agromyces sp. KACC 19306	2592652	S	332	202	534	0.00024
Agromyces sp. LHK192	2498704	S	310	186	496	0.00022
Agromyces sp. G127AT	2781962	S	240	137	377	0.00017
Agromyces sp. HY052	2585717	S	207	112	319	0.00014
Agromyces flavus	589382	S	423	258	681	0.00030
Agromyces aureus	453304	S	276	160	436	0.00019
Agromyces protaetiae	2509455	S	259	147	406	0.00018
Agromyces badenianii	2080742	S	194	133	327	0.00015
Rathayibacter sp. VKM Ac-2759	2609252	S	225	178	403	0.00018
Rathayibacter sp. VKM Ac-2760	2609253	S	205	231	436	0.00019
Rathayibacter sp. VKM Ac-2804	2609257	S	182	291	473	0.00021
Rathayibacter festucae	110937	S	255	482	737	0.00033
Rathayibacter tanaceti	1671680	S	147	82	229	0.00010
Rathayibacter iranicus	59737	S	101	31	132	0.00006
Leifsonia sp. 21MFCrub1.1	1798223	S	247	461	708	0.00031
Leifsonia sp. PS1209	2724914	S	245	144	389	0.00017
Leifsonia xyli	1575	S	581	453	1034	0.00046
Leifsonia shinshuensis	150026	S	328	177	505	0.00022
Curtobacterium sp. BH-2-1-1	1905847	S	193	162	355	0.00016
Curtobacterium sp. MR_MD2014	1561023	S	166	204	370	0.00016
Curtobacterium sp. 24E2	2804758	S	166	134	300	0.00013
Curtobacterium sp. SGAir0471	2070337	S	143	181	324	0.00014
Curtobacterium sp. YC1	2795488	S	140	130	270	0.00012
Curtobacterium flaccumfaciens	2035	S	253	176	429	0.00019
Curtobacterium pusillum	69373	S	172	85	257	0.00011
Clavibacter michiganensis	28447	S	876	684	1560	0.00069
Clavibacter sp. DM1	2768071	S	154	166	320	0.00014
Agrococcus carbonis	684552	S	341	213	554	0.00025
Agrococcus jejuensis	399736	S	287	183	470	0.00021
Agrococcus sp. SGAir0287	2070347	S	263	169	432	0.00019
Leucobacter triazinivorans	1784719	S	211	115	326	0.00015
Leucobacter muris	1935379	S	196	113	309	0.00014
Leucobacter sp. CX169	2813744	S	123	47	170	0.00008
Salinibacterium sp. ZJ70	2708084	S	200	116	316	0.00014
Salinibacterium sp. ZJ450	2708338	S	188	71	259	0.00012
Salinibacterium sp. dk2585	2603292	S	152	61	213	0.00009
Protaetiibacter intestinalis	2419774	S	345	263	608	0.00027
Protaetiibacter sp. SSC-01	2759943	S	304	222	526	0.00023
Cryobacterium sp. LW097	1978566	S	146	65	211	0.00009
Cryobacterium arcticum	670052	S	114	100	214	0.00010
Cryobacterium soli	2220095	S	109	93	202	0.00009
Microterricola viridarii	412690	S	428	223	651	0.00029
Frondihabitans sp. PAMC 28766	1795630	S	218	66	284	0.00013
Frondihabitans sp. 762G35	1446794	S	184	84	268	0.00012
Humibacter sp. WJ7-1	2599293	S	259	97	356	0.00016
Herbiconiux sp. SALV-R1	2735133	S	267	113	380	0.00017
Frigoribacterium sp. NBH87	2596916	S	267	156	423	0.00019
Gryllotalpicola protaetiae	2419771	S	250	101	351	0.00016
Lysinimonas sp. KACC 19322	2592654	S	223	347	570	0.00025
Microcella alkaliphila	279828	S	188	76	264	0.00012
Marisediminicola antarctica	674079	S	186	63	249	0.00011
Glaciihabitans sp. INWT7	2596912	S	150	37	187	0.00008
Diaminobutyricimonas sp. LJ205	2683590	S	134	55	189	0.00008
Agreia sp. COWG	2773266	S	125	38	163	0.00007
Cnuibacter physcomitrellae	1619308	S	105	454	559	0.00025
Arthrobacter sp. NEB 688	904039	S	430	336	766	0.00034
Arthrobacter sp. QXT-31	1357915	S	273	151	424	0.00019
Arthrobacter sp. PM3	2017685	S	155	101	256	0.00011
Arthrobacter sp. 24S4-2	2575374	S	131	76	207	0.00009
Arthrobacter sp. PGP41	2079227	S	128	90	218	0.00010
Arthrobacter sp. U41	1849032	S	125	85	210	0.00009
Arthrobacter sp. KBS0702	2578107	S	124	126	250	0.00011
Arthrobacter sp. PAMC25564	2565366	S	119	78	197	0.00009
Arthrobacter sp. ERGS1:01	1704044	S	118	56	174	0.00008
Arthrobacter sp. UKPF54-2	2600159	S	114	129	243	0.00011
Arthrobacter sp. FB24	290399	S	101	80	181	0.00008
Arthrobacter agilis	37921	S	319	124	443	0.00020
Arthrobacter crystallopoietes	37928	S	231	88	319	0.00014
Arthrobacter woluwensis	156980	S	156	71	227	0.00010
Arthrobacter dokdonellae	2211210	S	121	56	177	0.00008
Kocuria rosea	1275	S	230	193	423	0.00019
Kocuria flava	446860	S	213	181	394	0.00018
Kocuria turfanensis	388357	S	192	170	362	0.00016
Kocuria palustris	71999	S	131	69	200	0.00009
Kocuria varians	1272	S	101	111	212	0.00009
Pseudarthrobacter sp. BIM B-2242	2772401	S	127	317	444	0.00020
Pseudarthrobacter phenanthrenivorans	361575	S	122	117	239	0.00011
Pseudarthrobacter equi	728066	S	120	154	274	0.00012
Pseudarthrobacter chlorophenolicus	85085	S	101	107	208	0.00009
Sinomonas atrocyanea	37927	S	447	216	663	0.00029
Sinomonas sp. R1AF57	2020377	S	248	111	359	0.00016
Micrococcus luteus	1270	S	339	639	978	0.00043
Glutamicibacter creatinolyticus	162496	S	102	135	237	0.00011
Rothia kristinae	37923	S	167	114	281	0.00013
Citricoccus sp. SGAir0253	2567881	S	256	138	394	0.00018
Zhihengliuella sp. ISTPL4	2058657	S	105	323	428	0.00019
Cellulomonas sp. H30R-01	2704467	S	379	258	637	0.00028
Cellulomonas sp. Y8	2591145	S	362	237	599	0.00027
Cellulomonas sp. JZ18	2654191	S	350	246	596	0.00026
Cellulomonas sp. PSBB021	2003551	S	289	221	510	0.00023
Cellulomonas flavigena	1711	S	396	227	623	0.00028
Cellulomonas fimi	1708	S	347	424	771	0.00034
Cellulomonas shaoxiangyii	2566013	S	323	221	544	0.00024
Cellulomonas gilvus	11	S	242	155	397	0.00018
Cellulomonas taurus	2729175	S	212	112	324	0.00014
Actinotalea sp. JY-7876	2758442	S	390	240	630	0.00028
Pseudactinotalea sp. HY158	2654547	S	278	95	373	0.00017
Oerskovia sp. KBS0722	1179673	S	258	141	399	0.00018
Paraoerskovia marina	545619	S	198	97	295	0.00013
Janibacter melonis	262209	S	349	203	552	0.00025
Janibacter limosus	53458	S	220	118	338	0.00015
Janibacter indicus	857417	S	122	326	448	0.00020
Phycicoccus sp. HDW14	2714941	S	373	273	646	0.00029
Phycicoccus endophyticus	1690220	S	338	222	560	0.00025
Intrasporangium calvum	53358	S	481	288	769	0.00034
Pedococcus dokdonensis	443156	S	372	207	579	0.00026
Arsenicicoccus sp. oral taxon 190	1658671	S	296	172	468	0.00021
Tetrasphaera sp. HKS02	1813880	S	282	145	427	0.00019
Cellulosimicrobium sp. BI34T	2587808	S	345	338	683	0.00030
Cellulosimicrobium cellulans	1710	S	378	829	1207	0.00054
Isoptericola variabilis	139208	S	343	264	607	0.00027
Isoptericola dokdonensis	372663	S	314	190	504	0.00022
Xylanimonas cellulosilytica	186189	S	282	165	447	0.00020
Xylanimonas allomyrinae	2509459	S	236	126	362	0.00016
Xylanimicrobium sp. FW10M-9	2509457	S	287	198	485	0.00022
Ornithinimicrobium sp. AMA3305	2283195	S	307	154	461	0.00020
Ornithinimicrobium sp. HY006	2508882	S	212	121	333	0.00015
Ornithinimicrobium sp. H23M54	2594265	S	196	64	260	0.00012
Ornithinimicrobium flavum	1288636	S	275	141	416	0.00019
Ornithinimicrobium pratense	2593973	S	191	101	292	0.00013
Serinicoccus chungangensis	767452	S	237	138	375	0.00017
Serinicoccus hydrothermalis	1758689	S	229	162	391	0.00017
Serinicoccus profundi	1078471	S	223	123	346	0.00015
Serinicoccus marinus	247333	S	218	158	376	0.00017
Brevibacterium sp. CS2	2575923	S	218	123	341	0.00015
Brevibacterium casei	33889	S	407	186	593	0.00026
Brevibacterium linens	1703	S	138	235	373	0.00017
Brevibacterium luteolum	199591	S	116	51	167	0.00007
Brevibacterium aurantiacum	273384	S	115	68	183	0.00008
Brachybacterium sp. P6-10-X1	1903186	S	255	88	343	0.00015
Brachybacterium sp. SGAir0954	2571029	S	239	115	354	0.00016
Brachybacterium ginsengisoli	1331682	S	209	99	308	0.00014
Brachybacterium faecium	43669	S	204	107	311	0.00014
Brachybacterium saurashtrense	556288	S	195	102	297	0.00013
Brachybacterium vulturis	2017484	S	149	85	234	0.00010
Brachybacterium avium	2017485	S	125	67	192	0.00009
Georgenia sp. Z294	2585135	S	358	202	560	0.00025
Georgenia sp. Z443	2589797	S	314	138	452	0.00020
Georgenia faecalis	2483799	S	258	134	392	0.00017
Dermacoccus nishinomiyaensis	1274	S	250	130	380	0.00017
Dermacoccus sp. PAMC28757	2762331	S	167	150	317	0.00014
Luteipulveratus mongoliensis	571913	S	337	96	433	0.00019
Yimella sp. cx-51	2770551	S	156	57	213	0.00010
Haloactinobacterium sp. HY164	2675754	S	364	114	478	0.00021
Ruania sp. HY168	2603206	S	238	57	295	0.00013
Haloactinobacterium sp. RN3S43	2779775	S	150	35	185	0.00008
Beutenbergia cavernae	84757	S	434	162	596	0.00026
Miniimonas sp. S16	2171623	S	286	180	466	0.00021
Sanguibacter keddieii	60920	S	293	146	439	0.00020
Sanguibacter sp. HDW7	2714931	S	230	118	348	0.00015
Luteimicrobium xylanilyticum	1133546	S	306	156	462	0.00021
Mobilicoccus sp. NJES-13	2716227	S	127	36	163	0.00007
Kytococcus sedentarius	1276	S	198	98	296	0.00013
Mycolicibacterium fortuitum	1766	S	536	324	860	0.00038
Mycolicibacterium litorale	758802	S	448	339	787	0.00035
Mycolicibacterium aurum	1791	S	376	200	576	0.00026
Mycolicibacterium smegmatis	1772	S	347	296	643	0.00029
Mycolicibacterium pulveris	36813	S	339	164	503	0.00022
Mycolicibacterium sp. LJ126	2761578	S	194	116	310	0.00014
Mycolicibacterium sp. Z-34	2736649	S	133	46	179	0.00008
Mycolicibacterium rutilum	370526	S	313	221	534	0.00024
Mycolicibacterium phlei	1771	S	289	231	520	0.00023
Mycolicibacterium chubuense	1800	S	286	161	447	0.00020
Mycolicibacterium sediminis	1286180	S	285	150	435	0.00019
Mycolicibacterium hassiacum	46351	S	278	185	463	0.00021
Mycolicibacterium mageritense	53462	S	262	116	378	0.00017
Mycolicibacterium madagascariense	212765	S	257	115	372	0.00017
Mycolicibacterium arabiense	1286181	S	256	111	367	0.00016
Mycolicibacterium parafortuitum	39692	S	256	153	409	0.00018
Mycolicibacterium thermoresistibile	1797	S	251	138	389	0.00017
Mycolicibacterium goodii	134601	S	249	158	407	0.00018
Mycolicibacterium vaccae	1810	S	239	142	381	0.00017
Mycolicibacterium chitae	1792	S	235	138	373	0.00017
Mycolicibacterium psychrotolerans	216929	S	233	131	364	0.00016
Mycolicibacterium gilvum	1804	S	232	202	434	0.00019
Mycolicibacterium celeriflavum	1249101	S	231	120	351	0.00016
Mycolicibacterium moriokaense	39691	S	227	93	320	0.00014
Mycolicibacterium duvalii	39688	S	225	117	342	0.00015
Mycolicibacterium tokaiense	39695	S	213	93	306	0.00014
Mycolicibacterium fluoranthenivorans	258505	S	213	83	296	0.00013
Mycolicibacterium frederiksbergense	117567	S	200	136	336	0.00015
Mycolicibacterium confluentis	28047	S	194	84	278	0.00012
Mycolicibacterium fallax	1793	S	184	143	327	0.00015
Mycolicibacterium rhodesiae	36814	S	180	83	263	0.00012
Mycolicibacterium boenickei	146017	S	177	449	626	0.00028
Mycolicibacterium insubricum	444597	S	161	92	253	0.00011
Mycolicibacterium helvum	1534349	S	160	69	229	0.00010
Mycolicibacterium anyangense	1431246	S	156	74	230	0.00010
Mycolicibacterium mucogenicum	56689	S	156	133	289	0.00013
Mycolicibacterium gadium	1794	S	156	141	297	0.00013
Mycolicibacterium aubagnense	319707	S	151	84	235	0.00010
Mycolicibacterium doricum	126673	S	150	101	251	0.00011
Mycolicibacterium aichiense	1799	S	132	126	258	0.00011
Mycolicibacterium phocaicum	319706	S	132	113	245	0.00011
Mycolicibacterium alvei	67081	S	114	75	189	0.00008
Mycolicibacterium sarraceniae	1534348	S	106	51	157	0.00007
Mycobacterium sp. JS623	212767	S	282	69	351	0.00016
Mycobacterium sp. WY10	1920667	S	198	661	859	0.00038
Mycobacterium sp. DL592	2675524	S	187	89	276	0.00012
Mycobacterium sp. EPa45	1545728	S	183	86	269	0.00012
Mycobacterium sp. ELW1	1547487	S	183	158	341	0.00015
Mycobacterium sp. PYR15	2051552	S	163	535	698	0.00031
Mycobacterium sp. YC-RL4	1682113	S	161	102	263	0.00012
Mycobacterium sp. MS1601	1936029	S	146	57	203	0.00009
Mycobacterium sp. DL440	2675523	S	106	67	173	0.00008
Mycobacterium parmense	185642	S	240	110	350	0.00016
Mycobacterium saskatchewanense	220927	S	190	70	260	0.00012
Mycobacterium kubicae	120959	S	162	58	220	0.00010
Mycobacterium heidelbergense	53376	S	158	79	237	0.00011
Mycobacterium stomatepiae	470076	S	145	62	207	0.00009
Mycobacterium florentinum	292462	S	144	64	208	0.00009
Mycobacterium shigaense	722731	S	143	54	197	0.00009
Mycobacterium simiae	1784	S	136	38	174	0.00008
Mycobacterium avium	1764	S	317	530	847	0.00038
Mycobacterium colombiense	339268	S	161	76	237	0.00011
Mycobacterium mantenii	560555	S	148	55	203	0.00009
Mycobacterium intracellulare	1767	S	132	2062	2194	0.00098
Mycobacterium marseillense	701042	S	125	75	200	0.00009
Mycobacterium gordonae	1778	S	307	69	376	0.00017
Mycobacterium grossiae	1552759	S	300	199	499	0.00022
Mycobacterium dioxanotrophicus	482462	S	244	106	350	0.00016
Mycobacterium branderi	43348	S	206	62	268	0.00012
Mycobacterium conspicuum	44010	S	204	84	288	0.00013
Mycobacterium paragordonae	1389713	S	184	54	238	0.00011
Mycobacterium cookii	1775	S	179	53	232	0.00010
Mycobacterium kansasii	1768	S	164	40	204	0.00009
Mycobacterium heckeshornense	110505	S	144	44	188	0.00008
Mycobacterium paraseoulense	590652	S	141	82	223	0.00010
Mycobacterium gallinarum	39689	S	140	119	259	0.00012
Mycobacterium shinjukuense	398694	S	135	46	181	0.00008
Mycobacterium riyadhense	486698	S	125	23	148	0.00007
Mycobacterium seoulense	386911	S	122	82	204	0.00009
Mycobacterium xenopi	1789	S	115	40	155	0.00007
Mycobacterium lacus	169765	S	112	33	145	0.00006
Mycobacterium basiliense	2094119	S	108	23	131	0.00006
Mycobacterium noviomagense	459858	S	103	30	133	0.00006
Mycobacteroides abscessus	36809	S	208	327	535	0.00024
Mycobacteroides immunogenum	83262	S	104	40	144	0.00006
Mycolicibacter hiberniae	29314	S	136	65	201	0.00009
Mycolicibacter minnesotensis	1118379	S	125	48	173	0.00008
Mycolicibacter terrae	1788	S	121	73	194	0.00009
Mycolicibacillus koreensis	1069220	S	165	86	251	0.00011
Rhodococcus sp. X156	2499145	S	311	199	510	0.00023
Rhodococcus sp. MTM3W5.2	1805827	S	268	155	423	0.00019
Rhodococcus sp. SGAir0479	2567884	S	239	195	434	0.00019
Rhodococcus sp. W8901	2742603	S	210	178	388	0.00017
Rhodococcus sp. PBTS 1	1653478	S	194	97	291	0.00013
Rhodococcus sp. R79	2811421	S	192	283	475	0.00021
Rhodococcus sp. ABRD24	2507582	S	151	95	246	0.00011
Rhodococcus sp. P1Y	1302308	S	122	32	154	0.00007
Rhodococcus sp. B7740	1564114	S	119	63	182	0.00008
Rhodococcus opacus	37919	S	476	1284	1760	0.00078
Rhodococcus hoagii	43767	S	322	314	636	0.00028
Rhodococcus ruber	1830	S	321	278	599	0.00027
Rhodococcus rhodochrous	1829	S	296	401	697	0.00031
Rhodococcus fascians	1828	S	193	138	331	0.00015
Rhodococcus koreensis	99653	S	186	203	389	0.00017
Rhodococcus triatomae	300028	S	177	76	253	0.00011
Rhodococcus coprophilus	38310	S	158	56	214	0.00010
Rhodococcus jostii	132919	S	144	231	375	0.00017
Nocardia brasiliensis	37326	S	806	405	1211	0.00054
Nocardia sp. CS682	1047172	S	307	121	428	0.00019
Nocardia sp. WCH-YHL-001	2755382	S	296	105	401	0.00018
Nocardia cyriacigeorgica	135487	S	543	359	902	0.00040
Nocardia terpenica	455432	S	501	176	677	0.00030
Nocardia farcinica	37329	S	377	328	705	0.00031
Nocardia arthritidis	228602	S	343	93	436	0.00019
Nocardia wallacei	480035	S	332	132	464	0.00021
Nocardia asteroides	1824	S	306	178	484	0.00022
Nocardia nova	37330	S	303	91	394	0.00018
Nocardia otitidiscaviarum	1823	S	298	116	414	0.00018
Nocardia yunnanensis	2382165	S	288	126	414	0.00018
Nocardia seriolae	37332	S	256	112	368	0.00016
Nocardia mangyaensis	2213200	S	245	104	349	0.00016
Corynebacterium xerosis	1725	S	245	236	481	0.00021
Corynebacterium sphenisci	191493	S	200	161	361	0.00016
Corynebacterium frankenforstense	1230998	S	167	173	340	0.00015
Corynebacterium bovis	36808	S	163	104	267	0.00012
Corynebacterium vitaeruminis	38305	S	117	108	225	0.00010
Corynebacterium halotolerans	225326	S	114	119	233	0.00010
Corynebacterium nuruki	1032851	S	109	91	200	0.00009
Corynebacterium timonense	441500	S	102	93	195	0.00009
Gordonia sp. YC-JH1	2059875	S	189	128	317	0.00014
Gordonia sp. KTR9	337191	S	167	115	282	0.00013
Gordonia sp. PDNC005	2811424	S	147	43	190	0.00008
Gordonia sp. HY186	2597659	S	131	48	179	0.00008
Gordonia polyisoprenivorans	84595	S	317	145	462	0.00021
Gordonia insulae	2420509	S	226	91	317	0.00014
Gordonia terrae	2055	S	225	355	580	0.00026
Gordonia iterans	1004901	S	181	87	268	0.00012
Gordonia phthalatica	1136941	S	181	99	280	0.00012
Gordonia bronchialis	2054	S	163	71	234	0.00010
Gordonia rubripertincta	36822	S	154	238	392	0.00017
Tsukamurella paurometabola	2061	S	404	303	707	0.00031
Tsukamurella tyrosinosolvens	57704	S	310	185	495	0.00022
Dietzia sp. oral taxon 368	712270	S	108	249	357	0.00016
Dietzia psychralcaliphila	139021	S	141	70	211	0.00009
Dietzia lutea	546160	S	116	112	228	0.00010
Tomitella sp. HY172	2760083	S	250	135	385	0.00017
Tomitella sp. HY188	2597660	S	193	107	300	0.00013
Segniliparus rotundus	286802	S	121	22	143	0.00006
Nonomuraea nitratireducens	2656914	S	13131	5662	18793	0.00835
Nonomuraea sp. ATCC 55076	1909395	S	5076	2159	7235	0.00321
Streptosporangium roseum	2001	S	1230	603	1833	0.00081
Streptosporangium sp. 'caverna'	2202249	S	1148	490	1638	0.00073
Thermobispora bispora	2006	S	726	446	1172	0.00052
Actinomadura sp. NAK00032	2742128	S	3567	2105	5672	0.00252
Actinomadura sp. WMMB 499	1219491	S	1407	670	2077	0.00092
Actinomadura sp. WMMA1423	2591108	S	1361	705	2066	0.00092
Actinomadura verrucosospora	46165	S	1245	684	1929	0.00086
Thermomonospora curvata	2020	S	595	283	878	0.00039
Nocardiopsis dassonvillei	2014	S	586	257	843	0.00037
Nocardiopsis gilva	280236	S	352	130	482	0.00021
Nocardiopsis alba	53437	S	257	90	347	0.00015
Streptomonospora sp. M2	2498135	S	462	171	633	0.00028
Thermobifida fusca	2021	S	205	75	280	0.00012
Amycolatopsis sp. Hca4	2742131	S	904	591	1495	0.00066
Amycolatopsis sp. FDAARGOS 1241	2778070	S	899	344	1243	0.00055
Amycolatopsis sp. YIM 10	2653857	S	626	385	1011	0.00045
Amycolatopsis sp. AA4	1896961	S	569	221	790	0.00035
Amycolatopsis sp. BJA-103	1911175	S	310	217	527	0.00023
Amycolatopsis mediterranei	33910	S	929	23	952	0.00042
Amycolatopsis methanolica	1814	S	790	415	1205	0.00054
Amycolatopsis albispora	1804986	S	582	442	1024	0.00046
Amycolatopsis keratiniphila	129921	S	419	506	925	0.00041
Amycolatopsis orientalis	31958	S	365	239	604	0.00027
Amycolatopsis japonica	208439	S	221	330	551	0.00025
Pseudonocardia sp. CGMCC 4.1532	2761535	S	677	457	1134	0.00050
Pseudonocardia sp. HH130630-07	1690815	S	456	448	904	0.00040
Pseudonocardia sp. AL041005-10	445576	S	389	492	881	0.00039
Pseudonocardia sp. HH130629-09	1641402	S	307	512	819	0.00036
Pseudonocardia dioxanivorans	240495	S	1239	550	1789	0.00080
Pseudonocardia broussonetiae	2736640	S	811	509	1320	0.00059
Pseudonocardia autotrophica	2074	S	524	271	795	0.00035
Saccharothrix syringae	103733	S	896	532	1428	0.00063
Saccharothrix sp. 6-C	2781735	S	871	538	1409	0.00063
Saccharothrix espanaensis	103731	S	744	373	1117	0.00050
Allokutzneria albata	211114	S	2581	1061	3642	0.00162
Lentzea guizhouensis	1586287	S	2425	973	3398	0.00151
Saccharopolyspora erythraea	1836	S	687	608	1295	0.00058
Saccharopolyspora coralli	2665642	S	288	95	383	0.00017
Saccharopolyspora spinosa	60894	S	233	206	439	0.00020
Saccharopolyspora pogona	333966	S	205	288	493	0.00022
Saccharopolyspora sp. ASAGF58	2719023	S	122	198	320	0.00014
Saccharomonospora marina	632569	S	360	145	505	0.00022
Saccharomonospora azurea	40988	S	340	194	534	0.00024
Saccharomonospora cyanea	40989	S	266	167	433	0.00019
Saccharomonospora viridis	1852	S	237	82	319	0.00014
Saccharomonospora xinjiangensis	75294	S	231	94	325	0.00014
Saccharomonospora glauca	40990	S	170	101	271	0.00012
Actinoalloteichus hoggarensis	1470176	S	308	382	690	0.00031
Actinoalloteichus hymeniacidonis	340345	S	230	119	349	0.00016
Actinosynnema pretiosum	42197	S	284	1047	1331	0.00059
Kutzneria albida	43357	S	828	343	1171	0.00052
Kibdelosporangium phytohabitans	860235	S	685	187	872	0.00039
Alloactinosynnema sp. L-07	1653480	S	576	229	805	0.00036
Prauserella marina	530584	S	321	81	402	0.00018
Nocardioides sp. JS614	196162	S	686	386	1072	0.00048
Nocardioides sp. HDW12B	2714939	S	553	330	883	0.00039
Nocardioides sp. S-713	2760089	S	529	456	985	0.00044
Nocardioides sp. S-1144	2582905	S	498	360	858	0.00038
Nocardioides sp. zg-1228	2763008	S	470	361	831	0.00037
Nocardioides sp. zg-579	2663857	S	466	394	860	0.00038
Nocardioides sp. 603	2483798	S	448	371	819	0.00036
Nocardioides sp. MC1495	2736757	S	426	282	708	0.00031
Nocardioides sp. S5	2017486	S	403	305	708	0.00031
Nocardioides sp. CF8	110319	S	360	243	603	0.00027
Nocardioides sp. WS12	2486272	S	343	148	491	0.00022
Nocardioides sp. HDW12A	2714938	S	327	205	532	0.00024
Nocardioides sp. JQ2195	2592334	S	310	147	457	0.00020
Nocardioides sp. ZJ1313	2685869	S	283	397	680	0.00030
Nocardioides sp. dk884	2662361	S	268	374	642	0.00029
Nocardioides sp. dk3136	2575373	S	229	166	395	0.00018
Nocardioides sp. HY056	2500546	S	175	87	262	0.00012
Nocardioides mesophilus	433659	S	684	418	1102	0.00049
Nocardioides humi	449461	S	640	447	1087	0.00048
Nocardioides anomalus	2712223	S	638	414	1052	0.00047
Nocardioides aromaticivorans	200618	S	609	477	1086	0.00048
Nocardioides ungokensis	1643322	S	563	386	949	0.00042
Nocardioides cynanchi	2558918	S	491	268	759	0.00034
Nocardioides euryhalodurans	2518370	S	441	292	733	0.00033
Nocardioides dokdonensis	450734	S	391	357	748	0.00033
Nocardioides sambongensis	2589074	S	383	238	621	0.00028
Nocardioides marinisabuli	419476	S	365	373	738	0.00033
Nocardioides seonyuensis	2518371	S	341	194	535	0.00024
Nocardioides houyundeii	2045452	S	311	202	513	0.00023
Nocardioides daphniae	402297	S	238	209	447	0.00020
Nocardioides baekrokdamisoli	1804624	S	187	60	247	0.00011
Aeromicrobium sp. zg-629	2663859	S	259	161	420	0.00019
Aeromicrobium sp. A1-2	2107713	S	179	69	248	0.00011
Aeromicrobium erythreum	2041	S	415	228	643	0.00029
Aeromicrobium marinum	219314	S	304	151	455	0.00020
Aeromicrobium yanjiei	2662028	S	289	191	480	0.00021
Aeromicrobium chenweiae	2079793	S	280	196	476	0.00021
Aeromicrobium choanae	1736691	S	278	167	445	0.00020
Pimelobacter simplex	2045	S	589	468	1057	0.00047
Marmoricola scoriae	642780	S	589	448	1037	0.00046
Friedmanniella luteola	546871	S	444	227	671	0.00030
Mumia sp. ZJ1417	2708082	S	368	151	519	0.00023
Micropruina glycogenica	75385	S	246	82	328	0.00015
Microlunatus sp. KUDC0627	2596828	S	280	83	363	0.00016
Microlunatus sp. Gsoil 973	2672569	S	278	65	343	0.00015
Microlunatus sagamiharensis	546874	S	477	246	723	0.00032
Microlunatus soli	630515	S	331	83	414	0.00018
Microlunatus phosphovorus	29405	S	261	64	325	0.00014
Tessaracoccus defluvii	1285901	S	238	171	409	0.00018
Tessaracoccus aquimaris	1332264	S	223	138	361	0.00016
Tessaracoccus flavescens	399497	S	183	142	325	0.00014
Tessaracoccus sp. MC1865	2760310	S	178	88	266	0.00012
Tessaracoccus flavus	1610493	S	148	94	242	0.00011
Tessaracoccus timonensis	2161816	S	107	32	139	0.00006
Propionibacterium acidifaciens	556499	S	218	82	300	0.00013
Propionibacterium freudenreichii	1744	S	168	196	364	0.00016
Propionibacterium australiense	119981	S	157	50	207	0.00009
Acidipropionibacterium acidipropionici	1748	S	194	145	339	0.00015
Acidipropionibacterium jensenii	1749	S	163	88	251	0.00011
Acidipropionibacterium virtanenii	2057246	S	104	40	144	0.00006
Auraticoccus monumenti	675864	S	367	160	527	0.00023
Brevilactibacter sp. MC1595	2819349	S	289	160	449	0.00020
Cutibacterium avidum	33010	S	107	55	162	0.00007
Propioniciclava sp. HDW11	2714937	S	268	150	418	0.00019
Raineyella sp. CBA3103	2662261	S	240	77	317	0.00014
Pseudopropionibacterium propionicum	1750	S	138	28	166	0.00007
Kribbella flavida	182640	S	921	426	1347	0.00060
Kribbella qitaiheensis	1544730	S	688	231	919	0.00041
Actinopolymorpha singaporensis	117157	S	603	189	792	0.00035
Frankia sp. EAN1pec	298653	S	669	180	849	0.00038
Frankia sp. QA3	710111	S	389	298	687	0.00031
Frankia inefficax	298654	S	867	241	1108	0.00049
Frankia alni	1859	S	442	343	785	0.00035
Candidatus Frankia datiscae	2716812	S	388	111	499	0.00022
Frankia casuarinae	106370	S	357	98	455	0.00020
Actinomyces sp. oral taxon 414	712122	S	145	155	300	0.00013
Actinomyces sp. ZJ750	2744574	S	124	193	317	0.00014
Actinomyces radicidentis	111015	S	167	195	362	0.00016
Actinomyces howellii	52771	S	117	104	221	0.00010
Actinomyces slackii	52774	S	100	100	200	0.00009
Schaalia odontolytica	1660	S	115	52	167	0.00007
Flaviflexus salsibiostraticola	1282737	S	101	31	132	0.00006
Pauljensenia hongkongensis	178339	S	113	57	170	0.00008
Geodermatophilus obscurus	1861	S	874	498	1372	0.00061
Modestobacter marinus	477641	S	836	480	1316	0.00059
Blastococcus saxobsidens	138336	S	661	341	1002	0.00045
Jiangella sp. DSM 45060	1798224	S	930	522	1452	0.00065
Jiangella alkaliphila	419479	S	802	425	1227	0.00055
Bifidobacterium scardovii	158787	S	124	35	159	0.00007
Bifidobacterium longum	216816	S	106	351	457	0.00020
Bifidobacterium choerinum	35760	S	100	42	142	0.00006
Nakamurella multipartita	53461	S	428	160	588	0.00026
Nakamurella sp. PAMC28650	2762325	S	273	80	353	0.00016
Nakamurella panacisegetis	1090615	S	279	101	380	0.00017
Catenulispora acidiphila	304895	S	753	210	963	0.00043
Stackebrandtia nassauensis	283811	S	528	125	653	0.00029
Kineococcus radiotolerans	131568	S	412	177	589	0.00026
Jatrophihabitans sp. GAS493	1907575	S	291	64	355	0.00016
Epidermidibacterium keratini	1891644	S	282	91	373	0.00017
Actinopolyspora erythraea	414996	S	253	67	320	0.00014
Acidothermus cellulolyticus	28049	S	181	27	208	0.00009
Rubrobacter sp. SCSIO 52915	2653852	S	686	150	836	0.00037
Rubrobacter sp. SCSIO 52909	2653851	S	651	112	763	0.00034
Rubrobacter xylanophilus	49319	S	875	298	1173	0.00052
Rubrobacter radiotolerans	42256	S	292	63	355	0.00016
Rubrobacter indicoceani	2051957	S	162	25	187	0.00008
Baekduia soli	496014	S	1733	656	2389	0.00106
Conexibacter woesei	191495	S	2263	825	3088	0.00137
Conexibacter sp. SYSU D00693	2812560	S	1653	713	2366	0.00105
Eggerthella sp. HF-1101	2690837	S	187	122	309	0.00014
Eggerthella lenta	84112	S	121	124	245	0.00011
Gordonibacter urolithinfaciens	1335613	S	116	159	275	0.00012
Arabia massiliensis	1870985	S	161	83	244	0.00011
Olsenella timonensis	1805478	S	151	114	265	0.00012
Olsenella umbonata	604330	S	123	71	194	0.00009
Collinsella aerofaciens	74426	S	124	92	216	0.00010
Actinomarinicola tropica	2789776	S	1543	572	2115	0.00094
Ilumatobacter coccineus	467094	S	661	116	777	0.00035
Acidimicrobium ferrooxidans	53635	S	291	43	334	0.00015
Euzebya sp. DY32-46	1608957	S	587	129	716	0.00032
Egicoccus halophilus	1670830	S	571	221	792	0.00035
Egibacter rhizosphaerae	1670831	S	555	123	678	0.00030
Bacillus sp. Y1	352858	S	289	89	378	0.00017
Bacillus sp. DSL-17	2567941	S	181	67	248	0.00011
Bacillus subtilis	1423	S	375	3890	4265	0.00190
Priestia megaterium	1404	S	1670	3023	4693	0.00209
Priestia filamentosa	1402861	S	918	160	1078	0.00048
Neobacillus cucumis	1740721	S	570	54	624	0.00028
Cytobacillus oceanisediminis	665099	S	430	117	547	0.00024
Alkalihalobacillus clausii	79880	S	134	27	161	0.00007
Metabacillus sp. KUDC1714	2745198	S	127	36	163	0.00007
Mesobacillus foraminis	279826	S	108	19	127	0.00006
Paenibacillus sp. B01	2660554	S	264	341	605	0.00027
Paenibacillus sp. UniB2	2726185	S	231	270	501	0.00022
Paenibacillus sp. RUD330	2023772	S	152	62	214	0.00010
Paenibacillus sp. 32O-W	1695218	S	142	47	189	0.00008
Paenibacillus mucilaginosus	61624	S	314	90	404	0.00018
Paenibacillus cellulositrophicus	562959	S	254	132	386	0.00017
Paenibacillus lycopersici	2704462	S	161	137	298	0.00013
Paenibacillus thiaminolyticus	49283	S	120	63	183	0.00008
Brevibacillus choshinensis	54911	S	299	111	410	0.00018
Brevibacillus sp. SCSIO 07484	2496837	S	120	28	148	0.00007
Brevibacillus agri	51101	S	106	54	160	0.00007
Cohnella candidum	2674991	S	149	44	193	0.00009
Thermobacillus composti	377615	S	277	104	381	0.00017
Saccharibacillus brassicae	2583377	S	193	54	247	0.00011
Alicyclobacillus acidocaldarius	405212	S	354	47	401	0.00018
Tumebacillus avium	1903704	S	194	96	290	0.00013
Thermaerobacter sp. FW80	2546351	S	291	144	435	0.00019
Thermaerobacter sp. PB12/4term	2293838	S	198	104	302	0.00013
Thermaerobacter marianensis	73919	S	269	155	424	0.00019
Faecalibacterium prausnitzii	853	S	187	272	459	0.00020
Flavonifractor plautii	292800	S	140	119	259	0.00012
Symbiobacterium thermophilum	2734	S	444	133	577	0.00026
Candidatus Desulforudis audaxviator	471827	S	106	33	139	0.00006
Christensenella sp. Marseille-P3954	2086585	S	129	53	182	0.00008
Selenomonas sputigena	69823	S	113	47	160	0.00007
Limnochorda pilosa	1555112	S	348	59	407	0.00018
Deinococcus sp. NW-56	2080419	S	196	62	258	0.00011
Deinococcus maricopensis	309887	S	308	78	386	0.00017
Deinococcus gobiensis	502394	S	263	71	334	0.00015
Deinococcus metallilatus	1211322	S	254	69	323	0.00014
Deinococcus ficus	317577	S	244	60	304	0.00014
Deinococcus actinosclerus	1768108	S	243	179	422	0.00019
Deinococcus peraridilitoris	432329	S	203	23	226	0.00010
Deinococcus irradiatisoli	2202254	S	188	51	239	0.00011
Deinococcus wulumuqiensis	980427	S	186	119	305	0.00014
Deinococcus geothermalis	68909	S	162	924	1086	0.00048
Deinococcus radiodurans	1299	S	148	61	209	0.00009
Deinococcus swuensis	1182571	S	129	47	176	0.00008
Deinococcus soli Cha et al. 2016	1309411	S	109	118	227	0.00010
Deinococcus deserti	310783	S	103	13	116	0.00005
Thermus aquaticus	271	S	104	243	347	0.00015
Oceanithermus profundus	187137	S	375	110	485	0.00022
Meiothermus silvanus	52022	S	100	72	172	0.00008
Marinithermus hydrothermalis	186192	S	278	71	349	0.00016
Truepera radiovictrix	332249	S	339	52	391	0.00017
Synechococcus sp. RSCCF101	2511069	S	116	208	324	0.00014
Synechococcus sp. CBW1004	1353136	S	113	444	557	0.00025
Cyanobium sp. NIES-981	1851505	S	104	121	225	0.00010
Cyanobium gracile	59930	S	144	132	276	0.00012
Gloeobacter violaceus	33072	S	239	79	318	0.00014
Gloeobacter kilaueensis	1416614	S	176	51	227	0.00010
Sphaerobacter thermophilus	2057	S	765	174	939	0.00042
Thermomicrobium roseum	500	S	253	24	277	0.00012
Roseiflexus sp. RS-1	357808	S	221	49	270	0.00012
Roseiflexus castenholzii	120962	S	215	59	274	0.00012
Tepidiforma bonchosmolovskayae	2601677	S	519	108	627	0.00028
Anaerolinea thermophila	167964	S	143	38	181	0.00008
Anaerolinea sp. 'rifampicinis'	2710758	S	117	4	121	0.00005
Pelolinea submarina	913107	S	129	23	152	0.00007
Candidatus Promineofilum breve	1806508	S	501	83	584	0.00026
Caldilinea aerophila	133453	S	243	41	284	0.00013
Ktedonosporobacter rubrisoli	2509675	S	137	5	142	0.00006
Fimbriimonas ginsengisoli	1005039	S	508	28	536	0.00024
Gemmata obscuriglobus	114	S	2164	594	2758	0.00123
Gemmata massiliana	1210884	S	849	655	1504	0.00067
Gemmata sp. SH-PL17	1630693	S	810	706	1516	0.00067
Urbifossiella limnaea	2528023	S	4604	1380	5984	0.00266
Frigoriglobus tundricola	2774151	S	2652	953	3605	0.00160
Limnoglobus roseus	2598579	S	1995	356	2351	0.00104
Tuwongella immobilis	692036	S	211	12	223	0.00010
Caulifigura coniformis	2527983	S	2536	422	2958	0.00131
Planctomyces sp. SH-PL62	1636152	S	1229	676	1905	0.00085
Planctomyces sp. SH-PL14	1632864	S	1025	175	1200	0.00053
Gimesia panareensis	2527978	S	171	39	210	0.00009
Gimesia chilikensis	2605989	S	118	161	279	0.00012
Maioricimonas rarisocia	2528026	S	626	111	737	0.00033
Alienimonas californiensis	2527989	S	575	111	686	0.00030
Symmachiella dynata	2527995	S	246	17	263	0.00012
Rubinisphaera brasiliensis	119	S	179	21	200	0.00009
Crateriforma conspicua	2527996	S	126	22	148	0.00007
Calycomorphotria hydatis	2528027	S	126	12	138	0.00006
Fuerstia marisgermanicae	1891926	S	118	7	125	0.00006
Tautonia plasticadhaerens	2527974	S	2050	513	2563	0.00114
Aquisphaera giovannonii	406548	S	1926	601	2527	0.00112
Paludisphaera borealis	1387353	S	1529	617	2146	0.00095
Singulisphaera acidiphila	466153	S	1030	190	1220	0.00054
Isosphaera pallida	128	S	248	21	269	0.00012
Lacipirellula limnantheis	2528024	S	847	204	1051	0.00047
Lacipirellula parvula	2650471	S	758	197	955	0.00042
Pirellulimonas nuda	2528009	S	760	173	933	0.00041
Botrimarina mediterranea	2528022	S	577	118	695	0.00031
Aeoliella mucimassa	2527972	S	233	24	257	0.00011
Bythopirellula goksoyri	1400387	S	116	7	123	0.00005
Stieleria neptunia	2527979	S	238	29	267	0.00012
Stieleria maiorica	2795974	S	217	39	256	0.00011
Rosistilla oblonga	2527990	S	224	72	296	0.00013
Rosistilla carotiformis	2528017	S	124	54	178	0.00008
Lignipirellula cremea	2528010	S	425	68	493	0.00022
Anatilimnocola aggregata	2528021	S	348	51	399	0.00018
Pirellula staleyi	125	S	184	16	200	0.00009
Roseimaritima ulvae	980254	S	231	31	262	0.00012
Bremerella volcania	2527984	S	227	37	264	0.00012
Humisphaera borealis	2807512	S	1046	135	1181	0.00053
Phycisphaera mikurensis	547188	S	551	125	676	0.00030
Opitutus terrae	107709	S	1594	220	1814	0.00081
Opitutus sp. GAS368	1882749	S	1568	538	2106	0.00094
Lacunisphaera limnophila	1838286	S	1763	587	2350	0.00104
Nibricoccus aquaticus	2576891	S	751	100	851	0.00038
Ereboglobus luteus	1796921	S	491	59	550	0.00024
Verrucomicrobium sp. GAS474	1882831	S	498	87	585	0.00026
Verrucomicrobium spinosum	2736	S	283	47	330	0.00015
Roseimicrobium sp. ORNL1	2711231	S	543	90	633	0.00028
Luteolibacter luteus	2728835	S	366	35	401	0.00018
Akkermansia muciniphila	239935	S	152	17	169	0.00008
Methylacidimicrobium sp. AP8	2730359	S	131	22	153	0.00007
Methylacidimicrobium sp. B4	2796139	S	116	23	139	0.00006
Kiritimatiella glycovorans	1307763	S	189	57	246	0.00011
Gemmatirosa kalamazoonesis	861299	S	21989	4549	26538	0.01179
Gemmatimonas sp. TET16	2732249	S	2478	649	3127	0.00139
Gemmatimonas aurantiaca	173480	S	2092	565	2657	0.00118
Gemmatimonas phototrophica	1379270	S	1489	380	1869	0.00083
Hymenobacter sp. PAMC 26628	1484118	S	177	201	378	0.00017
Hymenobacter sp. PAMC 26554	1484116	S	149	78	227	0.00010
Hymenobacter sp. APR13	1356852	S	136	148	284	0.00013
Hymenobacter sp. BRD128	2675878	S	122	73	195	0.00009
Hymenobacter busanensis	2607656	S	142	87	229	0.00010
Hymenobacter sedentarius	1411621	S	132	79	211	0.00009
Hymenobacter nivis	1850093	S	101	127	228	0.00010
Pontibacter russatus	2694929	S	186	114	300	0.00013
Pontibacter pudoricolor	2694930	S	116	54	170	0.00008
Dyadobacter fermentans	94254	S	168	37	205	0.00009
Fibrella aestuarina	651143	S	120	46	166	0.00007
Chryseolinea soli	2321403	S	236	35	271	0.00012
Flavobacterium anhuiense	459526	S	2266	727	2993	0.00133
Flavobacterium commune	1306519	S	318	91	409	0.00018
Chitinophaga sp. XS-30	2604421	S	164	139	303	0.00013
Chitinophaga pinensis	79329	S	157	62	219	0.00010
Niastella koreensis	354356	S	594	184	778	0.00035
Flavisolibacter ginsenosidimutans	661481	S	191	49	240	0.00011
Flavisolibacter tropicus	1492898	S	140	51	191	0.00009
Paraflavitalea soli	2315862	S	140	42	182	0.00008
Pseudocnuella soli	2502779	S	120	49	169	0.00008
Pseudobacter ginsenosidimutans	661488	S	109	33	142	0.00006
Alistipes dispar	2585119	S	139	99	238	0.00011
Alistipes communis	2585118	S	119	109	228	0.00010
Alistipes megaguti	2364787	S	113	62	175	0.00008
Rhodothermus marinus	29549	S	795	181	976	0.00043
Salinibacter ruber	146919	S	459	50	509	0.00023
Chlorobaculum limnaeum	274537	S	153	135	288	0.00013
Granulicella sp. WH15	2602070	S	449	158	607	0.00027
Granulicella sp. 5B5	1617967	S	365	122	487	0.00022
Granulicella mallensis	940614	S	384	91	475	0.00021
Granulicella tundricola	940615	S	275	56	331	0.00015
Terriglobus roseus	392734	S	445	142	587	0.00026
Terriglobus albidus	1592106	S	388	70	458	0.00020
Terriglobus saanensis	870903	S	216	48	264	0.00012
Acidobacterium sp. 4Y35	2763107	S	445	61	506	0.00022
Acidobacterium capsulatum	33075	S	434	115	549	0.00024
Candidatus Koribacter versatilis	658062	S	616	70	686	0.00030
Edaphobacter sp. 12200R-103	2703788	S	324	129	453	0.00020
Edaphobacter sp. 4G125	2763071	S	146	54	200	0.00009
Acidisarcina polymorpha	2211140	S	286	32	318	0.00014
Candidatus Solibacter usitatus	332163	S	1399	215	1614	0.00072
Paludibaculum fermentans	1473598	S	968	153	1121	0.00050
Luteitalea pratensis	1855912	S	5940	831	6771	0.00301
Chloracidobacterium thermophilum	458033	S	227	19	246	0.00011
Nitrospira moscoviensis	42253	S	457	86	543	0.00024
Nitrospira japonica	1325564	S	221	41	262	0.00012
Candidatus Nitrospira inopinata	1715989	S	212	30	242	0.00011
Nitrospira sp. KM1	1936990	S	176	88	264	0.00012
Spirochaeta thermophila	154	S	119	21	140	0.00006
Candidatus Bipolaricaulis anaerobius	2026885	S	114	8	122	0.00005
Halorubrum sp. CBA1229	1853699	S	127	121	248	0.00011
Halorubrum sp. BOL3-1	2497325	S	103	75	178	0.00008
Halobonum sp. NJ-3-1	2743089	S	143	48	191	0.00009
Salinigranum rubrum	755307	S	146	40	186	0.00008
Halolamina sp. CBA1230	1853690	S	123	79	202	0.00009
Haloplanus rubicundus	1547898	S	100	49	149	0.00007
Halobellus limi	699433	S	101	62	163	0.00007
Haloprofundus sp. MHR1	2572921	S	100	35	135	0.00006
Halosimplex pelagicum	869886	S	124	85	209	0.00009
Halosimplex litoreum	1198301	S	108	57	165	0.00007
Natronomonas sp. YPL13	1710540	S	148	62	210	0.00009
Halobacterium hubeiense	1407499	S	118	144	262	0.00012
Halarchaeum sp. CBA1220	1853682	S	137	50	187	0.00008
Haloterrigena sp. KZCA68	2816475	S	104	114	218	0.00010
Halovivax sp. KZCA124	2817025	S	117	36	153	0.00007
Natronococcus occultus	29288	S	118	56	174	0.00008
Halobiforma lacisalsi	229731	S	107	84	191	0.00009
Halopiger xanaduensis	387343	S	102	76	178	0.00008
Methanoculleus marisnigri	2198	S	102	27	129	0.00006
Nitrososphaera viennensis	1034015	S	1593	353	1946	0.00086
Candidatus Nitrososphaera evergladensis	1459637	S	1225	220	1445	0.00064
Candidatus Nitrososphaera gargensis	497727	S	285	6	291	0.00013
Thermothielavioides terrestris	2587410	S	442	162	604	0.00027
Thermothelomyces thermophilus	78579	S	406	137	543	0.00024
Neurospora crassa	5141	S	124	33	157	0.00007
Drechmeria coniospora	98403	S	148	39	187	0.00008
Colletotrichum higginsianum	80884	S	190	65	255	0.00011
Homo sapiens	9606	S	3128	229	3357	0.00149
Besnoitia besnoiti	94643	S	175	11	186	0.00008
Streptomyces phage Yaboi	2301621	S	1635	79	1714	0.00076
