name	taxonomy_id	taxonomy_lvl	kraken_assigned_reads	added_reads	new_est_reads	fraction_total_reads
Bradyrhizobium sp. CCBAU 51765	1325102	S	13760	12568	26328	0.00634
Bradyrhizobium sp. CCBAU 051011	858422	S	7082	3709	10791	0.00260
Bradyrhizobium sp. CCGE-LA001	1223566	S	5798	4641	10439	0.00251
Bradyrhizobium sp. 1(2017)	1404888	S	2916	2621	5537	0.00133
Bradyrhizobium sp. CCBAU 51753	1325100	S	2749	1720	4469	0.00108
Bradyrhizobium sp. CCBAU 53351	1325114	S	2087	3081	5168	0.00124
Bradyrhizobium sp. 6(2017)	1197460	S	1784	1199	2983	0.00072
Bradyrhizobium sp. BTAi1	288000	S	1745	808	2553	0.00062
Bradyrhizobium sp. ORS 285	115808	S	1743	1068	2811	0.00068
Bradyrhizobium sp. ORS 278	114615	S	1691	1015	2706	0.00065
Bradyrhizobium sp. SK17	2057741	S	1683	1468	3151	0.00076
Bradyrhizobium sp. CCBAU 53421	1325120	S	1600	1369	2969	0.00072
Bradyrhizobium sp. PSBB068	2715960	S	1506	1333	2839	0.00068
Bradyrhizobium sp. CCBAU 53340	1325112	S	1504	1811	3315	0.00080
Bradyrhizobium sp. CCBAU 53338	1325111	S	1434	1805	3239	0.00078
Bradyrhizobium sp.	376	S	1081	3736	4817	0.00116
Bradyrhizobium sp. WSM471	319017	S	426	1860	2286	0.00055
Bradyrhizobium sp. LCT2	2493093	S	240	1208	1448	0.00035
Bradyrhizobium sp. TM102	2599819	S	141	2083	2224	0.00054
Bradyrhizobium sp. SG09	2599805	S	139	1996	2135	0.00051
Bradyrhizobium icense	1274631	S	8047	3045	11092	0.00267
Bradyrhizobium paxllaeri	190148	S	7310	4090	11400	0.00275
Bradyrhizobium diazoefficiens	1355477	S	6857	17829	24686	0.00595
Bradyrhizobium erythrophlei	1437360	S	6385	1604	7989	0.00192
Bradyrhizobium vignae	1549949	S	2874	1955	4829	0.00116
Bradyrhizobium guangxiense	1325115	S	2329	3196	5525	0.00133
Bradyrhizobium lablabi	722472	S	2217	4070	6287	0.00151
Bradyrhizobium genosp. L	83637	S	2122	1177	3299	0.00079
Bradyrhizobium symbiodeficiens	1404367	S	2107	2470	4577	0.00110
Bradyrhizobium zhanjiangense	1325107	S	1994	1358	3352	0.00081
Bradyrhizobium japonicum	375	S	1979	5284	7263	0.00175
Bradyrhizobium oligotrophicum	44255	S	1879	825	2704	0.00065
Bradyrhizobium cosmicum	1404864	S	1792	1804	3596	0.00087
Bradyrhizobium canariense	255045	S	1751	426	2177	0.00052
Bradyrhizobium arachidis	858423	S	1719	1471	3190	0.00077
Bradyrhizobium guangdongense	1325090	S	1637	1945	3582	0.00086
Bradyrhizobium genosp. B	83627	S	1553	1023	2576	0.00062
Bradyrhizobium guangzhouense	1325095	S	1391	1654	3045	0.00073
Bradyrhizobium amphicarpaeae	1404768	S	1197	1476	2673	0.00064
Bradyrhizobium betae	244734	S	973	1209	2182	0.00053
Bradyrhizobium ottawaense	931866	S	334	3851	4185	0.00101
Bosea sp. Tri-49	1867715	S	1840	774	2614	0.00063
Bosea sp. F3-2	2599640	S	1800	946	2746	0.00066
Bosea sp. AS-1	2015316	S	1571	805	2376	0.00057
Bosea sp. RAC05	1842539	S	1448	668	2116	0.00051
Bosea sp. ANAM02	2020412	S	1428	773	2201	0.00053
Bosea sp. PAMC 26642	1792307	S	1176	504	1680	0.00040
Bosea vaviloviae	1526658	S	1317	586	1903	0.00046
Rhodopseudomonas palustris	1076	S	9457	6344	15801	0.00381
Nitrobacter hamburgensis	912	S	2758	879	3637	0.00088
Nitrobacter winogradskyi	913	S	818	312	1130	0.00027
Afipia sp. GAS231	1882747	S	1527	1582	3109	0.00075
Afipia carboxidovorans	40137	S	1263	386	1649	0.00040
Tardiphaga robiniae	943830	S	1206	404	1610	0.00039
Variibacter gotjawalensis	1333996	S	1591	298	1889	0.00046
Rhizobium sp. BG4	2613770	S	2019	734	2753	0.00066
Rhizobium sp. 11515TR	2028343	S	1007	437	1444	0.00035
Rhizobium sp. NXC24	2048897	S	563	210	773	0.00019
Rhizobium sp. ACO-34A	1571470	S	484	193	677	0.00016
Rhizobium sp. WL3	2603277	S	475	176	651	0.00016
Rhizobium sp. NZLR1	2731096	S	401	423	824	0.00020
Rhizobium sp. CIAT894	2020312	S	346	432	778	0.00019
Rhizobium sp. ADMK78	1813451	S	303	79	382	0.00009
Rhizobium sp. NXC14	1981173	S	287	429	716	0.00017
Rhizobium sp. NLR16a	2731112	S	279	496	775	0.00019
Rhizobium sp. Khangiran2	1435607	S	244	485	729	0.00018
Rhizobium sp. 007	2785056	S	169	308	477	0.00011
Rhizobium sp. IE4771	1301032	S	101	491	592	0.00014
Rhizobium leguminosarum	384	S	3292	7586	10878	0.00262
Rhizobium etli	29449	S	973	2040	3013	0.00073
Rhizobium favelukesii	348824	S	695	203	898	0.00022
Rhizobium pseudoryzae	379684	S	669	225	894	0.00022
Rhizobium jaguaris	1312183	S	654	173	827	0.00020
Rhizobium bangladeshense	1138189	S	586	370	956	0.00023
Rhizobium phaseoli	396	S	511	1790	2301	0.00055
Rhizobium tropici	398	S	472	261	733	0.00018
Rhizobium gallicum	56730	S	448	899	1347	0.00032
Rhizobium pusense	648995	S	446	2400	2846	0.00069
Rhizobium lentis	1138194	S	419	312	731	0.00018
Rhizobium lusitanum	293958	S	403	155	558	0.00013
Rhizobium binae	1138190	S	372	329	701	0.00017
Rhizobium rosettiformans	1368430	S	348	208	556	0.00013
Rhizobium daejeonense	240521	S	345	184	529	0.00013
Rhizobium rhizoryzae	451876	S	341	61	402	0.00010
Rhizobium flavum	1335061	S	319	414	733	0.00018
Rhizobium indicum	2583231	S	257	452	709	0.00017
Rhizobium oryzihabitans	2267833	S	211	194	405	0.00010
Rhizobium acidisoli	1538158	S	175	224	399	0.00010
Agrobacterium tumefaciens	358	S	2035	2927	4962	0.00120
Agrobacterium fabrum	1176649	S	155	359	514	0.00012
Agrobacterium sp. T29	2580515	S	128	172	300	0.00007
Agrobacterium sp. MA01	2664893	S	106	403	509	0.00012
Agrobacterium vitis	373	S	657	149	806	0.00019
Agrobacterium rhizogenes	359	S	361	615	976	0.00024
Agrobacterium rubi	28099	S	284	93	377	0.00009
Agrobacterium larrymoorei	160699	S	235	54	289	0.00007
Neorhizobium sp. SOG26	2060726	S	1158	357	1515	0.00036
Neorhizobium sp. NCHU2750	1825976	S	699	253	952	0.00023
Neorhizobium galegae	399	S	1520	438	1958	0.00047
Pseudorhizobium banfieldiae	1125847	S	106	442	548	0.00013
Sinorhizobium meliloti	382	S	8068	3500	11568	0.00279
Sinorhizobium fredii	380	S	3417	6871	10288	0.00248
Sinorhizobium sp. BG8	2613773	S	791	204	995	0.00024
Sinorhizobium sp. RAC02	1842534	S	790	321	1111	0.00027
Sinorhizobium sp. CCBAU 05631	794846	S	140	344	484	0.00012
Sinorhizobium americanum	194963	S	1068	768	1836	0.00044
Sinorhizobium medicae	110321	S	905	272	1177	0.00028
Ensifer adhaerens	106592	S	1974	1471	3445	0.00083
Ensifer mexicanus	375549	S	1146	332	1478	0.00036
Ensifer sp. PDNC004	2811423	S	889	592	1481	0.00036
Ensifer alkalisoli	1752398	S	750	340	1090	0.00026
Ensifer sojae	716925	S	703	452	1155	0.00028
Shinella sp. HZN7	879274	S	1334	937	2271	0.00055
Shinella sp. PSBB067	2715959	S	1196	981	2177	0.00052
Kaistia sp. 32K	2795690	S	1550	571	2121	0.00051
Georhizobium profundi	2341112	S	735	218	953	0.00023
Ciceribacter thiooxidans	1969821	S	707	229	936	0.00023
Mesorhizobium sp. J8	2777475	S	3185	2123	5308	0.00128
Mesorhizobium sp. 8	2584466	S	2330	1109	3439	0.00083
Mesorhizobium sp. N3	675281	S	2010	791	2801	0.00067
Mesorhizobium sp. Pch-S	2082387	S	1197	337	1534	0.00037
Mesorhizobium sp. DCY119	2108445	S	1162	501	1663	0.00040
Mesorhizobium sp. M2A.F.Ca.ET.043.05.1.1	2493671	S	1073	1678	2751	0.00066
Mesorhizobium sp. M1B.F.Ca.ET.045.04.1.1	2493673	S	1049	802	1851	0.00045
Mesorhizobium sp. M1E.F.Ca.ET.045.02.1.1	2493672	S	1015	932	1947	0.00047
Mesorhizobium sp. M1A.F.Ca.IN.022.06.1.1	2493680	S	987	711	1698	0.00041
Mesorhizobium sp. M3A.F.Ca.ET.080.04.2.1	2493676	S	956	593	1549	0.00037
Mesorhizobium sp. M1D.F.Ca.ET.043.01.1.1	2493669	S	945	959	1904	0.00046
Mesorhizobium sp. 131-2-1	2744518	S	821	752	1573	0.00038
Mesorhizobium sp. M4B.F.Ca.ET.058.02.1.1	2493675	S	795	685	1480	0.00036
Mesorhizobium sp. INR15	2654248	S	789	284	1073	0.00026
Mesorhizobium sp. L-2-11	2744521	S	784	570	1354	0.00033
Mesorhizobium sp. M9A.F.Ca.ET.002.03.1.2	2493668	S	711	639	1350	0.00033
Mesorhizobium sp. M6A.T.Cr.TU.016.01.1.1	2493677	S	648	506	1154	0.00028
Mesorhizobium sp. M2A.F.Ca.ET.046.03.2.1	2493674	S	567	2141	2708	0.00065
Mesorhizobium sp. M8A.F.Ca.ET.057.01.1.1	2493679	S	556	420	976	0.00024
Mesorhizobium sp. M2A.F.Ca.ET.043.02.1.1	2493670	S	549	2086	2635	0.00063
Mesorhizobium sp. M7D.F.Ca.US.005.01.1.1	2493678	S	490	391	881	0.00021
Mesorhizobium sp. NZP2077	2483404	S	490	368	858	0.00021
Mesorhizobium sp. M7A.F.Ce.TU.012.03.2.1	2493681	S	465	442	907	0.00022
Mesorhizobium sp. L-8-10	2744523	S	440	1801	2241	0.00054
Mesorhizobium sp. 113-3-3	2744516	S	431	452	883	0.00021
Mesorhizobium sp. NBSH29	2654249	S	429	83	512	0.00012
Mesorhizobium sp. L-8-3	2744522	S	392	1653	2045	0.00049
Mesorhizobium sp. AA22	1854057	S	326	471	797	0.00019
Mesorhizobium sp. NZP2298	2483403	S	305	399	704	0.00017
Mesorhizobium sp. 113-3-9	2744517	S	302	458	760	0.00018
Mesorhizobium sp. 113-1-2	2744515	S	115	556	671	0.00016
Mesorhizobium oceanicum	1670800	S	1514	571	2085	0.00050
Mesorhizobium amorphae	71433	S	765	379	1144	0.00028
Mesorhizobium loti	381	S	700	6278	6978	0.00168
Mesorhizobium australicum	536018	S	603	448	1051	0.00025
Mesorhizobium ciceri	39645	S	581	3405	3986	0.00096
Mesorhizobium opportunistum	593909	S	574	433	1007	0.00024
Mesorhizobium erdmanii	1777866	S	499	384	883	0.00021
Mesorhizobium huakuii	28104	S	434	602	1036	0.00025
Mesorhizobium japonicum	2066070	S	359	675	1034	0.00025
Aminobacter sp. MSH1	374606	S	989	667	1656	0.00040
Aminobacter sp. SR38	2774562	S	204	826	1030	0.00025
Aminobacter sp. MDW-2	2666139	S	118	779	897	0.00022
Aminobacter aminovorans	83263	S	159	630	789	0.00019
Nitratireductor sp. SY7	2599600	S	1323	529	1852	0.00045
Nitratireductor sp. OM-1	1756988	S	616	160	776	0.00019
Roseitalea porphyridii	1852022	S	996	382	1378	0.00033
Hoeflea sp. IMCC20628	1620421	S	441	94	535	0.00013
Hoeflea phototrophica	244596	S	399	99	498	0.00012
Phyllobacterium zundukense	1867719	S	456	103	559	0.00013
Phyllobacterium sp. 628	2718938	S	233	36	269	0.00006
Chelativorans sp. BNC1	266779	S	664	161	825	0.00020
Oricola thermophila	2742145	S	659	191	850	0.00020
Salaquimonas pukyongi	2712698	S	307	45	352	0.00008
Methylobacterium sp. 4-46	426117	S	2113	823	2936	0.00071
Methylobacterium sp. 17Sr1-43	2202828	S	1318	566	1884	0.00045
Methylobacterium sp. 17Sr1-1	2202826	S	913	852	1765	0.00043
Methylobacterium sp. WL1	2603276	S	903	409	1312	0.00032
Methylobacterium sp. C1	1479019	S	634	4002	4636	0.00112
Methylobacterium sp. AMS5	925818	S	388	436	824	0.00020
Methylobacterium sp. DM1	2067957	S	316	918	1234	0.00030
Methylobacterium sp. XJLW	739141	S	109	1539	1648	0.00040
Methylobacterium nodulans	114616	S	1881	512	2393	0.00058
Methylobacterium aquaticum	270351	S	1792	1422	3214	0.00077
Methylobacterium durans	2202825	S	1392	410	1802	0.00043
Methylobacterium mesophilicum	39956	S	1120	477	1597	0.00038
Methylobacterium currus	2051553	S	938	769	1707	0.00041
Methylobacterium terrae	2202827	S	924	837	1761	0.00042
Methylobacterium radiotolerans	31998	S	901	3200	4101	0.00099
Methylobacterium brachiatum	269660	S	885	543	1428	0.00034
Methylobacterium indicum	1775910	S	762	718	1480	0.00036
Methylobacterium phyllosphaerae	418223	S	168	839	1007	0.00024
Microvirga sp. VF16	2807101	S	5211	1422	6633	0.00160
Microvirga sp. 17 mud 1-3	2082949	S	1432	575	2007	0.00048
Microvirga ossetica	1882682	S	4011	1189	5200	0.00125
Microvirga thermotolerans	2651334	S	1850	939	2789	0.00067
Methylorubrum populi	223967	S	2134	1827	3961	0.00095
Methylorubrum extorquens	408	S	1363	4277	5640	0.00136
Rhodoplanes sp. Z2-YC6860	674703	S	9800	1946	11746	0.00283
Devosia sp. A16	1736675	S	3553	970	4523	0.00109
Devosia sp. G19	2801335	S	845	342	1187	0.00029
Devosia sp. S02	2657486	S	754	290	1044	0.00025
Devosia sp. LEGU1	2774137	S	660	189	849	0.00020
Devosia sp. 1566	2499144	S	562	131	693	0.00017
Devosia sp. I507	2083786	S	525	155	680	0.00016
Devosia sp. D6-9	2664417	S	381	918	1299	0.00031
Devosia sp. MC521	2759954	S	252	44	296	0.00007
Devosia ginsengisoli	400770	S	858	304	1162	0.00028
Hyphomicrobium sp. MC1	717785	S	3485	477	3962	0.00095
Hyphomicrobium denitrificans	53399	S	2057	313	2370	0.00057
Hyphomicrobium nitrativorans	1427356	S	1203	195	1398	0.00034
Blastochloris tepida	2233851	S	1439	746	2185	0.00053
Blastochloris viridis	1079	S	1207	620	1827	0.00044
Methyloceanibacter caenitepidi	1384459	S	639	220	859	0.00021
Methyloceanibacter sp. wino2	2170729	S	631	234	865	0.00021
Aquabacter sp. L1I39	2820278	S	1072	328	1400	0.00034
Methyloligella sp. GL2	2742204	S	979	221	1200	0.00029
Youhaiella tibetensis	1447062	S	937	298	1235	0.00030
Rhodomicrobium vannielii	1069	S	806	124	930	0.00022
Pelagibacterium halotolerans	531813	S	514	93	607	0.00015
Paradevosia shaoguanensis	1335043	S	363	903	1266	0.00031
Candidatus Filomicrobium marinum	1608628	S	342	18	360	0.00009
Caenibius tardaugens	169176	S	327	181	508	0.00012
Pseudolabrys taiwanensis	331696	S	4176	1284	5460	0.00132
Pseudolabrys sp. FHR47	2562284	S	3751	1300	5051	0.00122
Starkeya novella	921	S	3935	99245	103180	0.02485
Starkeya sp. ORNL1	2709380	S	2077	695	2772	0.00067
Ancylobacter sp. TS-1	1850374	S	1361	686	2047	0.00049
Ancylobacter pratisalsi	1745854	S	1047	327	1374	0.00033
Labrys sp. KNU-23	2789216	S	2402	576	2978	0.00072
Xanthobacter sp. YN2	2528964	S	1826	582	2408	0.00058
Azorhizobium caulinodans	7	S	1268	429	1697	0.00041
Nordella sp. HKS 07	2712222	S	3088	506	3594	0.00087
Pseudorhodoplanes sinuspersici	1235591	S	2908	514	3422	0.00082
Hartmannibacter diazotrophicus	1482074	S	1207	363	1570	0.00038
Aureimonas sp. AU20	1349819	S	1065	326	1391	0.00034
Aureimonas sp. LMG 31693	2758041	S	849	337	1186	0.00029
Aureimonas sp. OT7	2816454	S	697	347	1044	0.00025
Aureimonas populi	1701758	S	933	390	1323	0.00032
Martelella sp. AD-3	686597	S	294	989	1283	0.00031
Martelella mediterranea	293089	S	537	296	833	0.00020
Martelella endophytica	1486262	S	486	183	669	0.00016
Martelella lutilitoris	2583532	S	289	358	647	0.00016
Methylocystis rosea	173366	S	781	343	1124	0.00027
Methylocystis bryophila	655015	S	767	141	908	0.00022
Methylocystis parvus	134	S	750	170	920	0.00022
Methylocystis heyeri	391905	S	646	128	774	0.00019
Methylocystis sp. SC2	187303	S	421	297	718	0.00017
Methylosinus trichosporium	426	S	998	317	1315	0.00032
Methylosinus sp. C49	2699395	S	764	236	1000	0.00024
Stappia indica	538381	S	1529	654	2183	0.00053
Stappia sp. ES.058	1881061	S	722	189	911	0.00022
Labrenzia sp. VG12	2021862	S	482	343	825	0.00020
Labrenzia sp. PHM005	2590016	S	196	90	286	0.00007
Labrenzia sp. THAF82	2587861	S	192	70	262	0.00006
Labrenzia alexandrii	388408	S	219	248	467	0.00011
Pannonibacter phragmitetus	121719	S	1049	676	1725	0.00042
Pseudovibrio sp. FO-BEG1	911045	S	131	8	139	0.00003
Chelatococcus sp. CO-6	1702325	S	1578	1411	2989	0.00072
Chelatococcus daeguensis	444444	S	792	772	1564	0.00038
Brucella intermedia	94625	S	830	627	1457	0.00035
[Ochrobactrum] quorumnocens	271865	S	140	75	215	0.00005
Brucella anthropi	529	S	128	627	755	0.00018
Methylocella silvestris	199596	S	705	157	862	0.00021
Methylocella tundrae	227605	S	585	107	692	0.00017
Methylovirgula ligni	569860	S	679	162	841	0.00020
Beijerinckia indica	533	S	348	40	388	0.00009
Parvibaculum lavamentivorans	256618	S	831	286	1117	0.00027
Pyruvatibacter mobilis	1712261	S	559	131	690	0.00017
Candidatus Phaeomarinobacter ectocarpi	1458461	S	232	25	257	0.00006
Breoghania sp. L-A4	2304600	S	1139	324	1463	0.00035
Cohaesibacter sp. ES.047	1798205	S	231	21	252	0.00006
Lichenihabitans psoromatis	2528642	S	736	145	881	0.00021
Sphingomonas sp. sand1-3	2764186	S	3919	1560	5479	0.00132
Sphingomonas sp. HDW15C	2714944	S	3834	1586	5420	0.00131
Sphingomonas sp. HDW15A	2714942	S	3021	766	3787	0.00091
Sphingomonas sp. HDW15B	2714943	S	2886	782	3668	0.00088
Sphingomonas sp. LMO-1	2681549	S	1704	737	2441	0.00059
Sphingomonas sp. CL5.1	2653203	S	1433	873	2306	0.00056
Sphingomonas sp. MM-1	745310	S	1395	2359	3754	0.00090
Sphingomonas sp. C33	2698679	S	1320	654	1974	0.00048
Sphingomonas sp. Cra20	1327635	S	1265	567	1832	0.00044
Sphingomonas sp. C8-2	2492837	S	1227	2895	4122	0.00099
Sphingomonas sp. AP4-R1	2735134	S	1180	385	1565	0.00038
Sphingomonas sp. LM7	1938607	S	1148	678	1826	0.00044
Sphingomonas sp. NBWT7	2596913	S	1138	730	1868	0.00045
Sphingomonas sp. MK52	2711156	S	1014	379	1393	0.00034
Sphingomonas sp. AAP5	1523415	S	975	556	1531	0.00037
Sphingomonas sp. FARSPH	2219696	S	962	1025	1987	0.00048
Sphingomonas sp. XS-10	2599297	S	937	398	1335	0.00032
Sphingomonas sp. PAMC26645	2565555	S	805	625	1430	0.00034
Sphingomonas sp. KC8	1030157	S	747	388	1135	0.00027
Sphingomonas sp. DH-S5	2759526	S	744	265	1009	0.00024
Sphingomonas sp. HMP9	1517554	S	691	626	1317	0.00032
Sphingomonas sp. HMP6	1517551	S	665	321	986	0.00024
Sphingomonas sp. LK11	1390395	S	661	549	1210	0.00029
Sphingomonas sp. NIC1	1961362	S	378	1654	2032	0.00049
Sphingomonas sp. YZ-8	2319844	S	357	38	395	0.00010
Sphingomonas sp. IC081	304378	S	169	1136	1305	0.00031
Sphingomonas sediminicola	386874	S	5436	1499	6935	0.00167
Sphingomonas lutea	1045317	S	5372	1979	7351	0.00177
Sphingomonas daechungensis	1176646	S	5165	1412	6577	0.00158
Sphingomonas ginsengisoli An et al. 2013	363835	S	3999	1572	5571	0.00134
Sphingomonas rhizophila	2071607	S	3516	1550	5066	0.00122
Sphingomonas xanthus	2594473	S	3395	1226	4621	0.00111
Sphingomonas alpina	653931	S	1756	516	2272	0.00055
Sphingomonas wittichii	160791	S	1612	4064	5676	0.00137
Sphingomonas sanxanigenens	397260	S	1590	1199	2789	0.00067
Sphingomonas hengshuiensis	1609977	S	1182	470	1652	0.00040
Sphingomonas koreensis	93064	S	1142	1264	2406	0.00058
Sphingomonas taxi	1549858	S	1070	804	1874	0.00045
Sphingomonas panacis	1560345	S	1021	386	1407	0.00034
Sphingomonas panacisoli	1813879	S	958	398	1356	0.00033
Sphingomonas insulae	424800	S	743	474	1217	0.00029
Sphingomonas paucimobilis	13689	S	729	702	1431	0.00034
Sphingomonas melonis	152682	S	435	2291	2726	0.00066
Sphingomonas lacunae	2698828	S	354	80	434	0.00010
Sphingobium sp. SYK-6	627192	S	1143	595	1738	0.00042
Sphingobium sp. TKS	1315974	S	591	773	1364	0.00033
Sphingobium sp. CAP-1	2676077	S	560	667	1227	0.00030
Sphingobium sp. YG1	2082188	S	529	338	867	0.00021
Sphingobium sp. SCG-1	2072936	S	514	92	606	0.00015
Sphingobium sp. EP60837	1855519	S	463	207	670	0.00016
Sphingobium sp. RAC03	1843368	S	426	186	612	0.00015
Sphingobium sp. Cam5-1	2789327	S	396	252	648	0.00016
Sphingobium sp. KCTC 72723	2733867	S	361	122	483	0.00012
Sphingobium sp. MI1205	407020	S	358	619	977	0.00024
Sphingobium sp. PAMC28499	2565554	S	118	459	577	0.00014
Sphingobium sp. YBL2	484429	S	113	953	1066	0.00026
Sphingobium yanoikuyae	13690	S	1017	2584	3601	0.00087
Sphingobium amiense	135719	S	581	1003	1584	0.00038
Sphingobium cloacae	120107	S	531	966	1497	0.00036
Sphingobium japonicum	332056	S	503	584	1087	0.00026
Sphingobium baderi	1332080	S	476	565	1041	0.00025
Sphingobium chlorophenolicum	46429	S	470	365	835	0.00020
Sphingobium hydrophobicum	1673076	S	463	609	1072	0.00026
Sphingobium herbicidovorans	76947	S	325	290	615	0.00015
Sphingobium barthaii	1054037	S	179	847	1026	0.00025
Sphingobium fuliginis	336203	S	157	919	1076	0.00026
Sphingopyxis sp. QXT-31	1357916	S	961	614	1575	0.00038
Sphingopyxis sp. PAMC25046	2565556	S	833	676	1509	0.00036
Sphingopyxis sp. OPL5	2486273	S	761	378	1139	0.00027
Sphingopyxis sp. 113P3	292913	S	718	418	1136	0.00027
Sphingopyxis sp. FD7	1914525	S	606	543	1149	0.00028
Sphingopyxis sp. EG6	1874061	S	577	481	1058	0.00025
Sphingopyxis macrogoltabida	33050	S	1617	1213	2830	0.00068
Sphingopyxis lindanitolerans	2054227	S	733	514	1247	0.00030
Sphingopyxis terrae	33052	S	626	469	1095	0.00026
Sphingopyxis fribergensis	1515612	S	618	424	1042	0.00025
Sphingopyxis alaskensis	117207	S	566	405	971	0.00023
Sphingopyxis granuli	267128	S	340	2154	2494	0.00060
Novosphingobium sp. Gsoil 351	2675225	S	1272	357	1629	0.00039
Novosphingobium sp. ABRDHK2	2571749	S	986	681	1667	0.00040
Novosphingobium sp. P6W	1609758	S	763	185	948	0.00023
Novosphingobium sp. ES2-1	2780074	S	597	393	990	0.00024
Novosphingobium sp. THN1	1016987	S	531	300	831	0.00020
Novosphingobium sp. PP1Y	702113	S	337	221	558	0.00013
Novosphingobium sp. KA1	164608	S	183	1040	1223	0.00029
Novosphingobium resinovorum	158500	S	1022	637	1659	0.00040
Novosphingobium aromaticivorans	48935	S	837	5167	6004	0.00145
Novosphingobium ginsenosidimutans	1176536	S	617	210	827	0.00020
Novosphingobium pentaromativorans	205844	S	285	419	704	0.00017
Allosphingosinicella indica	941907	S	2293	952	3245	0.00078
Sphingosinithalassobacter sp. CS137	2762748	S	1173	574	1747	0.00042
Sphingosinithalassobacter sp. zrk23	2711215	S	800	448	1248	0.00030
Parasphingopyxis algicola	2026624	S	1061	259	1320	0.00032
Parasphingopyxis sp. CP4	2724527	S	302	41	343	0.00008
Sphingorhabdus sp. SMR4y	2584094	S	341	91	432	0.00010
Sphingorhabdus sp. YGSMI21	2077182	S	318	82	400	0.00010
Sphingorhabdus sp. M41	1806885	S	271	63	334	0.00008
Sphingorhabdus sp. JK6	2725558	S	113	8	121	0.00003
Sphingorhabdus lacus	392610	S	221	23	244	0.00006
Rhizorhabdus dicambivorans	1850238	S	1305	1619	2924	0.00070
Blastomonas sp. RAC04	1842535	S	228	471	699	0.00017
Blastomonas fulva	1550728	S	198	551	749	0.00018
Tardibacter chloracetimidivorans	1921510	S	815	844	1659	0.00040
Citromicrobium sp. JL477	1634516	S	637	519	1156	0.00028
Novosphingopyxis sp. PB63	2762729	S	556	417	973	0.00023
Parasphingorhabdus sp. JHSY0214	2806553	S	138	9	147	0.00004
Erythrobacter sp. HL-111	1798193	S	745	527	1272	0.00031
Erythrobacter sp. HKB08	2502843	S	688	433	1121	0.00027
Erythrobacter sp. 6D36	2782568	S	520	271	791	0.00019
Erythrobacter sp. THAF29	2587851	S	367	161	528	0.00013
Erythrobacter sp. KY5	2011159	S	292	79	371	0.00009
Erythrobacter sp. A30-3	2785907	S	290	301	591	0.00014
Erythrobacter litoralis	39960	S	1092	1033	2125	0.00051
Erythrobacter mangrovi	2739433	S	449	256	705	0.00017
Erythrobacter neustonensis	1112	S	424	260	684	0.00016
Erythrobacter aureus	2182384	S	416	157	573	0.00014
Porphyrobacter sp. CACIAM 03H1	2003315	S	769	599	1368	0.00033
Porphyrobacter sp. YT40	2547601	S	514	660	1174	0.00028
Porphyrobacter sp. LM 6	1896196	S	419	305	724	0.00017
Porphyrobacter sp. HT-58-2	2023229	S	376	237	613	0.00015
Altererythrobacter sp. B11	2060312	S	918	631	1549	0.00037
Altererythrobacter sp. TH136	2067415	S	716	358	1074	0.00026
Altererythrobacter sp. BO-6	2604537	S	490	230	720	0.00017
Altererythrobacter sp. ZODW24	2185142	S	213	35	248	0.00006
Altererythrobacter atlanticus	1267766	S	452	284	736	0.00018
Altererythrobacter epoxidivorans	361183	S	391	225	616	0.00015
Altererythrobacter ishigakiensis	476157	S	177	33	210	0.00005
Tsuneonella dongtanensis	692370	S	954	502	1456	0.00035
Tsuneonella amylolytica	2338327	S	915	637	1552	0.00037
Tsuneonella mangrovi	1982042	S	684	320	1004	0.00024
Tsuneonella flava	2055955	S	282	196	478	0.00012
Croceicoccus marinus	450378	S	980	843	1823	0.00044
Croceicoccus sp. YJ47	2798724	S	596	442	1038	0.00025
Croceicoccus naphthovorans	1348774	S	474	890	1364	0.00033
Qipengyuania flava	192812	S	775	830	1605	0.00039
Qipengyuania sediminis	1532023	S	689	304	993	0.00024
Qipengyuania seohaensis	266951	S	371	193	564	0.00014
Aurantiacibacter gangjinensis	502682	S	401	133	534	0.00013
Aurantiacibacter atlanticus	1648404	S	199	125	324	0.00008
Paraurantiacibacter namhicola	645517	S	571	256	827	0.00020
Pelagerythrobacter marensis	543877	S	507	236	743	0.00018
Sphingosinicella sp. BN140058	1892855	S	2442	640	3082	0.00074
Sphingosinicella sp. UDD2	2771430	S	1326	667	1993	0.00048
Sphingosinicella microcystinivorans	335406	S	981	316	1297	0.00031
Sandaracinobacter sp. M6	2759707	S	860	258	1118	0.00027
Azospirillum brasilense	192	S	2651	3727	6378	0.00154
Azospirillum thermophilum	2202148	S	2199	1104	3303	0.00080
Azospirillum sp. TSH100	652764	S	763	650	1413	0.00034
Azospirillum sp. TSA2s	709810	S	721	889	1610	0.00039
Azospirillum sp. TSH58	664962	S	593	1122	1715	0.00041
Azospirillum lipoferum	193	S	1381	1237	2618	0.00063
Azospirillum thiophilum	528244	S	1163	825	1988	0.00048
Azospirillum ramasamyi	682998	S	716	736	1452	0.00035
Azospirillum humicireducens	1226968	S	605	628	1233	0.00030
Azospirillum oryzae	286727	S	573	783	1356	0.00033
Azospirillum baldaniorum	1064539	S	395	941	1336	0.00032
Hypericibacter adhaerens	2602016	S	3855	1773	5628	0.00136
Hypericibacter terrae	2602015	S	3248	1301	4549	0.00110
Skermanella sp. TT6	2775420	S	2223	1718	3941	0.00095
Skermanella pratensis	2233999	S	1585	1249	2834	0.00068
Magnetospirillum sp. XM-1	1663591	S	736	520	1256	0.00030
Magnetospirillum sp. ME-1	1639348	S	566	423	989	0.00024
Magnetospirillum gryphiswaldense	55518	S	869	5546	6415	0.00155
Magnetospirillum magneticum	84159	S	721	296	1017	0.00025
Ferrovibrio terrae	2594003	S	3302	820	4122	0.00099
Rhodospirillum centenum	34018	S	1596	788	2384	0.00057
Rhodospirillum rubrum	1085	S	811	20	831	0.00020
Tistrella mobilis	171437	S	1700	552	2252	0.00054
Nitrospirillum amazonense	28077	S	1494	429	1923	0.00046
Indioceanicola profundi	2220096	S	1228	357	1585	0.00038
Defluviicoccus vanus	111831	S	878	177	1055	0.00025
Thalassospira marina	2048283	S	136	259	395	0.00010
Niveispirillum cyanobacteriorum	1612173	S	614	144	758	0.00018
Pararhodospirillum photometricum	1084	S	548	131	679	0.00016
Magnetospira sp. QH-2	1288970	S	372	40	412	0.00010
Roseomonas sp. 546	2768162	S	1553	549	2102	0.00051
Roseomonas sp. 1318	2768161	S	1488	472	1960	0.00047
Roseomonas sp. FDAARGOS_362	2018065	S	140	808	948	0.00023
Roseomonas gilardii	257708	S	968	939	1907	0.00046
Roseomonas mucosa	207340	S	151	1121	1272	0.00031
Stella humosa	94	S	3261	1018	4279	0.00103
Roseococcus sp. NIBR12	2771361	S	1875	528	2403	0.00058
Komagataeibacter xylinus	28448	S	414	1049	1463	0.00035
Komagataeibacter hansenii	436	S	160	83	243	0.00006
Komagataeibacter saccharivorans	265959	S	159	87	246	0.00006
Komagataeibacter nataicola	265960	S	153	144	297	0.00007
Acidiphilium multivorum	62140	S	175	707	882	0.00021
Acidiphilium cryptum	524	S	125	513	638	0.00015
Acetobacter aceti	435	S	396	373	769	0.00019
Lichenicola cladoniae	1484109	S	921	132	1053	0.00025
Acidibrevibacterium fodinaquatile	1969806	S	889	184	1073	0.00026
Gluconacetobacter diazotrophicus	33996	S	658	303	961	0.00023
Gluconobacter oxydans	442	S	232	324	556	0.00013
Gluconobacter albidus	318683	S	107	32	139	0.00003
Granulibacter bethesdensis	364410	S	400	70	470	0.00011
Neoasaia chiangmaiensis	320497	S	254	74	328	0.00008
Kozakia baliensis	153496	S	185	85	270	0.00007
Asaia bogorensis	91915	S	140	22	162	0.00004
Oecophyllibacter saccharovorans	2558360	S	124	23	147	0.00004
Parasaccharibacter apium	1510841	S	115	12	127	0.00003
Paracoccus sp. AK26	2589076	S	583	202	785	0.00019
Paracoccus sp. MC1862	2760307	S	535	180	715	0.00017
Paracoccus sp. Arc7-R13	2500532	S	429	183	612	0.00015
Paracoccus sp. H4-D09	2812658	S	313	119	432	0.00010
Paracoccus sp. BM15	1529068	S	229	51	280	0.00007
Paracoccus sanguinis	1545044	S	886	484	1370	0.00033
Paracoccus yeei	147645	S	694	1192	1886	0.00045
Paracoccus liaowanqingii	2560053	S	590	167	757	0.00018
Paracoccus denitrificans	266	S	553	427	980	0.00024
Paracoccus pantotrophus	82367	S	538	437	975	0.00023
Paracoccus zhejiangensis	1077935	S	535	225	760	0.00018
Paracoccus aminovorans	34004	S	484	280	764	0.00018
Paracoccus jeotgali	2065379	S	449	177	626	0.00015
Paracoccus suum	2259340	S	449	166	615	0.00015
Paracoccus contaminans	1945662	S	435	211	646	0.00016
Paracoccus aminophilus	34003	S	360	77	437	0.00011
Paracoccus kondratievae	135740	S	207	73	280	0.00007
Rhodobacter sp. CZR27	2033869	S	819	398	1217	0.00029
Rhodobacter sp. LPB0142	1850250	S	643	408	1051	0.00025
Rhodobacter capsulatus	1061	S	646	322	968	0.00023
Rhodobacter blasticus	1075	S	367	128	495	0.00012
Cereibacter sphaeroides	1063	S	2498	1347	3845	0.00093
Sulfitobacter sp. AM1-D1	1917485	S	415	384	799	0.00019
Sulfitobacter sp. THAF37	2587855	S	342	268	610	0.00015
Sulfitobacter sp. D7	1968541	S	175	99	274	0.00007
Sulfitobacter sp. SK011	1389004	S	139	17	156	0.00004
Sulfitobacter sp. JL08	2070369	S	119	16	135	0.00003
Sulfitobacter pseudonitzschiae	1402135	S	441	251	692	0.00017
Sulfitobacter mediterraneus	83219	S	194	58	252	0.00006
Salipiger profundus	1229727	S	825	578	1403	0.00034
Salipiger pacificus	311180	S	692	282	974	0.00023
Yangia sp. CCB-MM3	1792508	S	603	212	815	0.00020
Roseovarius sp. THAF9	2587847	S	278	190	468	0.00011
Roseovarius sp. THAF27	2587850	S	121	314	435	0.00010
Roseovarius sp. THAF8	2587846	S	118	269	387	0.00009
Roseovarius indicus	540747	S	755	523	1278	0.00031
Roseovarius faecimaris	2494550	S	276	70	346	0.00008
Celeribacter indicus	1208324	S	704	490	1194	0.00029
Celeribacter manganoxidans	1411902	S	335	125	460	0.00011
Celeribacter ethanolicus	1758178	S	258	118	376	0.00009
Celeribacter baekdonensis	875171	S	108	30	138	0.00003
Rhodovulum sp. P5	1564506	S	354	93	447	0.00011
Rhodovulum sp. MB263	308754	S	319	207	526	0.00013
Rhodovulum sulfidophilum	35806	S	546	450	996	0.00024
Polymorphum gilvum	991904	S	1370	662	2032	0.00049
Paraoceanicella profunda	2579971	S	1366	591	1957	0.00047
Phaeobacter gallaeciensis	60890	S	282	213	495	0.00012
Phaeobacter inhibens	221822	S	244	161	405	0.00010
Phaeobacter piscinae	1580596	S	125	166	291	0.00007
Leisingera aquaemixtae	1396826	S	368	181	549	0.00013
Leisingera methylohalidivorans	133924	S	201	100	301	0.00007
Pontivivens sp. MT2928	2789856	S	864	206	1070	0.00026
Thioclava electrotropha	1549850	S	381	198	579	0.00014
Thioclava nitratireducens	1915078	S	310	190	500	0.00012
Roseivivax sp. THAF30	2587852	S	440	550	990	0.00024
Sagittula sp. P11	2009329	S	797	578	1375	0.00033
Silicimonas algicola	1826607	S	786	164	950	0.00023
Ruegeria sp. TM1040	292414	S	144	48	192	0.00005
Ruegeria sp. THAF33	2587853	S	133	78	211	0.00005
Ruegeria pomeroyi	89184	S	372	122	494	0.00012
Pelagovum pacificum	2588711	S	672	185	857	0.00021
Defluviimonas alba	1335048	S	598	319	917	0.00022
Marinovum algicola	42444	S	580	333	913	0.00022
Pelagibaca abyssi	1250539	S	572	350	922	0.00022
Dinoroseobacter shibae	215813	S	499	307	806	0.00019
Roseobacter ponti	1891787	S	204	27	231	0.00006
Roseobacter denitrificans	2434	S	139	37	176	0.00004
Roseobacter litoralis	42443	S	116	30	146	0.00004
Mameliella alba	561184	S	494	212	706	0.00017
Haematobacter massiliensis	195105	S	442	200	642	0.00015
Brevirhabdus pacifica	1267768	S	438	305	743	0.00018
Ketogulonicigenium vulgare	92945	S	220	63	283	0.00007
Ketogulonicigenium robustum	92947	S	177	48	225	0.00005
Octadecabacter sp. SW4	2602067	S	144	44	188	0.00005
Octadecabacter antarcticus	1217908	S	100	16	116	0.00003
Roseibacterium elongatum	159346	S	374	107	481	0.00012
Pseudopuniceibacterium antarcticum	2613965	S	367	91	458	0.00011
Confluentimicrobium sp. EMB200-NS6	1609966	S	367	311	678	0.00016
Tabrizicola piscis	2494374	S	359	79	438	0.00011
Gemmobacter sp. HYN0069	2169400	S	352	93	445	0.00011
Monaibacterium sp. ALG8	2715211	S	329	127	456	0.00011
Oceanicola sp. D3	2587163	S	328	71	399	0.00010
Thalassococcus sp. S3	2017482	S	282	38	320	0.00008
Pseudooceanicola algae	1537215	S	278	66	344	0.00008
Jannaschia sp. CCS1	290400	S	272	33	305	0.00007
Tateyamaria omphalii	299262	S	266	44	310	0.00007
Roseicitreum antarcticum	564137	S	253	48	301	0.00007
Maribius sp. THAF1	2587842	S	246	47	293	0.00007
Antarctobacter heliothermus	74033	S	230	42	272	0.00007
Yoonia vestfoldensis	245188	S	224	88	312	0.00008
Qingshengfaniella alkalisoli	2599296	S	223	29	252	0.00006
Epibacterium mobile	379347	S	222	138	360	0.00009
Boseongicola sp. CCM32	2552942	S	178	26	204	0.00005
Pseudohalocynthiibacter aestuariivivens	1591409	S	167	57	224	0.00005
Profundibacter amoris	2171755	S	156	23	179	0.00004
Thalassobius gelatinovorus	53501	S	148	25	173	0.00004
Parasedimentitalea marina	2483033	S	131	13	144	0.00003
Rhodobaca barguzinensis	441209	S	122	13	135	0.00003
Cognatishimia activa	1715691	S	115	15	130	0.00003
Pseudorhodobacter turbinis	2500533	S	107	14	121	0.00003
Marivivens sp. JLT3646	1920883	S	101	16	117	0.00003
Caulobacter mirabilis	69666	S	1737	688	2425	0.00058
Caulobacter sp. K31	366602	S	965	558	1523	0.00037
Caulobacter sp. FWC26	69665	S	714	513	1227	0.00030
Caulobacter vibrioides	155892	S	1633	1243	2876	0.00069
Caulobacter segnis	88688	S	1472	1305	2777	0.00067
Caulobacter flavus	1679497	S	1343	729	2072	0.00050
Caulobacter rhizosphaerae	2010972	S	1022	679	1701	0.00041
Caulobacter soli	2708539	S	973	683	1656	0.00040
Caulobacter henricii	69395	S	615	251	866	0.00021
Brevundimonas sp. LVF2	2774190	S	569	210	779	0.00019
Brevundimonas sp. MF30-B	2561924	S	562	218	780	0.00019
Brevundimonas sp. M20	2591463	S	530	191	721	0.00017
Brevundimonas sp. LM2	1938605	S	518	208	726	0.00018
Brevundimonas sp. LVF1	2774189	S	418	235	653	0.00016
Brevundimonas sp. GRTSA-9	2800818	S	405	119	524	0.00013
Brevundimonas sp. AJA228-03	2752515	S	374	146	520	0.00013
Brevundimonas sp. CS1	2813778	S	168	272	440	0.00011
Brevundimonas sp. SGAir0440	2579977	S	165	242	407	0.00010
Brevundimonas sp. Bb-A	2560058	S	132	441	573	0.00014
Brevundimonas sp. DS20	1532555	S	127	408	535	0.00013
Brevundimonas sp. GW460-12-10-14-LB2	1827469	S	118	282	400	0.00010
Brevundimonas sp. 'scallop'	2562582	S	105	290	395	0.00010
Brevundimonas naejangsanensis	588932	S	908	648	1556	0.00038
Brevundimonas subvibrioides	74313	S	491	233	724	0.00017
Brevundimonas mediterranea	74329	S	429	303	732	0.00018
Brevundimonas diminuta	293	S	250	751	1001	0.00024
Brevundimonas vesicularis	41276	S	155	413	568	0.00014
Phenylobacterium zucineum	284016	S	5406	2429	7835	0.00189
Phenylobacterium parvum	2201350	S	1321	444	1765	0.00043
Terricaulis silvestris	2686094	S	1596	173	1769	0.00043
Asticcacaulis excentricus	78587	S	586	131	717	0.00017
Phreatobacter stygius	1940610	S	1795	559	2354	0.00057
Phreatobacter cathodiphilus	1868589	S	1660	798	2458	0.00059
Phreatobacter sp. NMCR1094	2570229	S	1070	361	1431	0.00034
Micavibrio aeruginosavorus	349221	S	229	12	241	0.00006
Marinicauda algicola	2029849	S	1061	323	1384	0.00033
Maricaulis maris	74318	S	346	51	397	0.00010
Glycocaulis alkaliphilus	1434191	S	319	52	371	0.00009
Hyphobacterium sp. CCMP332	2749086	S	282	21	303	0.00007
Hyphomonas sp. CACIAM 19H1	1873716	S	440	65	505	0.00012
Hyphomonas sp. Mor2	1906738	S	244	19	263	0.00006
Hyphomonas sp. KY3	2016196	S	176	29	205	0.00005
Paremcibacter congregatus	2043170	S	163	9	172	0.00004
Luteithermobacter gelatinilyticus	2582913	S	156	15	171	0.00004
Parvularcula bermudensis	208216	S	215	27	242	0.00006
Variovorax sp. HW608	1034889	S	3040	1490	4530	0.00109
Variovorax sp. PBS-H4	434008	S	1542	1413	2955	0.00071
Variovorax sp. PBL-H6	434009	S	1459	2467	3926	0.00095
Variovorax sp. WDL1	207745	S	1429	2052	3481	0.00084
Variovorax sp. RA8	662548	S	1376	1573	2949	0.00071
Variovorax sp. PAMC 28711	1795631	S	1159	656	1815	0.00044
Variovorax sp. RKNM96	2681552	S	1023	1132	2155	0.00052
Variovorax sp. PAMC28562	2762323	S	899	320	1219	0.00029
Variovorax sp. PAMC26660	2762322	S	860	665	1525	0.00037
Variovorax sp. SRS16	282217	S	636	2188	2824	0.00068
Variovorax sp. 38R	2774875	S	620	1335	1955	0.00047
Variovorax sp. PBL-E5	434014	S	598	2753	3351	0.00081
Variovorax paradoxus	34073	S	8827	11476	20303	0.00489
Variovorax boronicumulans	436515	S	813	1415	2228	0.00054
Hydrogenophaga sp. PBC	795665	S	4884	4809	9693	0.00234
Hydrogenophaga sp. YM1	2806262	S	2719	2609	5328	0.00128
Hydrogenophaga sp. BA0156	2716225	S	2058	2043	4101	0.00099
Hydrogenophaga sp. BPS33	2651974	S	1408	989	2397	0.00058
Hydrogenophaga sp. RAC07	1842537	S	958	702	1660	0.00040
Hydrogenophaga sp. PBL-H3	434010	S	913	922	1835	0.00044
Hydrogenophaga sp. PAMC20947	2565558	S	469	109	578	0.00014
Hydrogenophaga sp. NH-16	2184519	S	397	1280	1677	0.00040
Hydrogenophaga pseudoflava	47421	S	470	1287	1757	0.00042
Hydrogenophaga crassostreae	1763535	S	420	98	518	0.00012
Ramlibacter tataouinensis	94132	S	12610	12434	25044	0.00603
Acidovorax sp. RAC01	1842533	S	665	577	1242	0.00030
Acidovorax sp. KKS102	358220	S	638	596	1234	0.00030
Acidovorax sp. HDW3	2714923	S	529	428	957	0.00023
Acidovorax sp. JMULE5	2518343	S	524	367	891	0.00021
Acidovorax sp. 1608163	2478662	S	449	259	708	0.00017
Acidovorax sp. T1	1858609	S	358	855	1213	0.00029
Acidovorax avenae	80867	S	1927	2889	4816	0.00116
Acidovorax monticola	1926868	S	1157	1163	2320	0.00056
Acidovorax antarcticus	2743470	S	984	700	1684	0.00041
Acidovorax carolinensis	553814	S	754	882	1636	0.00039
Acidovorax citrulli	80869	S	611	1023	1634	0.00039
Acidovorax cattleyae	80868	S	500	785	1285	0.00031
Rhodoferax sp. BAB1	2741720	S	1339	916	2255	0.00054
Rhodoferax sp. AJA081-3	2752316	S	410	108	518	0.00012
Rhodoferax sp. PAMC29310	2822760	S	243	48	291	0.00007
Rhodoferax koreense	1842727	S	1645	1420	3065	0.00074
Rhodoferax sediminis	2509614	S	1629	568	2197	0.00053
Rhodoferax ferrireducens	192843	S	541	121	662	0.00016
Rhodoferax saidenbachensis	1484693	S	469	177	646	0.00016
Rhodoferax antarcticus	81479	S	262	55	317	0.00008
Comamonas sp. NLF-7-7	2597701	S	967	801	1768	0.00043
Comamonas serinivorans	1082851	S	968	453	1421	0.00034
Comamonas testosteroni	285	S	862	1087	1949	0.00047
Comamonas aquatica	225991	S	684	534	1218	0.00029
Comamonas koreensis	160825	S	437	246	683	0.00016
Comamonas piscis	1562974	S	320	143	463	0.00011
Comamonas thiooxydans	363952	S	263	374	637	0.00015
Comamonas kerstersii	225992	S	248	112	360	0.00009
Polaromonas sp. JS666	296591	S	1222	1537	2759	0.00066
Polaromonas naphthalenivorans	216465	S	954	369	1323	0.00032
Schlegelella thermodepolymerans	215580	S	3327	2662	5989	0.00144
Diaphorobacter sp. HDW4A	2714924	S	554	418	972	0.00023
Diaphorobacter sp. HDW4B	2714925	S	524	246	770	0.00019
Diaphorobacter ruginosibacter	1715720	S	785	447	1232	0.00030
Diaphorobacter aerolatus	1288495	S	584	535	1119	0.00027
Kinneretia sp. DAIF2	2714952	S	2467	1409	3876	0.00093
Ottowia sp. 27C	2816950	S	1075	567	1642	0.00040
Ottowia sp. oral taxon 894	1658672	S	412	142	554	0.00013
Ottowia oryzae	2109914	S	852	504	1356	0.00033
Delftia acidovorans	80866	S	548	2538	3086	0.00074
Delftia tsuruhatensis	180282	S	100	805	905	0.00022
Alicycliphilus denitrificans	179636	S	2057	4087	6144	0.00148
Serpentinomonas mccroryi	1458426	S	582	346	928	0.00022
Serpentinomonas raichei	1458425	S	482	281	763	0.00018
Hylemonella gracilis	80880	S	1149	519	1668	0.00040
Melaminivora sp. SC2-9	2109913	S	998	1179	2177	0.00052
Verminephrobacter eiseniae	364317	S	883	383	1266	0.00031
Pulveribacter suum	2116657	S	850	1008	1858	0.00045
Simplicispira suum	2109915	S	694	385	1079	0.00026
Limnohabitans sp. 63ED37-2	1678128	S	309	98	407	0.00010
Limnohabitans sp. 103DPR2	1678129	S	113	16	129	0.00003
Curvibacter sp. AEP1-3	1844971	S	325	83	408	0.00010
Candidatus Symbiobacter mobilis	1436290	S	221	22	243	0.00006
Paraburkholderia sp. SOS3	1926494	S	21031	4962	25993	0.00626
Paraburkholderia sp. 7MH5	2547399	S	980	298	1278	0.00031
Paraburkholderia sp. PGU16	2735433	S	390	271	661	0.00016
Paraburkholderia sp. PGU19	2735434	S	376	293	669	0.00016
Paraburkholderia sp. Msb3	2604047	S	267	232	499	0.00012
Paraburkholderia tropica	92647	S	864	324	1188	0.00029
Paraburkholderia aromaticivorans	2026199	S	855	462	1317	0.00032
Paraburkholderia acidisoli	2571748	S	846	289	1135	0.00027
Paraburkholderia caribensis	75105	S	843	854	1697	0.00041
Paraburkholderia acidiphila	2571747	S	721	254	975	0.00024
Paraburkholderia phymatum	148447	S	654	235	889	0.00021
Paraburkholderia phytofirmans	261302	S	638	360	998	0.00024
Paraburkholderia fungorum	134537	S	585	223	808	0.00019
Paraburkholderia atlantica	2654982	S	563	241	804	0.00019
Paraburkholderia terricola	169427	S	545	271	816	0.00020
Paraburkholderia sprentiae	948107	S	539	237	776	0.00019
Paraburkholderia megapolitana	420953	S	538	116	654	0.00016
Paraburkholderia phenoliruptrix	252970	S	537	258	795	0.00019
Paraburkholderia graminis	60548	S	525	224	749	0.00018
Paraburkholderia caledonica	134536	S	490	161	651	0.00016
Paraburkholderia ginsengisoli	311231	S	479	239	718	0.00017
Paraburkholderia xenovorans	36873	S	436	405	841	0.00020
Paraburkholderia dokdonella	2211211	S	424	201	625	0.00015
Paraburkholderia hospita	169430	S	414	459	873	0.00021
Paraburkholderia caffeinilytica	1761016	S	408	183	591	0.00014
Paraburkholderia acidophila	265293	S	340	447	787	0.00019
Paraburkholderia terrae	311230	S	258	362	620	0.00015
Burkholderia multivorans	87883	S	1527	1294	2821	0.00068
Burkholderia cenocepacia	95486	S	1170	3246	4416	0.00106
Burkholderia cepacia	292	S	1133	2514	3647	0.00088
Burkholderia ubonensis	101571	S	796	2085	2881	0.00069
Burkholderia contaminans	488447	S	611	660	1271	0.00031
Burkholderia lata	482957	S	599	615	1214	0.00029
Burkholderia anthina	179879	S	583	760	1343	0.00032
Burkholderia stagnalis	1503054	S	506	387	893	0.00022
Burkholderia stabilis	95485	S	455	472	927	0.00022
Burkholderia pyrrocinia	60550	S	377	396	773	0.00019
Burkholderia territorii	1503055	S	375	381	756	0.00018
Burkholderia ambifaria	152480	S	320	551	871	0.00021
Burkholderia seminalis	488731	S	295	289	584	0.00014
Burkholderia vietnamiensis	60552	S	274	10524	10798	0.00260
Burkholderia metallica	488729	S	221	222	443	0.00011
Burkholderia pseudomultivorans	1207504	S	160	351	511	0.00012
Burkholderia diffusa	488732	S	159	168	327	0.00008
Burkholderia sp. THE68	758782	S	1029	357	1386	0.00033
Burkholderia sp. DHOD12	2571746	S	857	209	1066	0.00026
Burkholderia sp. Bp7605	1740163	S	556	157	713	0.00017
Burkholderia sp. CCGE1003	640512	S	502	180	682	0.00016
Burkholderia sp. KK1	1855726	S	277	580	857	0.00021
Burkholderia sp. YI23	1097668	S	224	569	793	0.00019
Burkholderia sp. MS389	2811789	S	191	215	406	0.00010
Burkholderia sp. JP2-270	2217913	S	190	187	377	0.00009
Burkholderia sp. RPE67	758796	S	188	496	684	0.00016
Burkholderia sp. NRF60-BP8	1637853	S	180	198	378	0.00009
Burkholderia sp. LA-2-3-30-S1-D2	1637862	S	177	185	362	0.00009
Burkholderia sp. MSMB0856	1637869	S	166	181	347	0.00008
Burkholderia sp. MS455	2811788	S	160	173	333	0.00008
Burkholderia sp. PAMC 26561	1795043	S	144	137	281	0.00007
Burkholderia sp. PAMC 28687	1795874	S	100	205	305	0.00007
Burkholderia pseudomallei	28450	S	697	31412	32109	0.00773
Burkholderia thailandensis	57975	S	525	376	901	0.00022
Burkholderia oklahomensis	342113	S	384	379	763	0.00018
Burkholderia sp. BDU8	1385592	S	226	139	365	0.00009
Burkholderia sp. BDU6	1385591	S	214	139	353	0.00009
Burkholderia gladioli	28095	S	2233	1668	3901	0.00094
Burkholderia plantarii	41899	S	987	477	1464	0.00035
Burkholderia glumae	337	S	782	527	1309	0.00032
Cupriavidus pauculus	82633	S	4999	2406	7405	0.00178
Cupriavidus taiwanensis	164546	S	4276	6063	10339	0.00249
Cupriavidus oxalaticus	96344	S	3451	2623	6074	0.00146
Cupriavidus necator	106590	S	2308	3805	6113	0.00147
Cupriavidus basilensis	68895	S	1564	760	2324	0.00056
Cupriavidus campinensis	151783	S	1246	688	1934	0.00047
Cupriavidus metallidurans	119219	S	1168	674	1842	0.00044
Cupriavidus pinatubonensis	248026	S	914	615	1529	0.00037
Cupriavidus gilardii	82541	S	284	1951	2235	0.00054
Cupriavidus neocaledonicus	1040979	S	273	634	907	0.00022
Cupriavidus nantongensis	1796606	S	238	627	865	0.00021
Ralstonia solanacearum	305	S	1815	6068	7883	0.00190
Ralstonia pickettii	329	S	847	1100	1947	0.00047
Ralstonia insidiosa	190721	S	648	278	926	0.00022
Ralstonia mannitolilytica	105219	S	387	481	868	0.00021
Pandoraea pnomenusa	93220	S	832	509	1341	0.00032
Pandoraea thiooxydans	445709	S	625	141	766	0.00018
Pandoraea pulmonicola	93221	S	578	243	821	0.00020
Pandoraea sp. XY-2	2518599	S	477	225	702	0.00017
Pandoraea faecigallinarum	656179	S	444	206	650	0.00016
Pandoraea vervacti	656178	S	424	203	627	0.00015
Pandoraea norimbergensis	93219	S	421	138	559	0.00013
Pandoraea fibrosis	1891094	S	368	198	566	0.00014
Pandoraea apista	93218	S	366	196	562	0.00014
Pandoraea sputorum	93222	S	260	187	447	0.00011
Pandoraea oxalativorans	573737	S	256	167	423	0.00010
Caballeronia sp. M1242	2814653	S	709	719	1428	0.00034
Caballeronia insecticola	758793	S	732	228	960	0.00023
Lautropia mirabilis	47671	S	652	189	841	0.00020
Mycetohabitans rhizoxinica	412963	S	432	58	490	0.00012
Chitinimonas arctica	2594795	S	382	60	442	0.00011
Bordetella bronchialis	463025	S	3509	1004	4513	0.00109
Bordetella sp. H567	1697043	S	886	234	1120	0.00027
Bordetella sp. N	1746199	S	781	182	963	0.00023
Bordetella genomosp. 8	1416806	S	1529	399	1928	0.00046
Bordetella genomosp. 13	463040	S	982	477	1459	0.00035
Bordetella flabilis	463014	S	970	202	1172	0.00028
Bordetella genomosp. 9	1416803	S	815	245	1060	0.00026
Bordetella petrii	94624	S	713	445	1158	0.00028
Bordetella hinzii	103855	S	663	318	981	0.00024
Bordetella trematum	123899	S	452	156	608	0.00015
Bordetella pseudohinzii	1331258	S	390	190	580	0.00014
Bordetella bronchiseptica	518	S	301	18453	18754	0.00452
Bordetella holmesii	35814	S	250	104	354	0.00009
Bordetella avium	521	S	221	44	265	0.00006
Achromobacter xylosoxidans	85698	S	4120	5774	9894	0.00238
Achromobacter sp. AONIH1	1758194	S	695	521	1216	0.00029
Achromobacter sp. MFA1 R4	1881016	S	686	376	1062	0.00026
Achromobacter sp. B7	2282475	S	412	181	593	0.00014
Achromobacter spanius	217203	S	1504	682	2186	0.00053
Achromobacter denitrificans	32002	S	1146	952	2098	0.00051
Achromobacter insolitus	217204	S	687	342	1029	0.00025
Achromobacter pestifer	1353889	S	357	345	702	0.00017
Achromobacter deleyi	1353891	S	250	548	798	0.00019
Pigmentiphaga sp. H8	2488560	S	1520	442	1962	0.00047
Pigmentiphaga aceris	1940612	S	470	81	551	0.00013
Castellaniella defragrans	75697	S	1008	499	1507	0.00036
Orrella dioscoreae	1851544	S	801	316	1117	0.00027
Alcaligenes faecalis	511	S	329	186	515	0.00012
Pusillimonas sp. T7-7	1007105	S	178	21	199	0.00005
Pusillimonas thiosulfatoxidans	2028345	S	253	44	297	0.00007
Kerstersia gyiorum	206506	S	262	60	322	0.00008
Advenella kashmirensis	310575	S	127	11	138	0.00003
Advenella mimigardefordensis	302406	S	114	9	123	0.00003
Algicoccus marinus	2163011	S	106	9	115	0.00003
Massilia sp. WG5	1707785	S	1338	1145	2483	0.00060
Massilia sp. LPB0304	2769491	S	986	992	1978	0.00048
Massilia sp. NR 4-1	1678028	S	802	421	1223	0.00029
Massilia sp. YMA4	1593482	S	782	834	1616	0.00039
Massilia sp. CCM 8941	2765360	S	605	428	1033	0.00025
Massilia flava	871742	S	1657	871	2528	0.00061
Massilia putida	1141883	S	1419	688	2107	0.00051
Massilia oculi	945844	S	1064	518	1582	0.00038
Massilia umbonata	864828	S	900	656	1556	0.00038
Massilia albidiflava	321983	S	833	614	1447	0.00035
Massilia plicata	321984	S	817	438	1255	0.00030
Massilia lutea	321985	S	791	467	1258	0.00030
Massilia armeniaca	2072590	S	729	699	1428	0.00034
Massilia violaceinigra	2045208	S	682	412	1094	0.00026
Herbaspirillum robiniae	2014887	S	776	520	1296	0.00031
Herbaspirillum seropedicae	964	S	572	360	932	0.00022
Herbaspirillum hiltneri	341045	S	555	247	802	0.00019
Herbaspirillum rubrisubalbicans	80842	S	475	398	873	0.00021
Herbaspirillum huttiense	863372	S	400	251	651	0.00016
Herbaspirillum frisingense	92645	S	361	212	573	0.00014
Herbaspirillum sp. meg3	2025949	S	297	79	376	0.00009
Janthinobacterium sp. 17J80-10	2497863	S	535	166	701	0.00017
Janthinobacterium sp. 1_2014MBL_MicDiv	1644131	S	427	287	714	0.00017
Janthinobacterium sp. LM6	1938606	S	211	208	419	0.00010
Janthinobacterium sp. Marseille	375286	S	138	38	176	0.00004
Janthinobacterium agaricidamnosum	55508	S	638	1716	2354	0.00057
Janthinobacterium svalbardensis	368607	S	159	139	298	0.00007
Janthinobacterium lividum	29581	S	153	253	406	0.00010
Janthinobacterium tructae	2590869	S	145	130	275	0.00007
Duganella sp. GN2-R2	2728020	S	1176	753	1929	0.00046
Duganella sp. AF9R3	2728021	S	747	303	1050	0.00025
Collimonas fungivorans	158899	S	656	396	1052	0.00025
Collimonas arenae	279058	S	494	133	627	0.00015
Collimonas pratensis	279113	S	453	189	642	0.00015
Noviherbaspirillum sp. UKPF54	2601898	S	1217	455	1672	0.00040
Herminiimonas arsenitoxidans	1809410	S	116	25	141	0.00003
Glaciimonas sp. PAMC28666	2807626	S	104	8	112	0.00003
Rhizobacter sp. AJA081-3	2753607	S	4130	2569	6699	0.00161
Rhizobacter gummiphilus	946333	S	3200	1572	4772	0.00115
Methylibium sp. Pch-M	2082386	S	1147	2133	3280	0.00079
Methylibium petroleiphilum	105560	S	1104	1405	2509	0.00060
Rubrivivax gelatinosus	28068	S	3476	2336	5812	0.00140
Leptothrix cholodnii	34029	S	2259	1560	3819	0.00092
Thiomonas sp. X19	1050370	S	785	354	1139	0.00027
Thiomonas intermedia	926	S	620	550	1170	0.00028
Thiomonas arsenitoxydans	426114	S	114	345	459	0.00011
Sphaerotilus natans	34103	S	2018	1479	3497	0.00084
Mitsuaria sp. 7	1658665	S	1987	947	2934	0.00071
Xylophilus rhododendri	2697032	S	1521	867	2388	0.00058
Roseateles depolymerans	76731	S	1215	506	1721	0.00041
Aquabacterium olei	1296669	S	1075	524	1599	0.00039
Inhella inkyongensis	392593	S	685	222	907	0.00022
Paucibacter sp. KCTC 42545	1768242	S	598	211	809	0.00020
Sutterella megalosphaeroides	2494234	S	320	103	423	0.00010
Sutterella faecalis	2584944	S	212	67	279	0.00007
Azoarcus sp. DN11	356837	S	2244	1783	4027	0.00097
Azoarcus sp. KH32C	748247	S	2115	792	2907	0.00070
Azoarcus sp. CIB	198107	S	1623	1305	2928	0.00071
Azoarcus sp. M9-3-2	2016596	S	1213	458	1671	0.00040
Azoarcus sp. DD4	2027405	S	1134	848	1982	0.00048
Azoarcus olearius	418699	S	1414	983	2397	0.00058
Azoarcus pumilus	2067960	S	1015	445	1460	0.00035
Azoarcus communis	41977	S	900	337	1237	0.00030
Thauera sp. MZ1T	85643	S	1461	1337	2798	0.00067
Thauera sp. K11	2005884	S	1323	886	2209	0.00053
Thauera humireducens	1134435	S	971	628	1599	0.00039
Thauera chlorobenzoica	96773	S	650	858	1508	0.00036
Thauera aromatica	59405	S	576	793	1369	0.00033
Thauera hydrothermalis	2184083	S	451	163	614	0.00015
Aromatoleum petrolei	76116	S	1658	1134	2792	0.00067
Aromatoleum bremense	76115	S	1147	948	2095	0.00050
Aromatoleum aromaticum	551760	S	1071	727	1798	0.00043
Azospira restricta	404405	S	2546	1649	4195	0.00101
Azospira sp. I09	1765049	S	179	443	622	0.00015
Azospira oryzae	146939	S	172	504	676	0.00016
Niveibacterium sp. HC41	2811415	S	894	235	1129	0.00027
Oryzomicrobium terrae	1735038	S	631	295	926	0.00022
Rugosibacter aromaticivorans	1565605	S	167	31	198	0.00005
Dechloromonas sp. HYN0024	2231055	S	347	107	454	0.00011
Dechloromonas sp. TW-R-39-2	2654218	S	347	96	443	0.00011
Dechloromonas aromatica	259537	S	460	132	592	0.00014
Fluviibacter phosphoraccumulans	1751046	S	100	27	127	0.00003
Usitatibacter rugosus	2732067	S	5498	1757	7255	0.00175
Usitatibacter palustris	2732487	S	4575	1465	6040	0.00146
Nitrosospira multiformis	1231	S	3219	264	3483	0.00084
Nitrosospira briensis	35799	S	324	42	366	0.00009
Nitrosospira lacus	1288494	S	261	29	290	0.00007
Nitrosomonas communis	44574	S	2123	133	2256	0.00054
Denitratisoma sp. DHT3	1981880	S	875	585	1460	0.00035
Denitratisoma oestradiolicum	311182	S	481	151	632	0.00015
Sulfuritalea hydrogenivorans	748811	S	1103	424	1527	0.00037
Methyloversatilis sp. RAC08	1842540	S	1064	350	1414	0.00034
Sterolibacterium denitrificans	157592	S	718	308	1026	0.00025
Thiobacillus denitrificans	36861	S	1314	512	1826	0.00044
Sulfuritortus calidifontis	1914471	S	909	527	1436	0.00035
Sulfuriferula plumbiphila	171865	S	400	127	527	0.00013
Sulfuriferula sp. AH1	1985873	S	219	57	276	0.00007
Sulfurimicrobium lacus	2715678	S	655	195	850	0.00020
Sulfuricella denitrificans	649841	S	381	81	462	0.00011
Sideroxydans lithotrophicus	63745	S	463	114	577	0.00014
Ferriphaselus amnicola	1188319	S	224	48	272	0.00007
Gallionella capsiferriformans	370405	S	164	23	187	0.00005
Candidatus Nitrotoga sp. AM1P	2559597	S	118	11	129	0.00003
Methylobacillus flagellatus	405	S	183	59	242	0.00006
Chromobacterium sp. ATCC 53434	2059672	S	495	344	839	0.00020
Chromobacterium sp. Rain0013	2292447	S	139	319	458	0.00011
Chromobacterium violaceum	536	S	538	719	1257	0.00030
Chromobacterium vaccinii	1108595	S	496	473	969	0.00023
Chromobacterium phragmitis	2202141	S	316	281	597	0.00014
Chromobacterium paludis	2605945	S	300	227	527	0.00013
Jeongeupia sp. USM3	1906741	S	835	441	1276	0.00031
Jeongeupia sp. HS-3	1009682	S	383	152	535	0.00013
Pseudogulbenkiania sp. NH8B	748280	S	801	439	1240	0.00030
Aquitalea aquatilis	1537400	S	176	89	265	0.00006
Aquitalea sp. USM4	1590041	S	133	94	227	0.00005
Aquitalea magnusonii	332411	S	113	84	197	0.00005
Vogesella sp. LIG4	1192162	S	587	286	873	0.00021
Microvirgula aerodenitrificans	57480	S	580	210	790	0.00019
Laribacter hongkongensis	168471	S	486	312	798	0.00019
Aquaspirillum sp. LM1	1938604	S	239	71	310	0.00007
Neisseria sp. KEM232	655307	S	111	226	337	0.00008
Neisseria bacilliformis	267212	S	116	220	336	0.00008
Crenobacter cavernae	2290923	S	991	596	1587	0.00038
Chitinolyticbacter meiyuanensis	682798	S	617	184	801	0.00019
Vitreoscilla filiformis	63	S	383	130	513	0.00012
Eikenella corrodens	539	S	112	166	278	0.00007
Candidatus Accumulibacter phosphatis	327160	S	989	183	1172	0.00028
Casimicrobium huifangae	2591109	S	876	215	1091	0.00026
Lysobacter soli	453783	S	20822	9994	30816	0.00742
Lysobacter solisilvae	2763317	S	4314	2068	6382	0.00154
Lysobacter sp. TY2-98	2290922	S	1590	526	2116	0.00051
Lysobacter sp. CW239	2762611	S	872	479	1351	0.00033
Lysobacter sp. H21R20	2781022	S	229	474	703	0.00017
Lysobacter sp. H21R4	2781021	S	207	421	628	0.00015
Lysobacter sp. H23M47	2781024	S	123	481	604	0.00015
Lysobacter sp. HDW10	2714936	S	118	12	130	0.00003
Lysobacter enzymogenes	69	S	3382	2176	5558	0.00134
Lysobacter arenosi	2795387	S	1949	989	2938	0.00071
Lysobacter antibioticus	84531	S	1313	706	2019	0.00049
Lysobacter capsici	435897	S	1310	790	2100	0.00051
Lysobacter lycopersici	1324796	S	1265	610	1875	0.00045
Lysobacter maris	1605891	S	1250	649	1899	0.00046
Lysobacter alkalisoli	2591633	S	1027	436	1463	0.00035
Lysobacter gummosus	262324	S	938	596	1534	0.00037
Lysobacter oculi	2698682	S	814	408	1222	0.00029
Stenotrophomonas maltophilia	40324	S	3152	6429	9581	0.00231
Stenotrophomonas sp. SAU14A_NAIMI4_5	2072413	S	244	438	682	0.00016
Stenotrophomonas sp. ESTM1D_MKCIP4_1	2072414	S	224	274	498	0.00012
Stenotrophomonas sp. ZAC14D2_NAIMI4_7	2072405	S	115	379	494	0.00012
Stenotrophomonas sp. LM091	1904944	S	495	341	836	0.00020
Stenotrophomonas sp. 169	2770322	S	420	151	571	0.00014
Stenotrophomonas sp. 364	2691571	S	278	263	541	0.00013
Stenotrophomonas sp. NA06056	2742129	S	169	194	363	0.00009
Stenotrophomonas sp. WZN-1	2005046	S	110	302	412	0.00010
Stenotrophomonas rhizophila	216778	S	1397	973	2370	0.00057
Stenotrophomonas acidaminiphila	128780	S	788	2267	3055	0.00074
Xanthomonas campestris	339	S	1004	3266	4270	0.00103
Xanthomonas sp. GW	2724121	S	135	388	523	0.00013
Xanthomonas sp. SI	2724123	S	112	382	494	0.00012
Xanthomonas sp. SS	2724122	S	104	361	465	0.00011
Xanthomonas translucens	343	S	830	1339	2169	0.00052
Xanthomonas sacchari	56458	S	761	506	1267	0.00031
Xanthomonas theicola	56464	S	473	315	788	0.00019
Xanthomonas oryzae	347	S	439	485	924	0.00022
Xanthomonas citri	346	S	386	2441	2827	0.00068
Xanthomonas hyacinthi	56455	S	385	388	773	0.00019
Xanthomonas albilineans	29447	S	377	128	505	0.00012
Xanthomonas vesicatoria	56460	S	351	363	714	0.00017
Xanthomonas hortorum	56454	S	286	579	865	0.00021
Xanthomonas arboricola	56448	S	276	762	1038	0.00025
Xanthomonas cucurbitae	56453	S	275	140	415	0.00010
Xanthomonas fragariae	48664	S	269	87	356	0.00009
Xanthomonas vasicola	56459	S	208	212	420	0.00010
Xanthomonas cassavae	56450	S	190	137	327	0.00008
Xanthomonas axonopodis	53413	S	136	1431	1567	0.00038
Xanthomonas euroxanthea	2259622	S	115	335	450	0.00011
Pseudoxanthomonas mexicana	128785	S	4732	2711	7443	0.00179
Pseudoxanthomonas suwonensis	314722	S	2993	2643	5636	0.00136
Pseudoxanthomonas spadix	415229	S	822	436	1258	0.00030
Luteimonas sp. MC1750	2799326	S	975	636	1611	0.00039
Luteimonas sp. MC1572	2799325	S	833	709	1542	0.00037
Luteimonas sp. JM171	1896164	S	830	336	1166	0.00028
Luteimonas sp. MC1825	2761107	S	794	707	1501	0.00036
Luteimonas sp. YGD11-2	2508168	S	781	552	1333	0.00032
Luteimonas granuli	1176533	S	987	603	1590	0.00038
Luteimonas chenhongjianii	2006110	S	946	362	1308	0.00032
Luteimonas yindakuii	2565782	S	830	576	1406	0.00034
Thermomonas sp. SY21	2202149	S	1227	972	2199	0.00053
Thermomonas sp. XSG	2771436	S	873	616	1489	0.00036
Thermomonas sp. HDW16	2714945	S	657	395	1052	0.00025
Thermomonas brevis	215691	S	1184	871	2055	0.00050
Thermomonas carbonis	1463158	S	880	390	1270	0.00031
Arenimonas daejeonensis	370777	S	1378	531	1909	0.00046
Pseudolysobacter antarcticus	2511995	S	632	47	679	0.00016
Rhodanobacter denitrificans	666685	S	3806	2038	5844	0.00141
Rhodanobacter sp. FDAARGOS 1247	2778082	S	1749	991	2740	0.00066
Rhodanobacter glycinis	582702	S	862	318	1180	0.00028
Dyella thiooxydans	445710	S	1507	708	2215	0.00053
Dyella sp. G9	2763498	S	709	337	1046	0.00025
Dyella sp. M7H15-1	2501295	S	280	55	335	0.00008
Dyella japonica	231455	S	823	406	1229	0.00030
Dyella caseinilytica	1849581	S	404	70	474	0.00011
Luteibacter pinisoli	2589080	S	1512	489	2001	0.00048
Luteibacter rhizovicinus	242606	S	1466	387	1853	0.00045
Dokdonella koreensis	323415	S	1955	619	2574	0.00062
Aerosticca soli	2010829	S	1080	700	1780	0.00043
Ahniella affigens	2021234	S	529	26	555	0.00013
Frateuria aurantia	81475	S	389	71	460	0.00011
Pseudomonas sp. TUM18999	2725477	S	529	197	726	0.00018
Pseudomonas sp. K2W31S-8	2320867	S	402	143	545	0.00013
Pseudomonas sp. TCU-HL1	1856685	S	338	130	468	0.00011
Pseudomonas sp. DY-1	1755504	S	303	106	409	0.00010
Pseudomonas sp. SCB32	2653853	S	297	184	481	0.00012
Pseudomonas sp. LPB0260	2614442	S	283	111	394	0.00010
Pseudomonas sp. PDNC002	2811422	S	269	127	396	0.00010
Pseudomonas sp. ATCC 13867	1294143	S	269	205	474	0.00011
Pseudomonas sp. CC6-YY-74	1930532	S	266	66	332	0.00008
Pseudomonas sp. S1-A32-2	2731681	S	247	75	322	0.00008
Pseudomonas sp. 02C 26	2054914	S	213	59	272	0.00007
Pseudomonas sp. ABC1	2748080	S	193	39	232	0.00006
Pseudomonas sp. StFLB209	1028989	S	185	37	222	0.00005
Pseudomonas sp. CMR5c	658630	S	170	322	492	0.00012
Pseudomonas sp. OIL-1	2706126	S	168	77	245	0.00006
Pseudomonas sp. R32	1573704	S	160	222	382	0.00009
Pseudomonas sp. gcc21	2726989	S	157	80	237	0.00006
Pseudomonas sp. 7SR1	1881017	S	155	50	205	0.00005
Pseudomonas sp. S-6-2	1931241	S	155	18	173	0.00004
Pseudomonas sp. SNU WT1	2518644	S	135	127	262	0.00006
Pseudomonas sp. B11D7D	2735906	S	131	50	181	0.00004
Pseudomonas sp. MSPm1	2726956	S	125	48	173	0.00004
Pseudomonas sp. BIGb0427	2724470	S	122	163	285	0.00007
Pseudomonas sp. RtIB026	2749999	S	118	72	190	0.00005
Pseudomonas sp. LAB-08	143813	S	117	80	197	0.00005
Pseudomonas sp. URMO17WK12:I11	1283291	S	114	81	195	0.00005
Pseudomonas sp. SK	2729423	S	113	50	163	0.00004
Pseudomonas sp. HLS-6	2049589	S	112	30	142	0.00003
Pseudomonas sp. MPC6	2498848	S	112	43	155	0.00004
Pseudomonas sp. 15A4	2804761	S	107	26	133	0.00003
Pseudomonas sp. ADAK13	2730847	S	104	52	156	0.00004
Pseudomonas sp. Leaf58	1736226	S	103	28	131	0.00003
Pseudomonas sp. ADPe	2774873	S	101	167	268	0.00006
Pseudomonas aeruginosa	287	S	1568	4101	5669	0.00137
Pseudomonas mendocina	300	S	834	298	1132	0.00027
Pseudomonas alcaligenes	43263	S	552	190	742	0.00018
Pseudomonas furukawaii	1149133	S	464	121	585	0.00014
Pseudomonas resinovorans	53412	S	468	179222	179690	0.04329
Pseudomonas nitroreducens	46680	S	187	92	279	0.00007
Pseudomonas multiresinivorans	95301	S	162	91	253	0.00006
Pseudomonas citronellolis	53408	S	244	184	428	0.00010
Pseudomonas fluorescens	294	S	1802	704	2506	0.00060
Pseudomonas protegens	380021	S	481	115	596	0.00014
Pseudomonas azotoformans	47878	S	273	96	369	0.00009
Pseudomonas orientalis	76758	S	246	65	311	0.00007
Pseudomonas synxantha	47883	S	172	104	276	0.00007
Pseudomonas poae	200451	S	165	91	256	0.00006
Pseudomonas trivialis	200450	S	160	55	215	0.00005
Pseudomonas corrugata	47879	S	132	36	168	0.00004
Pseudomonas rhodesiae	76760	S	118	32	150	0.00004
Pseudomonas mediterranea	183795	S	115	36	151	0.00004
Pseudomonas cedrina	651740	S	105	30	135	0.00003
Pseudomonas tolaasii	29442	S	101	18	119	0.00003
Pseudomonas mucidolens	46679	S	100	14	114	0.00003
Pseudomonas putida	303	S	2613	1228	3841	0.00093
Pseudomonas oryzihabitans	47885	S	675	160	835	0.00020
Pseudomonas monteilii	76759	S	361	213	574	0.00014
Pseudomonas fulva	47880	S	311	735	1046	0.00025
Pseudomonas plecoglossicida	70775	S	147	70	217	0.00005
Pseudomonas stutzeri	316	S	3402	1117	4519	0.00109
Pseudomonas balearica	74829	S	465	258	723	0.00017
Pseudomonas xanthomarina	271420	S	149	31	180	0.00004
Pseudomonas syringae	317	S	449	791	1240	0.00030
Pseudomonas asturiensis	1190415	S	145	18	163	0.00004
Pseudomonas viridiflava	33069	S	138	19	157	0.00004
Pseudomonas cichorii	36746	S	134	13	147	0.00004
Pseudomonas chlororaphis	587753	S	1336	850	2186	0.00053
Pseudomonas lundensis	86185	S	116	12	128	0.00003
Pseudomonas lalkuanensis	2604832	S	1288	257	1545	0.00037
Pseudomonas oryzae	1392877	S	854	291	1145	0.00028
Pseudomonas psychrotolerans	237610	S	658	152	810	0.00020
Pseudomonas otitidis	319939	S	538	129	667	0.00016
Pseudomonas knackmussii	65741	S	526	226	752	0.00018
Pseudomonas entomophila	312306	S	452	149	601	0.00014
Pseudomonas guangdongensis	1245526	S	414	145	559	0.00013
Pseudomonas denitrificans (nom. rej.)	43306	S	342	83	425	0.00010
Pseudomonas parafulva	157782	S	304	64	368	0.00009
Pseudomonas eucalypticola	2599595	S	260	37	297	0.00007
Pseudomonas xinjiangensis	487184	S	259	23	282	0.00007
Pseudomonas frederiksbergensis	104087	S	221	36	257	0.00006
Pseudomonas sabulinigri	472181	S	199	17	216	0.00005
Pseudomonas umsongensis	198618	S	189	25	214	0.00005
Pseudomonas saudiphocaensis	1499686	S	186	27	213	0.00005
Pseudomonas cremoricolorata	157783	S	184	29	213	0.00005
Pseudomonas alkylphenolica	237609	S	183	28	211	0.00005
Pseudomonas yamanorum	515393	S	168	25	193	0.00005
Pseudomonas brassicacearum	930166	S	168	93	261	0.00006
Pseudomonas rhizosphaerae	216142	S	167	48	215	0.00005
Pseudomonas pohangensis	364197	S	157	16	173	0.00004
Pseudomonas vancouverensis	95300	S	148	20	168	0.00004
Pseudomonas pelagia	553151	S	141	10	151	0.00004
Pseudomonas arsenicoxydans	702115	S	139	15	154	0.00004
Pseudomonas litoralis	797277	S	139	14	153	0.00004
Pseudomonas marincola	437900	S	131	12	143	0.00003
Pseudomonas granadensis	1421430	S	128	32	160	0.00004
Pseudomonas antarctica	219572	S	127	20	147	0.00004
Pseudomonas palleroniana	191390	S	127	16	143	0.00003
Pseudomonas silesiensis	1853130	S	125	19	144	0.00003
Pseudomonas moraviensis	321662	S	119	34	153	0.00004
Pseudomonas agarici	46677	S	118	9	127	0.00003
Pseudomonas thivervalensis	86265	S	117	19	136	0.00003
Pseudomonas extremaustralis	359110	S	109	17	126	0.00003
Pseudomonas prosekii	1148509	S	109	14	123	0.00003
Pseudomonas koreensis	198620	S	107	22	129	0.00003
Pseudomonas lurida	244566	S	105	20	125	0.00003
Pseudomonas salegens	1434072	S	101	7	108	0.00003
Azotobacter chroococcum	353	S	750	305	1055	0.00025
Azotobacter salinestris	69964	S	702	213	915	0.00022
Azotobacter vinelandii	354	S	414	5632	6046	0.00146
Permianibacter aggregans	1510150	S	172	8	180	0.00004
Klebsiella pneumoniae	573	S	405	3045	3450	0.00083
Klebsiella aerogenes	548	S	209	60	269	0.00007
Klebsiella oxytoca	571	S	142	88	230	0.00006
Klebsiella michiganensis	1134687	S	130	337	467	0.00011
Klebsiella quasipneumoniae	1463165	S	112	456	568	0.00014
Enterobacter cloacae	550	S	454	642	1096	0.00026
Enterobacter hormaechei	158836	S	120	924	1044	0.00025
Enterobacter sp. E76	2596949	S	101	45	146	0.00004
Citrobacter freundii	546	S	108	766	874	0.00021
Kosakonia pseudosacchari	1646340	S	227	230	457	0.00011
Cronobacter sakazakii	28141	S	107	241	348	0.00008
Leclercia adecarboxylata	83655	S	139	272	411	0.00010
Pluralibacter gergoviae	61647	S	227	101	328	0.00008
[Enterobacter] lignolyticus	1334193	S	125	33	158	0.00004
Escherichia coli	562	S	238	2255	2493	0.00060
Salmonella enterica	28901	S	243	5709	5952	0.00143
Cedecea neteri	158822	S	177	44	221	0.00005
Atlantibacter hermannii	565	S	137	18	155	0.00004
Serratia marcescens	615	S	441	1705	2146	0.00052
Serratia plymuthica	82996	S	204	256	460	0.00011
Serratia odorifera	618	S	120	25	145	0.00004
Serratia fonticola	47917	S	110	85	195	0.00005
Nissabacter sp. SGAir0207	2126321	S	188	28	216	0.00005
Gibbsiella quercinecans	929813	S	144	25	169	0.00004
Pantoea dispersa	59814	S	304	82	386	0.00009
Pantoea vagans	470934	S	115	186	301	0.00007
Erwinia gerundensis	1619313	S	101	137	238	0.00006
Mixta gaviniae	665914	S	119	57	176	0.00004
Mixta calida	665913	S	112	65	177	0.00004
Dickeya zeae	204042	S	125	115	240	0.00006
Dickeya dadantii	204038	S	106	346	452	0.00011
Edwardsiella tarda	636	S	133	330	463	0.00011
Morganella morganii	582	S	102	22	124	0.00003
Thioalkalivibrio nitratireducens	186931	S	787	308	1095	0.00026
Thioalkalivibrio sulfidiphilus	1033854	S	768	260	1028	0.00025
Thioalkalivibrio paradoxus	108010	S	623	267	890	0.00021
Thioalkalivibrio versutus	106634	S	476	124	600	0.00014
Thioalkalivibrio sp. K90mix	396595	S	457	98	555	0.00013
Acidihalobacter aeolianus	2792603	S	545	112	657	0.00016
Acidihalobacter ferrooxydans	1765967	S	514	78	592	0.00014
Acidihalobacter yilgarnenesis	2819280	S	292	38	330	0.00008
Spiribacter curvatus	1335757	S	357	46	403	0.00010
Spiribacter sp. 2438	2666185	S	298	46	344	0.00008
Spiribacter salinus	1335746	S	228	29	257	0.00006
Halorhodospira halophila	1053	S	693	141	834	0.00020
Halorhodospira halochloris	1052	S	118	6	124	0.00003
Aquisalimonas sp. 2447	2740807	S	668	106	774	0.00019
Alkalilimnicola ehrlichii	351052	S	568	142	710	0.00017
Ectothiorhodospira haloalkaliphila	421628	S	227	111	338	0.00008
Ectothiorhodospira sp. BSL-9	1442136	S	215	100	315	0.00008
Candidatus Thiodictyon syntrophicum	1166950	S	1018	116	1134	0.00027
Thioflavicoccus mobilis	80679	S	992	178	1170	0.00028
Marichromatium purpuratum	37487	S	866	268	1134	0.00027
Allochromatium vinosum	1049	S	657	268	925	0.00022
Thiocystis violascens	73141	S	636	101	737	0.00018
Thermochromatium tepidum	1050	S	374	144	518	0.00012
Caldichromatium japonicum	2699430	S	308	44	352	0.00008
Wenzhouxiangella marina	1579979	S	677	89	766	0.00018
Wenzhouxiangella sp. AB-CW3	2771012	S	403	47	450	0.00011
Thiohalobacter sp. COW1	2795687	S	157	407	564	0.00014
Thiohalobacter thiocyanaticus	585455	S	128	431	559	0.00013
Guyparkeria halophila	47960	S	717	204	921	0.00022
Sulfurivermis fontis	1972068	S	692	237	929	0.00022
Halothiobacillus sp. LS2	1860122	S	326	46	372	0.00009
Halothiobacillus neapolitanus	927	S	126	12	138	0.00003
Woeseia oceani	1548547	S	375	15	390	0.00009
Sulfuriflexus mobilis	1811807	S	163	11	174	0.00004
Granulosicoccus antarcticus	437505	S	136	3	139	0.00003
Halomonas sp. THAF5a	2587844	S	467	403	870	0.00021
Halomonas sp. 1513	1883416	S	358	286	644	0.00016
Halomonas sp. YLGW01	2773308	S	340	139	479	0.00012
Halomonas sp. BC-M4-5	2497861	S	335	226	561	0.00014
Halomonas sp. HG01	1609967	S	332	376	708	0.00017
Halomonas sp. THAF12	2587849	S	324	395	719	0.00017
Halomonas sp. MCCC 1A13316	2733487	S	302	130	432	0.00010
Halomonas sp. MCCC 1A13718	2733488	S	293	186	479	0.00012
Halomonas sp. JS92-SW72	2306583	S	249	505	754	0.00018
Halomonas sp. PGE1	2730360	S	188	431	619	0.00015
Halomonas sp. Y2R2	2562282	S	133	14	147	0.00004
Halomonas sp. A40-4	2785909	S	108	49	157	0.00004
Halomonas beimenensis	475662	S	505	305	810	0.00020
Halomonas aestuarii	1897729	S	440	307	747	0.00018
Halomonas socia	1081866	S	355	247	602	0.00015
Halomonas elongata	2746	S	298	98	396	0.00010
Halomonas chromatireducens	507626	S	235	78	313	0.00008
Halomonas huangheensis	1178482	S	207	26	233	0.00006
Halomonas meridiana	29570	S	179	160	339	0.00008
Halomonas subglaciescola	29571	S	154	31	185	0.00004
Halomonas hydrothermalis	115561	S	154	335	489	0.00012
Halomonas piezotolerans	2609667	S	103	105	208	0.00005
Salinicola tamaricis	1771309	S	542	173	715	0.00017
Cobetia sp. L2A1	2686360	S	111	228	339	0.00008
Halotalea alkalilenta	376489	S	484	109	593	0.00014
Kushneria phosphatilytica	657387	S	144	75	219	0.00005
Chromohalobacter salexigens	158080	S	354	114	468	0.00011
Pistricoccus aurantiacus	1883414	S	265	59	324	0.00008
Alcanivorax sp. N3-2A	2014542	S	387	148	535	0.00013
Alcanivorax pacificus	1306787	S	364	59	423	0.00010
Alcanivorax dieselolei	285091	S	250	148	398	0.00010
Alcanivorax xenomutans	1094342	S	141	95	236	0.00006
Marinobacterium aestuarii	1821621	S	221	25	246	0.00006
Saccharospirillum mangrovi	2161747	S	201	17	218	0.00005
Hahella sp. KA22	1628392	S	169	24	193	0.00005
Hahella chejuensis	158327	S	112	15	127	0.00003
Litoricola lipolytica	418701	S	111	7	118	0.00003
Steroidobacter denitrificans	465721	S	2867	304	3171	0.00076
Solimonas sp. K1W22B-7	2303331	S	2190	421	2611	0.00063
Sinimarinibacterium sp. NLF-5-8	2698684	S	410	63	473	0.00011
Aeromonas veronii	654	S	406	335	741	0.00018
Aeromonas hydrophila	644	S	400	1108	1508	0.00036
Aeromonas media	651	S	230	293	523	0.00013
Aeromonas schubertii	652	S	228	48	276	0.00007
Aeromonas simiae	218936	S	195	58	253	0.00006
Aeromonas caviae	648	S	169	792	961	0.00023
Aeromonas salmonicida	645	S	159	104	263	0.00006
Aeromonas encheleia	73010	S	156	62	218	0.00005
Zobellella denitrificans	347534	S	374	104	478	0.00012
Oceanimonas sp. GK1	511062	S	184	44	228	0.00005
Marinobacter sp. Arc7-DN-1	2304594	S	160	129	289	0.00007
Marinobacter sp. LPB0319	2769486	S	137	33	170	0.00004
Marinobacter sp. NP-4(2019)	2488665	S	132	95	227	0.00005
Marinobacter fonticola	2603215	S	195	22	217	0.00005
Marinobacter hydrocarbonoclasticus	2743	S	146	72	218	0.00005
Marinobacter salarius	1420917	S	122	50	172	0.00004
Marinobacter salsuginis	418719	S	105	82	187	0.00005
Hydrocarboniclastica marina	2259620	S	133	16	149	0.00004
Ferrimonas balearica	44012	S	195	62	257	0.00006
Methylococcus sp. EFPC2	2812648	S	589	81	670	0.00016
Methylococcus sp. IM1	2681310	S	539	154	693	0.00017
Methylococcus capsulatus	414	S	466	122	588	0.00014
Methylomonas sp. LL1	2785785	S	146	68	214	0.00005
Methylomonas denitrificans	1538553	S	172	41	213	0.00005
Methylomonas rhizoryzae	2608981	S	126	11	137	0.00003
Methylomonas koyamae	702114	S	100	267	367	0.00009
Methylomicrobium album	39775	S	546	76	622	0.00015
Methylocaldum marinum	1432792	S	460	44	504	0.00012
Candidatus Methylospira mobilis	1808979	S	213	18	231	0.00006
Sulfurifustis variabilis	1675686	S	2592	365	2957	0.00071
Sulfuricaulis limicola	1620215	S	1058	166	1224	0.00030
Acidiferrobacter sp. SPIII_3	1281578	S	489	31	520	0.00013
Microbulbifer sp. SH-1	2681547	S	206	40	246	0.00006
Microbulbifer sp. YPW1	2745199	S	167	68	235	0.00006
Microbulbifer sp. ALW1	1516059	S	125	27	152	0.00004
Microbulbifer aggregans	1769779	S	178	27	205	0.00005
Microbulbifer thermotolerans	252514	S	136	14	150	0.00004
Microbulbifer hydrolyticus	48074	S	117	26	143	0.00003
Halioglobus japonicus	930805	S	167	20	187	0.00005
Halioglobus pacificus	930806	S	137	8	145	0.00004
Halioglobus maricola	2601894	S	131	13	144	0.00003
Kineobactrum salinum	2708301	S	372	32	404	0.00010
Congregibacter litoralis	393662	S	115	23	138	0.00003
Cellvibrio sp. PSBB006	1987723	S	340	35	375	0.00009
Simiduia agarivorans	447471	S	130	11	141	0.00003
Immundisolibacter cernigliae	1810504	S	1208	261	1469	0.00035
Thiothrix sp.	1032	S	121	52	173	0.00004
Salinisphaera sp. LB1	2183911	S	697	73	770	0.00019
Sedimenticola thiotaurini	1543721	S	198	15	213	0.00005
Candidatus Reidiella endopervernicosa	2738883	S	147	7	154	0.00004
Thiolapillus brandeum	1076588	S	112	7	119	0.00003
endosymbiont of unidentified scaly snail isolate Monju	1248727	S	575	97	672	0.00016
Cardiobacterium hominis	2718	S	248	27	275	0.00007
Archangium violaceum	83451	S	7527	3507	11034	0.00266
Archangium gephyra	48	S	4049	2148	6197	0.00149
Cystobacter fuscus	43	S	3744	1848	5592	0.00135
Stigmatella aurantiaca	41	S	2371	706	3077	0.00074
Melittangium boletus	83453	S	1886	920	2806	0.00068
Myxococcus xanthus	34	S	2259	1720	3979	0.00096
Myxococcus hansupus	1297742	S	1229	774	2003	0.00048
Myxococcus stipitatus	83455	S	1101	975	2076	0.00050
Myxococcus sp. SCHIC003	2813577	S	963	833	1796	0.00043
Corallococcus coralloides	184914	S	3556	1848	5404	0.00130
Corallococcus macrosporus	35	S	1582	2475	4057	0.00098
Pyxidicoccus sp. SCPEA002	2813578	S	3447	1240	4687	0.00113
Anaeromyxobacter sp. Fw109-5	404589	S	5175	1311	6486	0.00156
Anaeromyxobacter sp. K	447217	S	847	2478	3325	0.00080
Anaeromyxobacter dehalogenans	161493	S	3154	4105	7259	0.00175
Vulgatibacter incomptus	1391653	S	1919	347	2266	0.00055
Sorangium cellulosum	56	S	36110	10572	46682	0.01125
Chondromyces crocatus	52	S	3424	465	3889	0.00094
Pajaroellobacter abortibovis	1882918	S	101	3	104	0.00003
Sandaracinus amylolyticus	927083	S	7943	1213	9156	0.00221
Minicystis rosea	888845	S	7225	1190	8415	0.00203
Labilithrix luteola	1391654	S	4972	462	5434	0.00131
Haliangium ochraceum	80816	S	5348	800	6148	0.00148
Geobacter sp. M18	443143	S	2028	1163	3191	0.00077
Geobacter sp. FeAm09	2597769	S	686	175	861	0.00021
Geobacter sp. M21	443144	S	610	691	1301	0.00031
Geobacter sp. SVR	2495594	S	457	91	548	0.00013
Geobacter sp. DSM 9736	1277350	S	306	27	333	0.00008
Geobacter sp. Jerry-YX	2815309	S	270	72	342	0.00008
Geobacter bremensis	60035	S	849	547	1396	0.00034
Geobacter sulfurreducens	35554	S	770	378	1148	0.00028
Geobacter pickeringii	345632	S	692	213	905	0.00022
Geobacter bemidjiensis	225194	S	636	706	1342	0.00032
Geobacter metallireducens	28232	S	426	119	545	0.00013
Geobacter uraniireducens	351604	S	401	46	447	0.00011
Geobacter daltonii	1203471	S	242	22	264	0.00006
Geobacter lovleyi	313985	S	198	27	225	0.00005
Geoalkalibacter subterraneus	483547	S	265	161	426	0.00010
Desulfuromonas sp. DDH964	1823759	S	838	233	1071	0.00026
Desulfuromonas soudanensis	1603606	S	708	140	848	0.00020
Pelobacter propionicus	29543	S	433	142	575	0.00014
Syntrophotalea acetylenica	29542	S	250	72	322	0.00008
Syntrophotalea carbinolica	19	S	181	24	205	0.00005
Syntrophotalea acetylenivorans	1842532	S	144	32	176	0.00004
Desulfovibrio vulgaris	881	S	767	107	874	0.00021
Desulfovibrio marinus	370038	S	628	103	731	0.00018
Desulfovibrio carbinoliphilus	345370	S	516	135	651	0.00016
Desulfovibrio sp. IOR2	2583823	S	278	75	353	0.00009
Desulfovibrio sp. 86	2666132	S	119	23	142	0.00003
Desulfovibrio gigas	879	S	300	42	342	0.00008
Desulfovibrio sulfodismutans	63561	S	292	116	408	0.00010
Desulfovibrio desulfuricans	876	S	235	180	415	0.00010
Desulfovibrio piger	901	S	234	59	293	0.00007
Desulfovibrio magneticus	184917	S	232	264	496	0.00012
Desulfovibrio carbinolicus	296842	S	200	264	464	0.00011
Desulfovibrio fairfieldensis	44742	S	193	30	223	0.00005
Desulfovibrio ferrophilus	241368	S	112	12	124	0.00003
Desulfovibrio alaskensis	58180	S	102	92	194	0.00005
Pseudodesulfovibrio mercurii	641491	S	435	192	627	0.00015
Pseudodesulfovibrio indicus	1716143	S	400	160	560	0.00014
Pseudodesulfovibrio aespoeensis	182210	S	318	194	512	0.00012
Pseudodesulfovibrio cashew	2678688	S	244	62	306	0.00007
Desulfocurvibacter africanus	873	S	478	85	563	0.00014
Desulfolutivibrio sulfoxidireducens	2773299	S	408	199	607	0.00015
Desulfomicrobium baculatum	899	S	286	68	354	0.00009
Desulfomicrobium orale	132132	S	164	74	238	0.00006
Desulfosarcina ovata	83564	S	356	40	396	0.00010
Desulfosarcina alkanivorans	571177	S	339	133	472	0.00011
Desulfosarcina widdelii	947919	S	299	49	348	0.00008
Desulfococcus oleovorans	181663	S	255	55	310	0.00007
Desulfococcus multivorans	897	S	247	67	314	0.00008
Desulfatibacillum aliphaticivorans	218208	S	194	18	212	0.00005
Desulfobulbus propionicus	894	S	283	52	335	0.00008
Desulfobulbus oralis	1986146	S	189	76	265	0.00006
Desulfurivibrio alkaliphilus	427923	S	234	35	269	0.00006
Persicimonas caeni	2292766	S	1525	151	1676	0.00040
Bradymonas sediminis	1548548	S	554	62	616	0.00015
Syntrophobacter fumaroxidans	119484	S	433	147	580	0.00014
Desulfoglaeba alkanexedens	361111	S	364	48	412	0.00010
Desulfobacca acetoxidans	60893	S	130	7	137	0.00003
Desulfomonile tiedjei	2358	S	128	3	131	0.00003
Syntrophus aciditrophicus	316277	S	120	10	130	0.00003
Desulfarculus baarsii	453230	S	621	396	1017	0.00025
Hydrogenimonas urashimensis	2740515	S	103	56	159	0.00004
Acidithiobacillus caldus	33059	S	205	101	306	0.00007
Acidithiobacillus ferrivorans	160808	S	177	160	337	0.00008
Bdellovibrio bacteriovorus	959	S	193	61	254	0.00006
Hydrogenophilus thermoluteolus	297	S	368	62	430	0.00010
Mariprofundus ferrinatatus	1921087	S	115	11	126	0.00003
Streptomyces sp. WAC 01438	2203204	S	2839	2290	5129	0.00124
Streptomyces sp. TN58	234612	S	2751	3000	5751	0.00139
Streptomyces sp. 3214.6	1882757	S	2083	1504	3587	0.00086
Streptomyces sp. HM190	2695266	S	2043	1477	3520	0.00085
Streptomyces sp. SN-593	659352	S	1418	621	2039	0.00049
Streptomyces sp. ZYC-3	2797636	S	1140	652	1792	0.00043
Streptomyces sp. CRXT-G-22	2768066	S	1109	533	1642	0.00040
Streptomyces sp. TLI_053	1855352	S	1098	539	1637	0.00039
Streptomyces sp. CdTB01	1725411	S	1039	699	1738	0.00042
Streptomyces sp. P3	2135430	S	1039	657	1696	0.00041
Streptomyces sp. So13.3	2136173	S	1034	408	1442	0.00035
Streptomyces sp. NHF165	2175864	S	1013	419	1432	0.00035
Streptomyces sp. M2	646637	S	1002	696	1698	0.00041
Streptomyces sp. SCSIO 3032	1264596	S	994	426	1420	0.00034
Streptomyces sp. Z423-1	2730915	S	986	738	1724	0.00042
Streptomyces sp. CRXT-Y-14	2768069	S	949	537	1486	0.00036
Streptomyces sp. CB01881	2078691	S	942	450	1392	0.00034
Streptomyces sp. SAT1	1849967	S	918	660	1578	0.00038
Streptomyces sp. SCUT-3	2684469	S	885	565	1450	0.00035
Streptomyces sp. JB150	2714844	S	815	752	1567	0.00038
Streptomyces sp. CRPJ-33	2768068	S	815	491	1306	0.00031
Streptomyces sp. SYP-A7193	2662065	S	808	1069	1877	0.00045
Streptomyces sp. CCM_MD2014	1561022	S	801	1632	2433	0.00059
Streptomyces sp. jing01	2726118	S	792	1088	1880	0.00045
Streptomyces sp. NA02950	2742137	S	788	368	1156	0.00028
Streptomyces sp. QMT-12	2717324	S	785	392	1177	0.00028
Streptomyces sp. NEAU-sy36	2751189	S	772	656	1428	0.00034
Streptomyces sp. PBH53	1577075	S	753	763	1516	0.00037
Streptomyces sp. DSM 40868	2721173	S	733	600	1333	0.00032
Streptomyces sp. Go-475	2072505	S	723	819	1542	0.00037
Streptomyces sp. MBT27	1488356	S	700	395	1095	0.00026
Streptomyces sp. C8S0	2585716	S	686	390	1076	0.00026
Streptomyces sp. YIM 121038	2136401	S	682	479	1161	0.00028
Streptomyces sp. NA04227	2742136	S	678	306	984	0.00024
Streptomyces sp. Z022	1442032	S	668	542	1210	0.00029
Streptomyces sp. CB09001	2083284	S	667	1104	1771	0.00043
Streptomyces sp. GS7	2692234	S	652	403	1055	0.00025
Streptomyces sp. QHH-9511	2684468	S	649	404	1053	0.00025
Streptomyces sp. W1SF4	2305220	S	641	472	1113	0.00027
Streptomyces sp. CMB-StM0423	2059884	S	638	848	1486	0.00036
Streptomyces sp. Rer75	2750011	S	607	776	1383	0.00033
Streptomyces sp. SM18	1736046	S	603	401	1004	0.00024
Streptomyces sp. RPA4-2	2721244	S	601	483	1084	0.00026
Streptomyces sp. WAC 01529	2203205	S	589	494	1083	0.00026
Streptomyces sp. HSG2	2797167	S	586	245	831	0.00020
Streptomyces sp. SirexAA-E	862751	S	584	416	1000	0.00024
Streptomyces sp. Tu 2975	2676871	S	532	424	956	0.00023
Streptomyces sp. RLB1-33	2721243	S	528	647	1175	0.00028
Streptomyces sp. RTd22	1841249	S	523	592	1115	0.00027
Streptomyces sp. WAC 06738	2203210	S	508	1241	1749	0.00042
Streptomyces sp. fd1-xmd	1812480	S	485	507	992	0.00024
Streptomyces sp. INR7	2607753	S	463	577	1040	0.00025
Streptomyces sp. 2323.1	1938841	S	455	314	769	0.00019
Streptomyces sp. S4.7	2705439	S	435	388	823	0.00020
Streptomyces sp. SUK 48	2582831	S	356	529	885	0.00021
Streptomyces sp. CNQ-509	444103	S	353	840	1193	0.00029
Streptomyces sp. HF10	2692233	S	303	502	805	0.00019
Streptomyces sp. 769	1262452	S	298	474	772	0.00019
Streptomyces sp. AgN23	1188315	S	297	674	971	0.00023
Streptomyces sp. S063	2005885	S	293	423	716	0.00017
Streptomyces sp. RPA4-5	2721245	S	283	418	701	0.00017
Streptomyces sp. ADI95-16	1522758	S	283	522	805	0.00019
Streptomyces sp. Mg1	465541	S	267	528	795	0.00019
Streptomyces sp. Tue 6075	1661694	S	264	463	727	0.00018
Streptomyces sp. S8	1837283	S	246	422	668	0.00016
Streptomyces sp. SGAir0924	2109593	S	237	1402	1639	0.00039
Streptomyces sp. NA02536	2742133	S	236	1513	1749	0.00042
Streptomyces sp. SS52	2563602	S	214	1500	1714	0.00041
Streptomyces sp. CB00271	2750025	S	203	433	636	0.00015
Streptomyces sp. ID38640	1265399	S	197	394	591	0.00014
Streptomyces sp. NEAU-S7GS2	2202000	S	191	370	561	0.00014
Streptomyces sp. XC 2026	2782004	S	190	445	635	0.00015
Streptomyces sp. LBUM 1480	2609808	S	180	3914	4094	0.00099
Streptomyces sp. NA03103	2742134	S	166	1552	1718	0.00041
Streptomyces sp. 3211	1964449	S	162	389	551	0.00013
Streptomyces sp. MOE7	1961713	S	161	457	618	0.00015
Streptomyces sp. Sge12	1972846	S	146	527	673	0.00016
Streptomyces sp. 11-1-2	1851167	S	135	638	773	0.00019
Streptomyces sp. KPB2	2305221	S	135	1931	2066	0.00050
Streptomyces sp. CFMR 7	1649184	S	130	416	546	0.00013
Streptomyces sp. CB04723	2748873	S	118	471	589	0.00014
Streptomyces sp. CLI2509	1984801	S	112	760	872	0.00021
Streptomyces sp. Tu6071	355249	S	105	671	776	0.00019
Streptomyces sp. M56	1495638	S	104	720	824	0.00020
Streptomyces nigra	1827580	S	24929	20523	45452	0.01095
Streptomyces venezuelae	54571	S	4113	4146	8259	0.00199
Streptomyces asterosporus	285570	S	3534	3376	6910	0.00166
Streptomyces tendae	1932	S	2885	2229	5114	0.00123
Streptomyces chartreusis	1969	S	2265	2272	4537	0.00109
Streptomyces hygroscopicus	1912	S	2106	10379	12485	0.00301
Streptomyces capitiformicae	2014920	S	2059	1020	3079	0.00074
Streptomyces griseus	1911	S	702	1328	2030	0.00049
Streptomyces globisporus	1908	S	532	1205	1737	0.00042
Streptomyces anulatus	1892	S	228	447	675	0.00016
Streptomyces albus	1888	S	1560	774	2334	0.00056
Streptomyces seoulensis	73044	S	1470	1140	2610	0.00063
Streptomyces rapamycinicus	1226757	S	1406	1111	2517	0.00061
Streptomyces prasinus	67345	S	1399	1001	2400	0.00058
Streptomyces lydicus	47763	S	1293	1772	3065	0.00074
Streptomyces griseorubiginosus	67304	S	1254	908	2162	0.00052
Streptomyces davaonensis	348043	S	1180	736	1916	0.00046
Streptomyces cyaneochromogenes	2496836	S	1169	824	1993	0.00048
Streptomyces viridosporus	67581	S	1168	1446	2614	0.00063
Streptomyces buecherae	2763006	S	1131	537	1668	0.00040
Streptomyces ferrugineus	1413221	S	1119	859	1978	0.00048
Streptomyces spectabilis	68270	S	1113	884	1997	0.00048
Streptomyces tsukubensis	83656	S	1090	1085	2175	0.00052
Streptomyces armeniacus	83291	S	1080	433	1513	0.00036
Streptomyces aquilus	2548456	S	1079	738	1817	0.00044
Streptomyces bingchenggensis	379067	S	1074	468	1542	0.00037
Streptomyces niveus	193462	S	1066	1172	2238	0.00054
Streptomyces bathyalis	2710756	S	1036	335	1371	0.00033
Streptomyces cadmiisoli	2184053	S	1028	515	1543	0.00037
Streptomyces globosus	68209	S	993	624	1617	0.00039
Streptomyces cattleya	29303	S	993	454	1447	0.00035
Streptomyces phaeolivaceus	2653200	S	990	582	1572	0.00038
Streptomyces lincolnensis	1915	S	959	656	1615	0.00039
Streptomyces actuosus	1885	S	924	793	1717	0.00041
Streptomyces pristinaespiralis	38300	S	890	783	1673	0.00040
Streptomyces harbinensis	1176198	S	885	514	1399	0.00034
Streptomyces glomeroaurantiacus	68210	S	877	456	1333	0.00032
Streptomyces rimosus	1927	S	870	416	1286	0.00031
Streptomyces griseoviridis	45398	S	848	564	1412	0.00034
Streptomyces cacaoi	1898	S	844	591	1435	0.00035
Streptomyces antibioticus	1890	S	830	633	1463	0.00035
Streptomyces vietnamensis	362257	S	828	581	1409	0.00034
Streptomyces griseochromogenes	68214	S	822	509	1331	0.00032
Streptomyces dengpaensis	2049881	S	801	458	1259	0.00030
Streptomyces mobaraensis	35621	S	781	424	1205	0.00029
Streptomyces ambofaciens	1889	S	781	1070	1851	0.00045
Streptomyces xinghaiensis	1038928	S	774	415	1189	0.00029
Streptomyces clavuligerus	1901	S	773	299	1072	0.00026
Streptomyces parvulus	146923	S	762	698	1460	0.00035
Streptomyces albulus	68570	S	752	471	1223	0.00029
Streptomyces alboflavus	67267	S	745	455	1200	0.00029
Streptomyces nodosus	40318	S	744	401	1145	0.00028
Streptomyces paludis	2282738	S	742	329	1071	0.00026
Streptomyces avermitilis	33903	S	740	465	1205	0.00029
Streptomyces galilaeus	33899	S	733	548	1281	0.00031
Streptomyces glaucescens	1907	S	732	633	1365	0.00033
Streptomyces chromofuscus	42881	S	727	620	1347	0.00032
Streptomyces collinus	42684	S	720	574	1294	0.00031
Streptomyces pactum	68249	S	713	665	1378	0.00033
Streptomyces atratus	1893	S	711	307	1018	0.00025
Streptomyces albireticuli	1940	S	702	415	1117	0.00027
Streptomyces lunaelactis	1535768	S	701	329	1030	0.00025
Streptomyces broussonetiae	2686304	S	697	476	1173	0.00028
Streptomyces exfoliatus	1905	S	695	491	1186	0.00029
Streptomyces luteoverticillatus	66425	S	695	412	1107	0.00027
Streptomyces ficellus	1977088	S	691	459	1150	0.00028
Streptomyces aureoverticillatus	66871	S	686	432	1118	0.00027
Streptomyces griseocarneus	51201	S	684	420	1104	0.00027
Streptomyces olivoreticuli	68246	S	671	345	1016	0.00024
Streptomyces rectiverticillatus	173860	S	656	378	1034	0.00025
Streptomyces qaidamensis	1783515	S	651	676	1327	0.00032
Streptomyces lavendulae	1914	S	647	454	1101	0.00027
Streptomyces nitrosporeus	28894	S	636	374	1010	0.00024
Streptomyces hundungensis	1077946	S	635	363	998	0.00024
Streptomyces fodineus	1904616	S	634	526	1160	0.00028
Streptomyces cyanogenus	80860	S	630	597	1227	0.00030
Streptomyces incarnatus	665007	S	630	554	1184	0.00029
Streptomyces peucetius	1950	S	629	344	973	0.00023
Streptomyces coeruleorubidus	116188	S	623	680	1303	0.00031
Streptomyces pratensis	1169025	S	611	611	1222	0.00029
Streptomyces vinaceus	1960	S	591	441	1032	0.00025
Streptomyces roseochromogenus	285450	S	586	418	1004	0.00024
Streptomyces hawaiiensis	67305	S	582	637	1219	0.00029
Streptomyces subrutilus	36818	S	581	446	1027	0.00025
Streptomyces kanamyceticus	1967	S	580	497	1077	0.00026
Streptomyces formicae	1616117	S	572	527	1099	0.00026
Streptomyces tirandamycinicus	2174846	S	570	415	985	0.00024
Streptomyces katrae	68223	S	568	413	981	0.00024
Streptomyces tuirus	68278	S	560	663	1223	0.00029
Streptomyces gilvosporeus	553510	S	557	325	882	0.00021
Streptomyces finlayi	67296	S	549	256	805	0.00019
Streptomyces spongiicola	1690221	S	544	375	919	0.00022
Streptomyces fagopyri	2662397	S	540	439	979	0.00024
Streptomyces gardneri	66892	S	538	532	1070	0.00026
Streptomyces pluripotens	1355015	S	534	263	797	0.00019
Streptomyces alboniger	132473	S	493	410	903	0.00022
Streptomyces rutgersensis	53451	S	489	467	956	0.00023
Streptomyces qinzhouensis	2599401	S	472	255	727	0.00018
Streptomyces nojiriensis	66374	S	459	466	925	0.00022
Streptomyces albidoflavus	1886	S	254	2048	2302	0.00055
Streptomyces cyaneogriseus	68192	S	386	707	1093	0.00026
Streptomyces koyangensis	188770	S	364	793	1157	0.00028
Streptomyces leeuwenhoekii	1437453	S	358	570	928	0.00022
Streptomyces olivaceus	47716	S	340	1437	1777	0.00043
Streptomyces violaceusniger	68280	S	330	493	823	0.00020
Streptomyces antimycoticus	68175	S	270	662	932	0.00022
Streptomyces fulvissimus	68202	S	259	2113	2372	0.00057
Streptomyces fungicidicus	68203	S	248	1612	1860	0.00045
Streptomyces noursei	1971	S	234	418	652	0.00016
Streptomyces platensis	58346	S	229	372	601	0.00014
Streptomyces viridifaciens	48665	S	226	965	1191	0.00029
Streptomyces cavourensis	67258	S	208	778	986	0.00024
Streptomyces xiamenensis	408015	S	192	428	620	0.00015
Streptomyces californicus	67351	S	138	875	1013	0.00024
Streptomyces alfalfae	1642299	S	114	1225	1339	0.00032
Kitasatospora sp. MMS16-BH015	2018025	S	958	443	1401	0.00034
Kitasatospora sp. NA04385	2742135	S	821	601	1422	0.00034
Kitasatospora setae	2066	S	825	584	1409	0.00034
Kitasatospora albolonga	68173	S	330	329	659	0.00016
Kitasatospora aureofaciens	1894	S	112	563	675	0.00016
Streptacidiphilus sp. P02-A3a	2704468	S	940	428	1368	0.00033
Streptacidiphilus sp. PB12-B1b	2705012	S	847	463	1310	0.00032
Streptacidiphilus bronchialis	2126346	S	719	355	1074	0.00026
Microbacterium sp. NY27	2782169	S	969	531	1500	0.00036
Microbacterium sp. WY121	2782168	S	922	517	1439	0.00035
Microbacterium sp. 4R-513	2567934	S	833	389	1222	0.00029
Microbacterium sp. No. 7	1714373	S	743	428	1171	0.00028
Microbacterium sp. 10M-3C3	2483401	S	643	478	1121	0.00027
Microbacterium sp. JZ31	1906274	S	568	329	897	0.00022
Microbacterium sp. RG1	2489212	S	522	232	754	0.00018
Microbacterium sp. YJN-G	2763257	S	509	317	826	0.00020
Microbacterium sp. ABRD_28	2268461	S	493	207	700	0.00017
Microbacterium sp. A18JL200	2782167	S	429	251	680	0.00016
Microbacterium sp. XT11	367477	S	412	229	641	0.00015
Microbacterium sp. LKL04	912630	S	393	231	624	0.00015
Microbacterium sp. BH-3-3-3	1906742	S	391	218	609	0.00015
Microbacterium sp. Y-01	2048898	S	365	358	723	0.00017
Microbacterium sp. A18JL241	2782166	S	355	188	543	0.00013
Microbacterium sp. Se63.02b	2709304	S	339	250	589	0.00014
Microbacterium sp. PM5	2014534	S	316	168	484	0.00012
Microbacterium sp. CBA3102	2603598	S	300	219	519	0.00013
Microbacterium sp. TPU 3598	1938334	S	283	230	513	0.00012
Microbacterium sp. 1S1	2606451	S	269	425	694	0.00017
Microbacterium sp. HY82	2708079	S	234	54	288	0.00007
Microbacterium sp. Nx66	2766784	S	203	546	749	0.00018
Microbacterium sp. HY60	2769067	S	172	34	206	0.00005
Microbacterium sp. PAMC 28756	1795053	S	168	672	840	0.00020
Microbacterium sp. SGAir0570	2070348	S	103	958	1061	0.00026
Microbacterium hominis	162426	S	1244	790	2034	0.00049
Microbacterium foliorum	104336	S	776	504	1280	0.00031
Microbacterium oleivorans	273677	S	724	364	1088	0.00026
Microbacterium oxydans	82380	S	555	441	996	0.00024
Microbacterium sediminis	904291	S	548	444	992	0.00024
Microbacterium lemovicicum	1072463	S	525	281	806	0.00019
Microbacterium testaceum	2033	S	483	227	710	0.00017
Microbacterium caowuchunii	2614638	S	439	192	631	0.00015
Microbacterium oryzae	743009	S	431	240	671	0.00016
Microbacterium pygmaeum	370764	S	423	163	586	0.00014
Microbacterium lushaniae	2614639	S	420	295	715	0.00017
Microbacterium wangchenii	2541726	S	416	283	699	0.00017
Microbacterium chocolatum	84292	S	410	198	608	0.00015
Microbacterium aurum	36805	S	400	266	666	0.00016
Microbacterium protaetiae	2509458	S	397	145	542	0.00013
Microbacterium esteraromaticum	57043	S	386	199	585	0.00014
Microbacterium hydrocarbonoxydans	273678	S	295	175	470	0.00011
Microbacterium schleiferi	69362	S	276	123	399	0.00010
Microbacterium amylolyticum	936337	S	134	32	166	0.00004
Microbacterium endophyticum	1526412	S	111	15	126	0.00003
Agromyces sp. LHK192	2498704	S	924	550	1474	0.00036
Agromyces sp. KACC 19306	2592652	S	839	504	1343	0.00032
Agromyces sp. G127AT	2781962	S	637	355	992	0.00024
Agromyces sp. HY052	2585717	S	537	292	829	0.00020
Agromyces flavus	589382	S	2716	1613	4329	0.00104
Agromyces aureus	453304	S	844	479	1323	0.00032
Agromyces protaetiae	2509455	S	741	410	1151	0.00028
Agromyces badenianii	2080742	S	677	465	1142	0.00028
Rathayibacter sp. VKM Ac-2759	2609252	S	477	313	790	0.00019
Rathayibacter sp. VKM Ac-2760	2609253	S	432	385	817	0.00020
Rathayibacter sp. VKM Ac-2804	2609257	S	340	443	783	0.00019
Rathayibacter sp. VKM Ac-2801	2609255	S	192	458	650	0.00016
Rathayibacter festucae	110937	S	491	869	1360	0.00033
Rathayibacter tanaceti	1671680	S	294	158	452	0.00011
Rathayibacter iranicus	59737	S	231	70	301	0.00007
Rathayibacter tritici	33888	S	201	127	328	0.00008
Rathayibacter rathayi	33887	S	190	113	303	0.00007
Curtobacterium sp. BH-2-1-1	1905847	S	402	289	691	0.00017
Curtobacterium sp. MR_MD2014	1561023	S	369	330	699	0.00017
Curtobacterium sp. SGAir0471	2070337	S	328	300	628	0.00015
Curtobacterium sp. 24E2	2804758	S	325	226	551	0.00013
Curtobacterium sp. YC1	2795488	S	309	249	558	0.00013
Curtobacterium sp. Csp2	2495430	S	161	519	680	0.00016
Curtobacterium flaccumfaciens	2035	S	580	400	980	0.00024
Curtobacterium pusillum	69373	S	365	176	541	0.00013
Leifsonia sp. PS1209	2724914	S	492	269	761	0.00018
Leifsonia sp. 21MFCrub1.1	1798223	S	490	863	1353	0.00033
Leifsonia xyli	1575	S	996	742	1738	0.00042
Leifsonia shinshuensis	150026	S	683	339	1022	0.00025
Clavibacter michiganensis	28447	S	1735	1235	2970	0.00072
Clavibacter sp. DM1	2768071	S	325	346	671	0.00016
Agrococcus carbonis	684552	S	659	396	1055	0.00025
Agrococcus jejuensis	399736	S	615	373	988	0.00024
Agrococcus sp. SGAir0287	2070347	S	577	354	931	0.00022
Leucobacter muris	1935379	S	467	243	710	0.00017
Leucobacter triazinivorans	1784719	S	442	224	666	0.00016
Leucobacter sp. CX169	2813744	S	246	88	334	0.00008
Leucobacter insecticola	2714934	S	121	23	144	0.00003
Leucobacter viscericola	2714935	S	119	32	151	0.00004
Leucobacter denitrificans	683042	S	106	19	125	0.00003
Protaetiibacter sp. SSC-01	2759943	S	830	559	1389	0.00033
Protaetiibacter intestinalis	2419774	S	617	435	1052	0.00025
Salinibacterium sp. ZJ450	2708338	S	420	151	571	0.00014
Salinibacterium sp. ZJ70	2708084	S	392	213	605	0.00015
Salinibacterium sp. dk2585	2603292	S	342	133	475	0.00011
Salinibacterium sp. UTAS2018	2508880	S	157	21	178	0.00004
Salinibacterium hongtaonis	2079791	S	161	36	197	0.00005
Cryobacterium sp. LW097	1978566	S	321	137	458	0.00011
Cryobacterium arcticum	670052	S	293	239	532	0.00013
Cryobacterium soli	2220095	S	233	185	418	0.00010
Frondihabitans sp. PAMC 28766	1795630	S	505	147	652	0.00016
Frondihabitans sp. 762G35	1446794	S	427	184	611	0.00015
Microterricola viridarii	412690	S	919	451	1370	0.00033
Plantibacter sp. PA-3-X8	2480625	S	157	228	385	0.00009
Plantibacter sp. M259	2583822	S	132	186	318	0.00008
Plantibacter flavus	150123	S	161	202	363	0.00009
Humibacter sp. WJ7-1	2599293	S	510	180	690	0.00017
Humibacter sp. BT305	2282656	S	234	1072	1306	0.00031
Frigoribacterium sp. NBH87	2596916	S	653	355	1008	0.00024
Herbiconiux sp. SALV-R1	2735133	S	631	250	881	0.00021
Gryllotalpicola protaetiae	2419771	S	562	216	778	0.00019
Lysinimonas sp. KACC 19322	2592654	S	456	293	749	0.00018
Marisediminicola antarctica	674079	S	421	135	556	0.00013
Mycetocola sp. JXN-3	2116510	S	218	57	275	0.00007
Mycetocola zhujimingii	2079792	S	197	50	247	0.00006
Cnuibacter physcomitrellae	1619308	S	375	1321	1696	0.00041
Microcella alkaliphila	279828	S	341	129	470	0.00011
Diaminobutyricimonas sp. LJ205	2683590	S	330	129	459	0.00011
Glaciihabitans sp. INWT7	2596912	S	310	73	383	0.00009
Agreia sp. COWG	2773266	S	262	76	338	0.00008
Arthrobacter sp. QXT-31	1357915	S	2807	1211	4018	0.00097
Arthrobacter sp. NEB 688	904039	S	940	720	1660	0.00040
Arthrobacter sp. PM3	2017685	S	311	156	467	0.00011
Arthrobacter sp. PGP41	2079227	S	271	137	408	0.00010
Arthrobacter sp. 24S4-2	2575374	S	263	113	376	0.00009
Arthrobacter sp. PAMC25564	2565366	S	258	132	390	0.00009
Arthrobacter sp. U41	1849032	S	256	131	387	0.00009
Arthrobacter sp. ERGS1:01	1704044	S	256	86	342	0.00008
Arthrobacter sp. KBS0702	2578107	S	253	196	449	0.00011
Arthrobacter sp. UKPF54-2	2600159	S	231	199	430	0.00010
Arthrobacter sp. FB24	290399	S	218	121	339	0.00008
Arthrobacter sp. PAMC 25486	1494608	S	189	50	239	0.00006
Arthrobacter sp. YC-RL1	1652545	S	187	156	343	0.00008
Arthrobacter sp. D5-1	1477518	S	115	124	239	0.00006
Arthrobacter sp. YN	2020486	S	114	103	217	0.00005
Arthrobacter agilis	37921	S	698	239	937	0.00023
Arthrobacter crystallopoietes	37928	S	631	196	827	0.00020
Arthrobacter woluwensis	156980	S	293	112	405	0.00010
Arthrobacter dokdonellae	2211210	S	260	83	343	0.00008
Arthrobacter alpinus	656366	S	196	249	445	0.00011
Kocuria rosea	1275	S	678	439	1117	0.00027
Kocuria turfanensis	388357	S	571	367	938	0.00023
Kocuria flava	446860	S	524	364	888	0.00021
Kocuria sp. TGY1120_3	2711329	S	192	45	237	0.00006
Kocuria palustris	71999	S	324	157	481	0.00012
Kocuria varians	1272	S	222	173	395	0.00010
Kocuria rhizophila	72000	S	215	620	835	0.00020
Pseudarthrobacter sp. BIM B-2242	2772401	S	194	90	284	0.00007
Pseudarthrobacter sp. YJ56	2697569	S	163	194	357	0.00009
Pseudarthrobacter sp. NIBRBAC000502772	2590775	S	130	219	349	0.00008
Pseudarthrobacter sp. NBSH8	2596911	S	115	145	260	0.00006
Pseudarthrobacter phenanthrenivorans	361575	S	298	196	494	0.00012
Pseudarthrobacter chlorophenolicus	85085	S	215	134	349	0.00008
Pseudarthrobacter equi	728066	S	183	137	320	0.00008
Pseudarthrobacter sulfonivorans	121292	S	110	135	245	0.00006
Sinomonas atrocyanea	37927	S	704	324	1028	0.00025
Sinomonas sp. R1AF57	2020377	S	523	222	745	0.00018
Micrococcus luteus	1270	S	665	1196	1861	0.00045
Glutamicibacter creatinolyticus	162496	S	199	98	297	0.00007
Glutamicibacter protophormiae	37930	S	167	204	371	0.00009
Glutamicibacter halophytocola	1933880	S	120	86	206	0.00005
Glutamicibacter mishrai	1775880	S	114	114	228	0.00006
Rothia kristinae	37923	S	364	222	586	0.00014
Rothia mucilaginosa	43675	S	116	36	152	0.00004
Citricoccus sp. SGAir0253	2567881	S	543	270	813	0.00020
Paenarthrobacter sp. YJN-D	2735317	S	143	111	254	0.00006
Nesterenkonia sp. NBAIMH1	2600320	S	208	40	248	0.00006
Zhihengliuella sp. ISTPL4	2058657	S	197	568	765	0.00018
Cellulomonas sp. H30R-01	2704467	S	2707	1863	4570	0.00110
Cellulomonas sp. Y8	2591145	S	1531	1004	2535	0.00061
Cellulomonas sp. PSBB021	2003551	S	829	632	1461	0.00035
Cellulomonas sp. JZ18	2654191	S	807	571	1378	0.00033
Cellulomonas fimi	1708	S	1721	2147	3868	0.00093
Cellulomonas flavigena	1711	S	937	543	1480	0.00036
Cellulomonas gilvus	11	S	838	542	1380	0.00033
Cellulomonas shaoxiangyii	2566013	S	795	553	1348	0.00032
Cellulomonas taurus	2729175	S	504	270	774	0.00019
Actinotalea sp. JY-7876	2758442	S	904	550	1454	0.00035
Oerskovia sp. KBS0722	1179673	S	651	349	1000	0.00024
Pseudactinotalea sp. HY158	2654547	S	550	189	739	0.00018
Paraoerskovia marina	545619	S	432	210	642	0.00015
Cellulosimicrobium sp. BI34T	2587808	S	847	674	1521	0.00037
Cellulosimicrobium sp. JZ28	1906273	S	258	1024	1282	0.00031
Cellulosimicrobium cellulans	1710	S	1036	2033	3069	0.00074
Isoptericola variabilis	139208	S	812	645	1457	0.00035
Isoptericola dokdonensis	372663	S	705	441	1146	0.00028
Xylanimonas cellulosilytica	186189	S	628	386	1014	0.00024
Xylanimonas allomyrinae	2509459	S	617	344	961	0.00023
Xylanimicrobium sp. FW10M-9	2509457	S	758	563	1321	0.00032
Janibacter melonis	262209	S	758	446	1204	0.00029
Janibacter limosus	53458	S	481	256	737	0.00018
Janibacter indicus	857417	S	260	575	835	0.00020
Janibacter sp. YB324	2761047	S	156	471	627	0.00015
Phycicoccus sp. HDW14	2714941	S	849	622	1471	0.00035
Phycicoccus endophyticus	1690220	S	746	492	1238	0.00030
Intrasporangium calvum	53358	S	1074	653	1727	0.00042
Pedococcus dokdonensis	443156	S	955	550	1505	0.00036
Tetrasphaera sp. HKS02	1813880	S	774	411	1185	0.00029
Arsenicicoccus sp. oral taxon 190	1658671	S	720	424	1144	0.00028
Ornithinimicrobium sp. AMA3305	2283195	S	693	358	1051	0.00025
Ornithinimicrobium sp. H23M54	2594265	S	541	181	722	0.00017
Ornithinimicrobium sp. HY006	2508882	S	458	270	728	0.00018
Ornithinimicrobium flavum	1288636	S	583	318	901	0.00022
Ornithinimicrobium pratense	2593973	S	384	211	595	0.00014
Serinicoccus chungangensis	767452	S	582	361	943	0.00023
Serinicoccus profundi	1078471	S	458	269	727	0.00018
Serinicoccus hydrothermalis	1758689	S	457	344	801	0.00019
Serinicoccus marinus	247333	S	396	304	700	0.00017
Brevibacterium sp. CS2	2575923	S	457	226	683	0.00016
Brevibacterium sp. WO024	2697563	S	175	97	272	0.00007
Brevibacterium sp. o2	2697565	S	144	105	249	0.00006
Brevibacterium sp. 'Marine'	2725563	S	100	123	223	0.00005
Brevibacterium casei	33889	S	846	348	1194	0.00029
Brevibacterium luteolum	199591	S	316	133	449	0.00011
Brevibacterium linens	1703	S	272	276	548	0.00013
Brevibacterium aurantiacum	273384	S	218	96	314	0.00008
Brevibacterium sandarakinum	629680	S	180	58	238	0.00006
Brevibacterium oceani	358099	S	157	88	245	0.00006
Brevibacterium siliguriense	1136497	S	112	79	191	0.00005
Brachybacterium sp. SGAir0954	2571029	S	505	248	753	0.00018
Brachybacterium sp. P6-10-X1	1903186	S	437	156	593	0.00014
Brachybacterium faecium	43669	S	466	247	713	0.00017
Brachybacterium ginsengisoli	1331682	S	423	202	625	0.00015
Brachybacterium saurashtrense	556288	S	422	222	644	0.00016
Brachybacterium vulturis	2017484	S	376	218	594	0.00014
Brachybacterium avium	2017485	S	298	163	461	0.00011
Dermabacter vaginalis	1630135	S	153	76	229	0.00006
Dermabacter jinjuensis	1667168	S	139	74	213	0.00005
Georgenia sp. Z443	2589797	S	810	356	1166	0.00028
Georgenia sp. Z294	2585135	S	716	399	1115	0.00027
Georgenia faecalis	2483799	S	658	340	998	0.00024
Dermacoccus nishinomiyaensis	1274	S	518	282	800	0.00019
Dermacoccus sp. PAMC28757	2762331	S	363	191	554	0.00013
Luteipulveratus mongoliensis	571913	S	758	220	978	0.00024
Yimella sp. cx-51	2770551	S	378	142	520	0.00013
Beutenbergia cavernae	84757	S	1007	375	1382	0.00033
Miniimonas sp. S16	2171623	S	788	487	1275	0.00031
Haloactinobacterium sp. HY164	2675754	S	797	250	1047	0.00025
Ruania sp. HY168	2603206	S	482	117	599	0.00014
Haloactinobacterium sp. RN3S43	2779775	S	391	92	483	0.00012
Sanguibacter keddieii	60920	S	667	333	1000	0.00024
Sanguibacter sp. HDW7	2714931	S	545	280	825	0.00020
Luteimicrobium xylanilyticum	1133546	S	715	361	1076	0.00026
Mobilicoccus sp. NJES-13	2716227	S	283	72	355	0.00009
Austwickia chelonae	100225	S	201	35	236	0.00006
Kytococcus sedentarius	1276	S	504	252	756	0.00018
Mycolicibacterium goodii	134601	S	16857	8503	25360	0.00611
Mycolicibacterium tokaiense	39695	S	4159	1568	5727	0.00138
Mycolicibacterium smegmatis	1772	S	3903	4384	8287	0.00200
Mycolicibacterium parafortuitum	39692	S	2732	1349	4081	0.00098
Mycolicibacterium rutilum	370526	S	1990	1138	3128	0.00075
Mycolicibacterium fortuitum	1766	S	1654	774	2428	0.00059
Mycolicibacterium mageritense	53462	S	1287	471	1758	0.00042
Mycolicibacterium litorale	758802	S	1229	746	1975	0.00048
Mycolicibacterium aurum	1791	S	1215	546	1761	0.00042
Mycolicibacterium sp. LJ126	2761578	S	556	260	816	0.00020
Mycolicibacterium sp. Z-34	2736649	S	526	156	682	0.00016
Mycolicibacterium gadium	1794	S	1042	694	1736	0.00042
Mycolicibacterium rhodesiae	36814	S	857	311	1168	0.00028
Mycolicibacterium moriokaense	39691	S	828	278	1106	0.00027
Mycolicibacterium fluoranthenivorans	258505	S	814	273	1087	0.00026
Mycolicibacterium boenickei	146017	S	804	1332	2136	0.00051
Mycolicibacterium phlei	1771	S	751	495	1246	0.00030
Mycolicibacterium pulveris	36813	S	732	295	1027	0.00025
Mycolicibacterium gilvum	1804	S	720	418	1138	0.00027
Mycolicibacterium sediminis	1286180	S	711	321	1032	0.00025
Mycolicibacterium madagascariense	212765	S	703	268	971	0.00023
Mycolicibacterium chubuense	1800	S	703	317	1020	0.00025
Mycolicibacterium celeriflavum	1249101	S	702	296	998	0.00024
Mycolicibacterium arabiense	1286181	S	700	261	961	0.00023
Mycolicibacterium hassiacum	46351	S	669	370	1039	0.00025
Mycolicibacterium vaccae	1810	S	663	328	991	0.00024
Mycolicibacterium psychrotolerans	216929	S	660	311	971	0.00023
Mycolicibacterium chitae	1792	S	645	322	967	0.00023
Mycolicibacterium duvalii	39688	S	585	253	838	0.00020
Mycolicibacterium frederiksbergense	117567	S	561	300	861	0.00021
Mycolicibacterium confluentis	28047	S	544	202	746	0.00018
Mycolicibacterium thermoresistibile	1797	S	523	241	764	0.00018
Mycolicibacterium mucogenicum	56689	S	477	304	781	0.00019
Mycolicibacterium phocaicum	319706	S	469	300	769	0.00019
Mycolicibacterium anyangense	1431246	S	454	181	635	0.00015
Mycolicibacterium fallax	1793	S	454	301	755	0.00018
Mycolicibacterium insubricum	444597	S	425	209	634	0.00015
Mycolicibacterium helvum	1534349	S	415	143	558	0.00013
Mycolicibacterium alvei	67081	S	401	201	602	0.00015
Mycolicibacterium doricum	126673	S	386	208	594	0.00014
Mycolicibacterium aubagnense	319707	S	376	164	540	0.00013
Mycolicibacterium aichiense	1799	S	312	224	536	0.00013
Mycolicibacterium sarraceniae	1534348	S	296	114	410	0.00010
Mycolicibacterium poriferae	39694	S	163	539	702	0.00017
Mycolicibacterium monacense	85693	S	124	756	880	0.00021
Mycolicibacterium nivoides	2487344	S	113	661	774	0.00019
Mycolicibacterium austroafricanum	39687	S	105	517	622	0.00015
Mycobacterium sp. JS623	212767	S	1134	263	1397	0.00034
Mycobacterium sp. MS1601	1936029	S	684	261	945	0.00023
Mycobacterium sp. YC-RL4	1682113	S	498	275	773	0.00019
Mycobacterium sp. DL592	2675524	S	428	207	635	0.00015
Mycobacterium sp. EPa45	1545728	S	385	332	717	0.00017
Mycobacterium sp. DL440	2675523	S	375	194	569	0.00014
Mycobacterium sp. ELW1	1547487	S	332	326	658	0.00016
Mycobacterium sp. THAF192	2587868	S	175	496	671	0.00016
Mycobacterium sp. KMS	189918	S	102	585	687	0.00017
Mycobacterium saskatchewanense	220927	S	494	179	673	0.00016
Mycobacterium parmense	185642	S	464	224	688	0.00017
Mycobacterium heidelbergense	53376	S	427	220	647	0.00016
Mycobacterium kubicae	120959	S	416	160	576	0.00014
Mycobacterium shigaense	722731	S	394	149	543	0.00013
Mycobacterium simiae	1784	S	358	101	459	0.00011
Mycobacterium florentinum	292462	S	343	159	502	0.00012
Mycobacterium stomatepiae	470076	S	326	145	471	0.00011
Mycobacterium avium	1764	S	751	1346	2097	0.00051
Mycobacterium marseillense	701042	S	533	362	895	0.00022
Mycobacterium colombiense	339268	S	427	210	637	0.00015
Mycobacterium mantenii	560555	S	412	164	576	0.00014
Mycobacterium intracellulare	1767	S	360	4156	4516	0.00109
Mycobacterium grossiae	1552759	S	787	456	1243	0.00030
Mycobacterium gordonae	1778	S	728	163	891	0.00021
Mycobacterium dioxanotrophicus	482462	S	634	232	866	0.00021
Mycobacterium gallinarum	39689	S	602	384	986	0.00024
Mycobacterium conspicuum	44010	S	502	200	702	0.00017
Mycobacterium branderi	43348	S	494	142	636	0.00015
Mycobacterium paragordonae	1389713	S	441	136	577	0.00014
Mycobacterium canettii	78331	S	138	425	563	0.00014
Mycobacterium cookii	1775	S	423	119	542	0.00013
Mycobacterium kansasii	1768	S	418	102	520	0.00013
Mycobacterium noviomagense	459858	S	320	91	411	0.00010
Mycobacterium heckeshornense	110505	S	313	102	415	0.00010
Mycobacterium riyadhense	486698	S	308	60	368	0.00009
Mycobacterium shinjukuense	398694	S	302	108	410	0.00010
Mycobacterium paraseoulense	590652	S	301	209	510	0.00012
Mycobacterium lacus	169765	S	294	89	383	0.00009
Mycobacterium seoulense	386911	S	274	220	494	0.00012
Mycobacterium xenopi	1789	S	259	98	357	0.00009
Mycobacterium basiliense	2094119	S	245	40	285	0.00007
Mycobacterium haemophilum	29311	S	145	32	177	0.00004
Mycobacteroides abscessus	36809	S	1478	1537	3015	0.00073
Mycobacteroides saopaulense	1578165	S	222	71	293	0.00007
Mycobacteroides immunogenum	83262	S	207	62	269	0.00007
Mycobacteroides chelonae	1774	S	190	507	697	0.00017
Mycobacteroides salmoniphilum	404941	S	173	54	227	0.00005
[Mycobacterium] stephanolepidis	1520670	S	107	79	186	0.00004
Mycolicibacter minnesotensis	1118379	S	758	263	1021	0.00025
Mycolicibacter terrae	1788	S	375	193	568	0.00014
Mycolicibacter hiberniae	29314	S	352	151	503	0.00012
Mycolicibacillus koreensis	1069220	S	395	178	573	0.00014
Hoyosella subflava	639313	S	224	23	247	0.00006
Rhodococcus sp. X156	2499145	S	724	440	1164	0.00028
Rhodococcus sp. MTM3W5.2	1805827	S	605	271	876	0.00021
Rhodococcus sp. SGAir0479	2567884	S	521	283	804	0.00019
Rhodococcus sp. W8901	2742603	S	455	220	675	0.00016
Rhodococcus sp. PBTS 1	1653478	S	447	192	639	0.00015
Rhodococcus sp. R79	2811421	S	391	346	737	0.00018
Rhodococcus sp. ABRD24	2507582	S	282	100	382	0.00009
Rhodococcus sp. B7740	1564114	S	268	94	362	0.00009
Rhodococcus sp. P1Y	1302308	S	245	46	291	0.00007
Rhodococcus sp. WMMA185	679318	S	213	50	263	0.00006
Rhodococcus sp. WAY2	2663121	S	201	307	508	0.00012
Rhodococcus sp. P-2	2795031	S	137	124	261	0.00006
Rhodococcus sp. ZPP	2749906	S	103	506	609	0.00015
Rhodococcus hoagii	43767	S	1050	845	1895	0.00046
Rhodococcus opacus	37919	S	918	1846	2764	0.00067
Rhodococcus ruber	1830	S	811	601	1412	0.00034
Rhodococcus rhodochrous	1829	S	663	704	1367	0.00033
Rhodococcus fascians	1828	S	446	209	655	0.00016
Rhodococcus triatomae	300028	S	391	156	547	0.00013
Rhodococcus koreensis	99653	S	387	324	711	0.00017
Rhodococcus coprophilus	38310	S	349	115	464	0.00011
Rhodococcus jostii	132919	S	332	394	726	0.00018
Rhodococcus pyridinivorans	103816	S	163	1047	1210	0.00029
Rhodococcus qingshengii	334542	S	102	954	1056	0.00025
Nocardia brasiliensis	37326	S	1708	850	2558	0.00062
Nocardia sp. WCH-YHL-001	2755382	S	812	280	1092	0.00026
Nocardia sp. CS682	1047172	S	690	266	956	0.00023
Nocardia cyriacigeorgica	135487	S	1153	726	1879	0.00045
Nocardia terpenica	455432	S	1094	380	1474	0.00036
Nocardia farcinica	37329	S	830	677	1507	0.00036
Nocardia asteroides	1824	S	710	409	1119	0.00027
Nocardia arthritidis	228602	S	708	190	898	0.00022
Nocardia wallacei	480035	S	693	271	964	0.00023
Nocardia yunnanensis	2382165	S	686	302	988	0.00024
Nocardia otitidiscaviarum	1823	S	622	240	862	0.00021
Nocardia seriolae	37332	S	554	244	798	0.00019
Nocardia nova	37330	S	545	160	705	0.00017
Nocardia mangyaensis	2213200	S	538	225	763	0.00018
Corynebacterium sp. 2019	2675218	S	162	112	274	0.00007
Corynebacterium sp. zg-917	2763010	S	137	78	215	0.00005
Corynebacterium sp. MC1420	2709392	S	116	70	186	0.00004
Corynebacterium sp. 2039	2675219	S	100	36	136	0.00003
Corynebacterium xerosis	1725	S	440	250	690	0.00017
Corynebacterium sphenisci	191493	S	419	234	653	0.00016
Corynebacterium frankenforstense	1230998	S	368	207	575	0.00014
Corynebacterium bovis	36808	S	352	139	491	0.00012
Corynebacterium nuruki	1032851	S	282	121	403	0.00010
Corynebacterium halotolerans	225326	S	266	126	392	0.00009
Corynebacterium timonense	441500	S	236	97	333	0.00008
Corynebacterium vitaeruminis	38305	S	233	113	346	0.00008
Corynebacterium maris	575200	S	219	78	297	0.00007
Corynebacterium humireducens	1223514	S	218	125	343	0.00008
Corynebacterium yudongzhengii	2080740	S	200	79	279	0.00007
Corynebacterium jeikeium	38289	S	199	540	739	0.00018
Corynebacterium marinum	349751	S	196	154	350	0.00008
Corynebacterium mycetoides	38302	S	187	132	319	0.00008
Corynebacterium uterequi	1072256	S	180	151	331	0.00008
Corynebacterium doosanense	1121358	S	175	85	260	0.00006
Corynebacterium variabile	1727	S	173	96	269	0.00007
Corynebacterium liangguodongii	2079535	S	169	67	236	0.00006
Corynebacterium sanguinis	2594913	S	156	117	273	0.00007
Corynebacterium imitans	156978	S	154	66	220	0.00005
Corynebacterium atypicum	191610	S	147	56	203	0.00005
Corynebacterium provencense	1737425	S	141	56	197	0.00005
Corynebacterium urealyticum	43771	S	133	73	206	0.00005
Corynebacterium terpenotabidum	89154	S	132	55	187	0.00005
Corynebacterium glyciniphilum	1404244	S	128	26	154	0.00004
Corynebacterium testudinoris	136857	S	125	38	163	0.00004
Corynebacterium ureicelerivorans	401472	S	125	54	179	0.00004
Corynebacterium glaucum	187491	S	113	36	149	0.00004
Corynebacterium efficiens	152794	S	112	35	147	0.00004
Corynebacterium kroppenstedtii	161879	S	109	11	120	0.00003
Corynebacterium aurimucosum	169292	S	102	61	163	0.00004
Gordonia sp. YC-JH1	2059875	S	344	202	546	0.00013
Gordonia sp. PDNC005	2811424	S	316	87	403	0.00010
Gordonia sp. KTR9	337191	S	313	175	488	0.00012
Gordonia sp. HY186	2597659	S	263	90	353	0.00009
Gordonia sp. JH63	2698900	S	118	464	582	0.00014
Gordonia polyisoprenivorans	84595	S	758	324	1082	0.00026
Gordonia terrae	2055	S	591	723	1314	0.00032
Gordonia insulae	2420509	S	456	161	617	0.00015
Gordonia phthalatica	1136941	S	413	205	618	0.00015
Gordonia rubripertincta	36822	S	399	485	884	0.00021
Gordonia bronchialis	2054	S	385	147	532	0.00013
Gordonia iterans	1004901	S	379	166	545	0.00013
Dietzia sp. oral taxon 368	712270	S	292	538	830	0.00020
Dietzia lutea	546160	S	355	286	641	0.00015
Dietzia psychralcaliphila	139021	S	350	152	502	0.00012
Dietzia timorensis	499555	S	261	98	359	0.00009
Tsukamurella paurometabola	2061	S	909	643	1552	0.00037
Tsukamurella tyrosinosolvens	57704	S	747	426	1173	0.00028
Tomitella sp. HY172	2760083	S	512	254	766	0.00018
Tomitella sp. HY188	2597660	S	471	240	711	0.00017
Segniliparus rotundus	286802	S	279	50	329	0.00008
Micromonospora sp. WMMC415	2675222	S	1632	1410	3042	0.00073
Micromonospora sp. HM134	2583243	S	1413	1380	2793	0.00067
Micromonospora sp. 28ISP2-46	2749844	S	1197	1506	2703	0.00065
Micromonospora sp. WMMA2032	2039870	S	1027	1411	2438	0.00059
Micromonospora sp. B006	2201999	S	952	1498	2450	0.00059
Micromonospora sp. L5	648999	S	105	1338	1443	0.00035
Micromonospora echinaurantiaca	47857	S	3613	3672	7285	0.00175
Micromonospora krabiensis	307121	S	2463	1908	4371	0.00105
Micromonospora carbonacea	47853	S	2378	2182	4560	0.00110
Micromonospora echinospora	1877	S	1681	1346	3027	0.00073
Micromonospora echinofusca	47858	S	1472	1385	2857	0.00069
Micromonospora terminaliae	1914461	S	1420	1543	2963	0.00071
Micromonospora maris	1003110	S	1371	926	2297	0.00055
Micromonospora coriariae	285665	S	1319	1140	2459	0.00059
Micromonospora inositola	47865	S	1260	1269	2529	0.00061
Micromonospora viridifaciens	1881	S	1232	1132	2364	0.00057
Micromonospora siamensis	299152	S	1230	1203	2433	0.00059
Micromonospora coxensis	356852	S	1225	1356	2581	0.00062
Micromonospora sagamiensis	47875	S	1196	1058	2254	0.00054
Micromonospora zamorensis	709883	S	1173	985	2158	0.00052
Micromonospora chokoriensis	356851	S	1160	923	2083	0.00050
Micromonospora auratinigra	261654	S	1143	1247	2390	0.00058
Micromonospora purpureochromogenes	47872	S	1138	1215	2353	0.00057
Micromonospora rifamycinica	291594	S	1090	1090	2180	0.00053
Micromonospora narathiwatensis	299146	S	1060	1079	2139	0.00052
Micromonospora craniellae	2294034	S	847	1062	1909	0.00046
Micromonospora tulbaghiae	479978	S	602	1204	1806	0.00044
Micromonospora aurantiaca	47850	S	330	3930	4260	0.00103
Actinoplanes sp. N902-109	649831	S	4138	3396	7534	0.00181
Actinoplanes sp. OR16	946334	S	3749	4878	8627	0.00208
Actinoplanes friuliensis	196914	S	4084	1777	5861	0.00141
Actinoplanes teichomyceticus	1867	S	3715	3028	6743	0.00162
Actinoplanes derwentensis	113562	S	3474	1444	4918	0.00118
Actinoplanes missouriensis	1866	S	3408	2795	6203	0.00149
Phytohabitans suffuscus	624315	S	4524	2639	7163	0.00173
Phytohabitans flavus	1076124	S	3463	1754	5217	0.00126
Plantactinospora sp. KBS50	2024580	S	1984	1159	3143	0.00076
Plantactinospora sp. BB1	2071627	S	445	2273	2718	0.00065
Plantactinospora sp. BC1	2108470	S	426	2214	2640	0.00064
Actinocatenispora thailandica	227318	S	1797	671	2468	0.00059
Salinispora arenicola	168697	S	733	399	1132	0.00027
Salinispora tropica	168695	S	641	368	1009	0.00024
Verrucosispora sp. NA02020	2742132	S	1039	1475	2514	0.00061
Nocardioides sp. JS614	196162	S	2125	1299	3424	0.00082
Nocardioides sp. zg-1228	2763008	S	1686	1414	3100	0.00075
Nocardioides sp. HDW12B	2714939	S	1685	1069	2754	0.00066
Nocardioides sp. S5	2017486	S	1492	1248	2740	0.00066
Nocardioides sp. S-1144	2582905	S	1404	1098	2502	0.00060
Nocardioides sp. S-713	2760089	S	1393	1317	2710	0.00065
Nocardioides sp. zg-579	2663857	S	1269	1173	2442	0.00059
Nocardioides sp. 603	2483798	S	1155	1042	2197	0.00053
Nocardioides sp. MC1495	2736757	S	1138	818	1956	0.00047
Nocardioides sp. CF8	110319	S	1044	779	1823	0.00044
Nocardioides sp. HDW12A	2714938	S	976	677	1653	0.00040
Nocardioides sp. JQ2195	2592334	S	934	476	1410	0.00034
Nocardioides sp. WS12	2486272	S	879	414	1293	0.00031
Nocardioides sp. ZJ1313	2685869	S	774	1259	2033	0.00049
Nocardioides sp. dk884	2662361	S	727	1173	1900	0.00046
Nocardioides sp. dk3136	2575373	S	608	487	1095	0.00026
Nocardioides sp. HY056	2500546	S	418	223	641	0.00015
Nocardioides mesophilus	433659	S	2368	1535	3903	0.00094
Nocardioides anomalus	2712223	S	1656	1163	2819	0.00068
Nocardioides ungokensis	1643322	S	1617	1207	2824	0.00068
Nocardioides euryhalodurans	2518370	S	1609	1151	2760	0.00066
Nocardioides humi	449461	S	1504	1154	2658	0.00064
Nocardioides aromaticivorans	200618	S	1393	1201	2594	0.00062
Nocardioides cynanchi	2558918	S	1260	741	2001	0.00048
Nocardioides sambongensis	2589074	S	1059	708	1767	0.00043
Nocardioides marinisabuli	419476	S	1043	1182	2225	0.00054
Nocardioides dokdonensis	450734	S	1036	1056	2092	0.00050
Nocardioides seonyuensis	2518371	S	943	588	1531	0.00037
Nocardioides houyundeii	2045452	S	850	603	1453	0.00035
Nocardioides daphniae	402297	S	646	626	1272	0.00031
Nocardioides baekrokdamisoli	1804624	S	447	152	599	0.00014
Aeromicrobium sp. zg-629	2663859	S	627	407	1034	0.00025
Aeromicrobium sp. A1-2	2107713	S	530	214	744	0.00018
Aeromicrobium erythreum	2041	S	906	517	1423	0.00034
Aeromicrobium choanae	1736691	S	807	508	1315	0.00032
Aeromicrobium chenweiae	2079793	S	713	523	1236	0.00030
Aeromicrobium marinum	219314	S	682	355	1037	0.00025
Aeromicrobium yanjiei	2662028	S	613	425	1038	0.00025
Pimelobacter simplex	2045	S	1367	1183	2550	0.00061
Marmoricola scoriae	642780	S	1346	1090	2436	0.00059
Friedmanniella luteola	546871	S	1127	594	1721	0.00041
Mumia sp. ZJ1417	2708082	S	943	404	1347	0.00032
Micropruina glycogenica	75385	S	571	198	769	0.00019
Microlunatus sp. Gsoil 973	2672569	S	595	140	735	0.00018
Microlunatus sp. KUDC0627	2596828	S	555	160	715	0.00017
Microlunatus sagamiharensis	546874	S	996	538	1534	0.00037
Microlunatus soli	630515	S	712	181	893	0.00022
Microlunatus phosphovorus	29405	S	641	163	804	0.00019
Tessaracoccus defluvii	1285901	S	541	403	944	0.00023
Tessaracoccus aquimaris	1332264	S	470	303	773	0.00019
Tessaracoccus flavus	1610493	S	406	268	674	0.00016
Tessaracoccus flavescens	399497	S	384	309	693	0.00017
Tessaracoccus sp. MC1865	2760310	S	366	188	554	0.00013
Tessaracoccus timonensis	2161816	S	251	79	330	0.00008
Propionibacterium acidifaciens	556499	S	455	182	637	0.00015
Propionibacterium freudenreichii	1744	S	342	204	546	0.00013
Propionibacterium australiense	119981	S	313	108	421	0.00010
Acidipropionibacterium acidipropionici	1748	S	434	362	796	0.00019
Acidipropionibacterium jensenii	1749	S	353	203	556	0.00013
Acidipropionibacterium virtanenii	2057246	S	248	98	346	0.00008
Auraticoccus monumenti	675864	S	811	367	1178	0.00028
Propioniciclava sp. HDW11	2714937	S	738	438	1176	0.00028
Brevilactibacter sp. MC1595	2819349	S	645	381	1026	0.00025
Raineyella sp. CBA3103	2662261	S	550	186	736	0.00018
Cutibacterium avidum	33010	S	259	123	382	0.00009
Cutibacterium granulosum	33011	S	145	48	193	0.00005
Pseudopropionibacterium propionicum	1750	S	343	73	416	0.00010
Kribbella flavida	182640	S	2401	1218	3619	0.00087
Kribbella qitaiheensis	1544730	S	1679	629	2308	0.00056
Actinopolymorpha singaporensis	117157	S	1339	429	1768	0.00043
Amycolatopsis sp. Hca4	2742131	S	2282	1549	3831	0.00092
Amycolatopsis sp. FDAARGOS 1241	2778070	S	1954	791	2745	0.00066
Amycolatopsis sp. YIM 10	2653857	S	1564	1000	2564	0.00062
Amycolatopsis sp. AA4	1896961	S	1266	520	1786	0.00043
Amycolatopsis sp. BJA-103	1911175	S	687	495	1182	0.00028
Amycolatopsis mediterranei	33910	S	2072	1048	3120	0.00075
Amycolatopsis methanolica	1814	S	1791	990	2781	0.00067
Amycolatopsis albispora	1804986	S	1253	1000	2253	0.00054
Amycolatopsis keratiniphila	129921	S	1155	1420	2575	0.00062
Amycolatopsis orientalis	31958	S	875	590	1465	0.00035
Amycolatopsis japonica	208439	S	464	704	1168	0.00028
Pseudonocardia sp. CGMCC 4.1532	2761535	S	2137	1531	3668	0.00088
Pseudonocardia sp. AL041005-10	445576	S	1240	1581	2821	0.00068
Pseudonocardia sp. HH130630-07	1690815	S	1182	1165	2347	0.00057
Pseudonocardia sp. HH130629-09	1641402	S	816	1355	2171	0.00052
Pseudonocardia dioxanivorans	240495	S	3001	1395	4396	0.00106
Pseudonocardia broussonetiae	2736640	S	2494	1668	4162	0.00100
Pseudonocardia autotrophica	2074	S	1378	761	2139	0.00052
Saccharothrix sp. 6-C	2781735	S	2892	1918	4810	0.00116
Saccharothrix syringae	103733	S	2220	1411	3631	0.00087
Saccharothrix espanaensis	103731	S	1696	913	2609	0.00063
Lentzea guizhouensis	1586287	S	6801	2893	9694	0.00234
Saccharopolyspora erythraea	1836	S	1456	688	2144	0.00052
Saccharopolyspora coralli	2665642	S	606	209	815	0.00020
Saccharopolyspora spinosa	60894	S	459	460	919	0.00022
Saccharopolyspora pogona	333966	S	334	540	874	0.00021
Saccharopolyspora sp. ASAGF58	2719023	S	249	466	715	0.00017
Saccharomonospora marina	632569	S	853	369	1222	0.00029
Saccharomonospora azurea	40988	S	684	404	1088	0.00026
Saccharomonospora cyanea	40989	S	606	393	999	0.00024
Saccharomonospora xinjiangensis	75294	S	536	227	763	0.00018
Saccharomonospora glauca	40990	S	467	284	751	0.00018
Saccharomonospora viridis	1852	S	379	135	514	0.00012
Allokutzneria albata	211114	S	2647	1143	3790	0.00091
Kibdelosporangium phytohabitans	860235	S	2495	719	3214	0.00077
Actinoalloteichus hoggarensis	1470176	S	646	840	1486	0.00036
Actinoalloteichus hymeniacidonis	340345	S	538	291	829	0.00020
Actinosynnema pretiosum	42197	S	571	2230	2801	0.00067
Kutzneria albida	43357	S	1483	645	2128	0.00051
Alloactinosynnema sp. L-07	1653480	S	1333	561	1894	0.00046
Prauserella marina	530584	S	744	200	944	0.00023
Nonomuraea sp. ATCC 55076	1909395	S	6615	3222	9837	0.00237
Nonomuraea nitratireducens	2656914	S	5130	2558	7688	0.00185
Streptosporangium roseum	2001	S	2193	1136	3329	0.00080
Streptosporangium sp. 'caverna'	2202249	S	2173	975	3148	0.00076
Thermobispora bispora	2006	S	1377	907	2284	0.00055
Actinomadura sp. NAK00032	2742128	S	3664	2394	6058	0.00146
Actinomadura sp. WMMA1423	2591108	S	2704	1546	4250	0.00102
Actinomadura sp. WMMB 499	1219491	S	2311	1191	3502	0.00084
Actinomadura verrucosospora	46165	S	2313	1384	3697	0.00089
Thermomonospora curvata	2020	S	1120	569	1689	0.00041
Nocardiopsis dassonvillei	2014	S	1517	655	2172	0.00052
Nocardiopsis gilva	280236	S	815	310	1125	0.00027
Nocardiopsis alba	53437	S	571	193	764	0.00018
Streptomonospora sp. M2	2498135	S	999	386	1385	0.00033
Thermobifida fusca	2021	S	421	164	585	0.00014
Geodermatophilus obscurus	1861	S	3360	2054	5414	0.00130
Blastococcus saxobsidens	138336	S	2452	1360	3812	0.00092
Modestobacter marinus	477641	S	2405	1474	3879	0.00093
Actinomyces sp. oral taxon 414	712122	S	337	174	511	0.00012
Actinomyces sp. ZJ750	2744574	S	198	148	346	0.00008
Actinomyces sp. ZJ34	2722820	S	195	79	274	0.00007
Actinomyces sp. Z16	2079536	S	183	168	351	0.00008
Actinomyces sp. Chiba101	1851395	S	154	152	306	0.00007
Actinomyces sp. 432	2057798	S	135	105	240	0.00006
Actinomyces radicidentis	111015	S	361	210	571	0.00014
Actinomyces howellii	52771	S	302	116	418	0.00010
Actinomyces slackii	52774	S	224	85	309	0.00007
Actinomyces procaprae	2560010	S	208	146	354	0.00009
Actinomyces weissii	675090	S	177	84	261	0.00006
Actinomyces qiguomingii	2057800	S	164	60	224	0.00005
Actinomyces viscosus	1656	S	153	127	280	0.00007
Actinomyces naeslundii	1655	S	125	110	235	0.00006
Actinomyces oris	544580	S	116	337	453	0.00011
Actinomyces marmotae	2737173	S	109	123	232	0.00006
Actinomyces wuliandei	2057743	S	108	67	175	0.00004
Schaalia odontolytica	1660	S	259	105	364	0.00009
Schaalia meyeri	52773	S	115	39	154	0.00004
Flaviflexus salsibiostraticola	1282737	S	255	85	340	0.00008
Flaviflexus sp. dk850	2758573	S	102	30	132	0.00003
Pauljensenia hongkongensis	178339	S	199	94	293	0.00007
Winkia sp. C64	2692125	S	194	43	237	0.00006
Frankia sp. EAN1pec	298653	S	1357	358	1715	0.00041
Frankia sp. QA3	710111	S	887	616	1503	0.00036
Frankia inefficax	298654	S	1720	490	2210	0.00053
Frankia alni	1859	S	823	589	1412	0.00034
Candidatus Frankia datiscae	2716812	S	782	226	1008	0.00024
Frankia casuarinae	106370	S	679	183	862	0.00021
Jiangella sp. DSM 45060	1798224	S	2499	1434	3933	0.00095
Jiangella alkaliphila	419479	S	1906	1030	2936	0.00071
Bifidobacterium choerinum	35760	S	256	91	347	0.00008
Bifidobacterium longum	216816	S	231	310	541	0.00013
Bifidobacterium scardovii	158787	S	205	41	246	0.00006
Bifidobacterium pseudolongum	1694	S	178	72	250	0.00006
Bifidobacterium subtile	77635	S	173	28	201	0.00005
Bifidobacterium bifidum	1681	S	150	54	204	0.00005
Bifidobacterium animalis	28025	S	142	1490	1632	0.00039
Bifidobacterium pullorum	78448	S	127	34	161	0.00004
Bifidobacterium breve	1685	S	107	6795	6902	0.00166
Bifidobacterium adolescentis	1680	S	100	35	135	0.00003
Nakamurella multipartita	53461	S	927	344	1271	0.00031
Nakamurella sp. PAMC28650	2762325	S	601	158	759	0.00018
Nakamurella sp. s14-144	1902245	S	132	29	161	0.00004
Nakamurella panacisegetis	1090615	S	608	196	804	0.00019
Catenulispora acidiphila	304895	S	1540	442	1982	0.00048
Stackebrandtia nassauensis	283811	S	1069	261	1330	0.00032
Kineococcus radiotolerans	131568	S	966	425	1391	0.00034
Epidermidibacterium keratini	1891644	S	622	207	829	0.00020
Jatrophihabitans sp. GAS493	1907575	S	573	130	703	0.00017
Actinopolyspora erythraea	414996	S	494	134	628	0.00015
Acidothermus cellulolyticus	28049	S	417	65	482	0.00012
Rubrobacter sp. SCSIO 52909	2653851	S	2064	408	2472	0.00060
Rubrobacter sp. SCSIO 52915	2653852	S	1700	422	2122	0.00051
Rubrobacter xylanophilus	49319	S	2327	888	3215	0.00077
Rubrobacter radiotolerans	42256	S	788	197	985	0.00024
Rubrobacter indicoceani	2051957	S	393	73	466	0.00011
Baekduia soli	496014	S	4892	1890	6782	0.00163
Conexibacter woesei	191495	S	6663	2504	9167	0.00221
Conexibacter sp. SYSU D00693	2812560	S	5216	2325	7541	0.00182
Actinomarinicola tropica	2789776	S	3612	1375	4987	0.00120
Ilumatobacter coccineus	467094	S	1637	305	1942	0.00047
Acidimicrobium ferrooxidans	53635	S	616	96	712	0.00017
Eggerthella sp. HF-1101	2690837	S	361	218	579	0.00014
Eggerthella lenta	84112	S	207	182	389	0.00009
Gordonibacter urolithinfaciens	1335613	S	182	193	375	0.00009
Gordonibacter pamelaeae	471189	S	160	188	348	0.00008
Adlercreutzia equolifaciens	446660	S	172	173	345	0.00008
Arabia massiliensis	1870985	S	315	151	466	0.00011
Berryella intestinalis	1531429	S	205	95	300	0.00007
Slackia heliotrinireducens	84110	S	150	17	167	0.00004
Denitrobacterium detoxificans	79604	S	104	24	128	0.00003
Olsenella sp. LZLJ-2	2779519	S	199	77	276	0.00007
Olsenella sp. GAM18	2109685	S	176	90	266	0.00006
Olsenella sp. oral taxon 807	712411	S	145	14	159	0.00004
Olsenella timonensis	1805478	S	347	150	497	0.00012
Olsenella umbonata	604330	S	264	100	364	0.00009
Olsenella uli	133926	S	139	30	169	0.00004
Parolsenella massiliensis	1871022	S	158	114	272	0.00007
Parolsenella catena	2003188	S	131	104	235	0.00006
Collinsella aerofaciens	74426	S	268	151	419	0.00010
Coriobacterium glomerans	33871	S	161	17	178	0.00004
Egicoccus halophilus	1670830	S	1302	496	1798	0.00043
Euzebya sp. DY32-46	1608957	S	1219	266	1485	0.00036
Egibacter rhizosphaerae	1670831	S	1161	253	1414	0.00034
Bacillus albus	2026189	S	2986	2271	5257	0.00127
Bacillus cereus	1396	S	539	8052	8591	0.00207
Bacillus thuringiensis	1428	S	304	2625	2929	0.00071
Bacillus pseudomycoides	64104	S	261	69	330	0.00008
Bacillus sp. DSL-17	2567941	S	281	93	374	0.00009
Bacillus sp. Y1	352858	S	215	62	277	0.00007
Bacillus sp. S3	486398	S	134	33	167	0.00004
Bacillus subtilis	1423	S	145	1460	1605	0.00039
Bacillus paralicheniformis	1648923	S	107	61	168	0.00004
Bacillus circulans	1397	S	313	57	370	0.00009
Bacillus dafuensis	1742359	S	121	24	145	0.00004
Bacillus marisflavi	189381	S	110	21	131	0.00003
Bacillus infantis	324767	S	102	15	117	0.00003
Bacillus safensis	561879	S	100	112	212	0.00005
Priestia megaterium	1404	S	4435	6895	11330	0.00273
Priestia filamentosa	1402861	S	836	126	962	0.00023
Cytobacillus oceanisediminis	665099	S	2430	617	3047	0.00073
Geobacillus subterraneus	129338	S	127	474	601	0.00014
Terribacillus goriensis	386490	S	793	106	899	0.00022
Metabacillus sp. KUDC1714	2745198	S	501	120	621	0.00015
Peribacillus asahii	228899	S	349	144	493	0.00012
Mesobacillus foraminis	279826	S	324	52	376	0.00009
Alkalihalobacillus clausii	79880	S	145	43	188	0.00005
Neobacillus cucumis	1740721	S	131	12	143	0.00003
Weizmannia coagulans	1398	S	133	40	173	0.00004
Paenibacillus sp. B01	2660554	S	526	538	1064	0.00026
Paenibacillus sp. UniB2	2726185	S	434	427	861	0.00021
Paenibacillus sp. RUD330	2023772	S	338	99	437	0.00011
Paenibacillus sp. 32O-W	1695218	S	211	48	259	0.00006
Paenibacillus sp. PAMC21692	2762320	S	168	26	194	0.00005
Paenibacillus sp. JDR-2	324057	S	147	30	177	0.00004
Paenibacillus sp. JZ16	1906272	S	130	215	345	0.00008
Paenibacillus mucilaginosus	61624	S	566	114	680	0.00016
Paenibacillus lycopersici	2704462	S	319	148	467	0.00011
Paenibacillus cellulositrophicus	562959	S	306	88	394	0.00009
Paenibacillus thiaminolyticus	49283	S	240	70	310	0.00007
Paenibacillus rhizovicinus	2704463	S	198	76	274	0.00007
Paenibacillus beijingensis	1126833	S	177	50	227	0.00005
Paenibacillus durus	44251	S	160	221	381	0.00009
Paenibacillus chitinolyticus	79263	S	141	39	180	0.00004
Paenibacillus xylanilyticus	248903	S	131	94	225	0.00005
Paenibacillus cellulosilyticus	375489	S	119	26	145	0.00004
Paenibacillus ihbetae	1870820	S	118	67	185	0.00004
Paenibacillus stellifer	169760	S	115	66	181	0.00004
Paenibacillus albus	2495582	S	107	25	132	0.00003
Brevibacillus sp. SCSIO 07484	2496837	S	238	47	285	0.00007
Brevibacillus sp. FJAT-54423	2796470	S	206	59	265	0.00006
Brevibacillus agri	51101	S	216	60	276	0.00007
Brevibacillus brevis	1393	S	109	89	198	0.00005
Cohnella sp. LGH	1619153	S	210	42	252	0.00006
Cohnella sp. KS 22	2598458	S	129	32	161	0.00004
Cohnella sp. MFER-1	2728023	S	117	29	146	0.00004
Cohnella candidum	2674991	S	344	84	428	0.00010
Thermobacillus composti	377615	S	477	154	631	0.00015
Saccharibacillus brassicae	2583377	S	343	86	429	0.00010
Alicyclobacillus acidocaldarius	405212	S	625	82	707	0.00017
Alicyclobacillus ferrooxydans	471514	S	151	11	162	0.00004
Tumebacillus avium	1903704	S	333	145	478	0.00012
Tumebacillus algifaecis	1214604	S	138	48	186	0.00004
Staphylospora marina	2490858	S	139	29	168	0.00004
Thermaerobacter sp. FW80	2546351	S	557	258	815	0.00020
Thermaerobacter sp. PB12/4term	2293838	S	468	232	700	0.00017
Thermaerobacter marianensis	73919	S	518	287	805	0.00019
Intestinimonas butyriciproducens	1297617	S	156	66	222	0.00005
Flintibacter sp. KGMB00164	2610895	S	107	41	148	0.00004
Faecalibacterium prausnitzii	853	S	398	407	805	0.00019
Flavonifractor plautii	292800	S	258	148	406	0.00010
Caproiciproducens sp. NJN-50	2507162	S	104	33	137	0.00003
Ethanoligenens harbinense	253239	S	186	51	237	0.00006
Oscillibacter sp. NSJ-62	2763056	S	117	64	181	0.00004
Ruthenibacterium lactatiformans	1550024	S	171	81	252	0.00006
Symbiobacterium thermophilum	2734	S	851	218	1069	0.00026
Candidatus Desulforudis audaxviator	471827	S	229	47	276	0.00007
Christensenella sp. Marseille-P3954	2086585	S	269	89	358	0.00009
Heliobacterium modesticaldum	35701	S	228	104	332	0.00008
Moorella thermoacetica	1525	S	141	24	165	0.00004
Moorella glycerini	55779	S	106	22	128	0.00003
Ammonifex degensii	42838	S	160	16	176	0.00004
Thermacetogenium phaeum	85874	S	114	67	181	0.00004
Selenomonas sp. oral taxon 126	712528	S	148	170	318	0.00008
Selenomonas sp. oral taxon 920	1884263	S	105	91	196	0.00005
Selenomonas sputigena	69823	S	217	60	277	0.00007
Megasphaera elsdenii	907	S	122	60	182	0.00004
Limnochorda pilosa	1555112	S	767	125	892	0.00022
Synechococcus sp. RSCCF101	2511069	S	258	167	425	0.00010
Synechococcus sp. CBW1004	1353136	S	255	324	579	0.00014
Synechococcus sp. CBW1107	2789857	S	235	270	505	0.00012
Synechococcus sp. LTW-R	2751170	S	173	148	321	0.00008
Synechococcus sp. JA-3-3Ab	321327	S	163	315	478	0.00012
Synechococcus sp. CB0101	232348	S	136	134	270	0.00007
Synechococcus sp. SynAce01	1916956	S	134	81	215	0.00005
Synechococcus sp. CBW1108	1353147	S	133	108	241	0.00006
Cyanobium sp. NIES-981	1851505	S	263	159	422	0.00010
Cyanobium sp. NS01	261284	S	232	143	375	0.00009
Cyanobium gracile	59930	S	330	165	495	0.00012
Leptolyngbya sp. O-77	1080068	S	127	126	253	0.00006
Leptolyngbya sp. BL0902	1115757	S	123	26	149	0.00004
Halomicronema hongdechloris	1209493	S	113	14	127	0.00003
Nostoc sp. CENA543	1869241	S	103	819	922	0.00022
Oxynema sp. AP17	2064643	S	118	61	179	0.00004
Moorea producens	1155739	S	101	26	127	0.00003
Geitlerinema sp. PCC 7407	1173025	S	226	90	316	0.00008
Gloeobacter violaceus	33072	S	560	113	673	0.00016
Gloeobacter kilaueensis	1416614	S	436	78	514	0.00012
Deinococcus sp. NW-56	2080419	S	418	120	538	0.00013
Deinococcus sp. AJ005	2652443	S	203	57	260	0.00006
Deinococcus sp. S14-83	2489213	S	184	22	206	0.00005
Deinococcus maricopensis	309887	S	611	157	768	0.00019
Deinococcus ficus	317577	S	522	131	653	0.00016
Deinococcus metallilatus	1211322	S	518	145	663	0.00016
Deinococcus gobiensis	502394	S	516	142	658	0.00016
Deinococcus actinosclerus	1768108	S	484	366	850	0.00020
Deinococcus irradiatisoli	2202254	S	422	118	540	0.00013
Deinococcus peraridilitoris	432329	S	367	44	411	0.00010
Deinococcus wulumuqiensis	980427	S	330	199	529	0.00013
Deinococcus geothermalis	68909	S	280	1711	1991	0.00048
Deinococcus swuensis	1182571	S	255	97	352	0.00008
Deinococcus radiodurans	1299	S	246	106	352	0.00008
Deinococcus deserti	310783	S	218	29	247	0.00006
Deinococcus soli Cha et al. 2016	1309411	S	213	238	451	0.00011
Deinococcus proteolyticus	55148	S	202	38	240	0.00006
Deinococcus puniceus	1182568	S	127	16	143	0.00003
Thermus thermophilus	274	S	207	548	755	0.00018
Thermus aquaticus	271	S	180	89	269	0.00006
Thermus sp. CCB_US3_UF1	1111069	S	126	47	173	0.00004
Thermus oshimai	56957	S	126	49	175	0.00004
Thermus brockianus	56956	S	115	38	153	0.00004
Meiothermus silvanus	52022	S	261	47	308	0.00007
Meiothermus taiwanensis	172827	S	190	147	337	0.00008
Meiothermus ruber	277	S	174	85	259	0.00006
Oceanithermus profundus	187137	S	752	226	978	0.00024
Marinithermus hydrothermalis	186192	S	410	109	519	0.00013
Truepera radiovictrix	332249	S	675	105	780	0.00019
Sphaerobacter thermophilus	2057	S	1571	347	1918	0.00046
Thermomicrobium roseum	500	S	495	47	542	0.00013
Roseiflexus sp. RS-1	357808	S	512	110	622	0.00015
Roseiflexus castenholzii	120962	S	461	126	587	0.00014
Chloroflexus aurantiacus	1108	S	226	0	226	0.00005
Chloroflexus aggregans	152260	S	183	102	285	0.00007
Candidatus Promineofilum breve	1806508	S	1156	195	1351	0.00033
Tepidiforma bonchosmolovskayae	2601677	S	1077	222	1299	0.00031
Anaerolinea thermophila	167964	S	322	98	420	0.00010
Anaerolinea sp. 'rifampicinis'	2710758	S	231	9	240	0.00006
Pelolinea submarina	913107	S	255	51	306	0.00007
Caldilinea aerophila	133453	S	619	111	730	0.00018
Dehalogenimonas lykanthroporepellens	552810	S	121	72	193	0.00005
Ktedonosporobacter rubrisoli	2509675	S	209	7	216	0.00005
Thermobaculum terrenum	166501	S	165	21	186	0.00004
Fimbriimonas ginsengisoli	1005039	S	806	44	850	0.00020
Chthonomonas calidirosea	454171	S	185	7	192	0.00005
Gemmata obscuriglobus	114	S	8829	2677	11506	0.00277
Gemmata massiliana	1210884	S	3362	2710	6072	0.00146
Gemmata sp. SH-PL17	1630693	S	3213	2925	6138	0.00148
Urbifossiella limnaea	2528023	S	17355	5838	23193	0.00559
Frigoriglobus tundricola	2774151	S	10349	4067	14416	0.00347
Limnoglobus roseus	2598579	S	7200	1451	8651	0.00208
Tuwongella immobilis	692036	S	836	57	893	0.00022
Lacipirellula parvula	2650471	S	4487	1381	5868	0.00141
Lacipirellula limnantheis	2528024	S	3974	1125	5099	0.00123
Pirellulimonas nuda	2528009	S	2546	731	3277	0.00079
Botrimarina mediterranea	2528022	S	2454	638	3092	0.00074
Aeoliella mucimassa	2527972	S	979	129	1108	0.00027
Bythopirellula goksoyri	1400387	S	456	37	493	0.00012
Lignipirellula cremea	2528010	S	1785	345	2130	0.00051
Anatilimnocola aggregata	2528021	S	1782	321	2103	0.00051
Stieleria maiorica	2795974	S	841	203	1044	0.00025
Stieleria neptunia	2527979	S	771	136	907	0.00022
Rosistilla oblonga	2527990	S	698	266	964	0.00023
Rosistilla carotiformis	2528017	S	322	165	487	0.00012
Pirellula staleyi	125	S	958	105	1063	0.00026
Pirellula sp. SH-Sr6A	1632865	S	230	12	242	0.00006
Bremerella volcania	2527984	S	781	152	933	0.00022
Roseimaritima ulvae	980254	S	760	125	885	0.00021
Mariniblastus fucicola	980251	S	285	16	301	0.00007
Aureliella helgolandensis	2527968	S	269	21	290	0.00007
Rhodopirellula baltica	265606	S	259	30	289	0.00007
Thermogutta terrifontis	1331910	S	319	18	337	0.00008
Tautonia plasticadhaerens	2527974	S	9948	2900	12848	0.00310
Aquisphaera giovannonii	406548	S	6765	2463	9228	0.00222
Paludisphaera borealis	1387353	S	4412	2083	6495	0.00156
Singulisphaera acidiphila	466153	S	3752	723	4475	0.00108
Isosphaera pallida	128	S	728	74	802	0.00019
Planctomyces sp. SH-PL62	1636152	S	4480	2884	7364	0.00177
Planctomyces sp. SH-PL14	1632864	S	4119	814	4933	0.00119
Caulifigura coniformis	2527983	S	3243	640	3883	0.00094
Gimesia panareensis	2527978	S	595	114	709	0.00017
Gimesia chilikensis	2605989	S	341	324	665	0.00016
Gimesia maris	122	S	262	61	323	0.00008
Gimesia algae	2527971	S	147	48	195	0.00005
Gimesia alba	2527973	S	136	36	172	0.00004
Gimesia fumaroli	2527976	S	120	34	154	0.00004
Gimesia aquarii	2527964	S	112	6	118	0.00003
Maioricimonas rarisocia	2528026	S	2038	432	2470	0.00060
Alienimonas californiensis	2527989	S	1749	398	2147	0.00052
Symmachiella dynata	2527995	S	781	65	846	0.00020
Fuerstia marisgermanicae	1891926	S	520	37	557	0.00013
Rubinisphaera brasiliensis	119	S	498	70	568	0.00014
Planctopirus ephydatiae	2528019	S	181	92	273	0.00007
Planctopirus limnophila	120	S	140	65	205	0.00005
Calycomorphotria hydatis	2528027	S	429	48	477	0.00012
Crateriforma conspicua	2527996	S	360	77	437	0.00011
Thalassoglobus polymorphus	2527994	S	213	14	227	0.00005
Polystyrenella longa	2528007	S	190	15	205	0.00005
Humisphaera borealis	2807512	S	3042	457	3499	0.00084
Phycisphaera mikurensis	547188	S	1246	333	1579	0.00038
Poriferisphaera corsica	2528020	S	105	4	109	0.00003
Anaerohalosphaera lusitana	1936003	S	148	22	170	0.00004
Opitutus terrae	107709	S	2631	415	3046	0.00073
Opitutus sp. GAS368	1882749	S	1706	640	2346	0.00057
Lacunisphaera limnophila	1838286	S	1549	571	2120	0.00051
Nibricoccus aquaticus	2576891	S	1061	164	1225	0.00030
Ereboglobus luteus	1796921	S	762	108	870	0.00021
Roseimicrobium sp. ORNL1	2711231	S	3215	391	3606	0.00087
Verrucomicrobium sp. GAS474	1882831	S	1011	211	1222	0.00029
Verrucomicrobium spinosum	2736	S	756	93	849	0.00020
Luteolibacter luteus	2728835	S	815	80	895	0.00022
Akkermansia muciniphila	239935	S	319	44	363	0.00009
Akkermansia glycaniphila	1679444	S	166	23	189	0.00005
Methylacidimicrobium sp. AP8	2730359	S	304	77	381	0.00009
Methylacidimicrobium sp. B4	2796139	S	232	70	302	0.00007
Candidatus Xiphinematobacter sp. Idaho Grape	1704307	S	123	9	132	0.00003
Kiritimatiella glycovorans	1307763	S	409	147	556	0.00013
Hymenobacter sp. PAMC 26628	1484118	S	324	212	536	0.00013
Hymenobacter sp. APR13	1356852	S	263	192	455	0.00011
Hymenobacter sp. BRD128	2675878	S	262	107	369	0.00009
Hymenobacter sp. PAMC 26554	1484116	S	254	91	345	0.00008
Hymenobacter sp. NBH84	2596915	S	203	61	264	0.00006
Hymenobacter sp. DG01	2584940	S	145	73	218	0.00005
Hymenobacter sp. S2-20-2	2761579	S	122	48	170	0.00004
Hymenobacter sp. TS19	2735321	S	113	33	146	0.00004
Hymenobacter sp. DG25B	1385664	S	106	93	199	0.00005
Hymenobacter sp. BRD67	2675877	S	100	137	237	0.00006
Hymenobacter busanensis	2607656	S	308	123	431	0.00010
Hymenobacter sedentarius	1411621	S	274	106	380	0.00009
Hymenobacter nivis	1850093	S	238	166	404	0.00010
Hymenobacter swuensis	1446467	S	196	92	288	0.00007
Hymenobacter jejuensis	2502781	S	194	52	246	0.00006
Hymenobacter russus	2724192	S	183	76	259	0.00006
Hymenobacter oligotrophus	2319843	S	167	57	224	0.00005
Hymenobacter baengnokdamensis	2615203	S	140	227	367	0.00009
Hymenobacter qilianensis	1385715	S	113	48	161	0.00004
Pontibacter pudoricolor	2694930	S	476	146	622	0.00015
Pontibacter russatus	2694929	S	416	162	578	0.00014
Pontibacter actiniarum	323450	S	240	124	364	0.00009
Pontibacter akesuensis	388950	S	174	65	239	0.00006
Pontibacter korlensis	400092	S	123	39	162	0.00004
Pontibacter sp. SGAir0037	2571030	S	116	44	160	0.00004
Rufibacter radiotolerans	1379910	S	117	48	165	0.00004
Spirosoma sp. CJU-R4	2728024	S	206	65	271	0.00007
Spirosoma sp. KUDC1026	2745947	S	131	39	170	0.00004
Spirosoma taeanense	2735870	S	163	58	221	0.00005
Spirosoma rigui	564064	S	150	48	198	0.00005
Spirosoma montaniterrae	1178516	S	132	80	212	0.00005
Dyadobacter fermentans	94254	S	593	108	701	0.00017
Dyadobacter sp. Q3-56	2747268	S	118	19	137	0.00003
Fibrella aestuarina	651143	S	250	63	313	0.00008
Fibrella sp. ES10-3-2-2	1834519	S	135	29	164	0.00004
Rhodocytophaga rosea	2704465	S	150	19	169	0.00004
Chryseolinea soli	2321403	S	929	120	1049	0.00025
Niastella koreensis	354356	S	2875	675	3550	0.00086
Chitinophaga sp. XS-30	2604421	S	326	251	577	0.00014
Chitinophaga sp. MD30	2033437	S	223	153	376	0.00009
Chitinophaga pinensis	79329	S	570	247	817	0.00020
Chitinophaga agri	2703787	S	466	201	667	0.00016
Chitinophaga alhagiae	2203219	S	185	50	235	0.00006
Flavisolibacter tropicus	1492898	S	389	111	500	0.00012
Flavisolibacter ginsenosidimutans	661481	S	386	78	464	0.00011
Paraflavitalea soli	2315862	S	607	137	744	0.00018
Pseudobacter ginsenosidimutans	661488	S	463	103	566	0.00014
Pseudocnuella soli	2502779	S	457	146	603	0.00015
Niabella soli	446683	S	176	51	227	0.00005
Niabella ginsenosidivorans	1176587	S	174	42	216	0.00005
Panacibacter ginsenosidivorans	1813871	S	218	48	266	0.00006
Lacibacter sp. S13-6-6	2760713	S	192	43	235	0.00006
Flavihumibacter sp. SB-02	2676868	S	178	50	228	0.00005
Filimonas lacunae	477680	S	151	39	190	0.00005
Robiginitalea biformata	252307	S	119	402	521	0.00013
Alistipes dispar	2585119	S	249	105	354	0.00009
Alistipes communis	2585118	S	230	167	397	0.00010
Alistipes megaguti	2364787	S	222	81	303	0.00007
Alistipes sp. dk3624	2662363	S	153	75	228	0.00005
Alistipes onderdonkii	328813	S	149	71	220	0.00005
Alistipes shahii	328814	S	146	128	274	0.00007
Alistipes finegoldii	214856	S	139	93	232	0.00006
Alistipes indistinctus	626932	S	133	60	193	0.00005
Prevotella dentalis	52227	S	103	39	142	0.00003
Sodaliphilus pleomorphus	2606626	S	128	102	230	0.00006
Tannerella sp. oral taxon HOT-286	712710	S	137	20	157	0.00004
Anseongella ginsenosidimutans	496056	S	112	158	270	0.00007
Rhodothermus marinus	29549	S	1514	383	1897	0.00046
Salinibacter ruber	146919	S	809	97	906	0.00022
Haliscomenobacter hydrossis	2350	S	131	17	148	0.00004
Chlorobaculum limnaeum	274537	S	275	110	385	0.00009
Chlorobaculum tepidum	1097	S	220	105	325	0.00008
Chlorobaculum parvum	274539	S	183	66	249	0.00006
Pelodictyon luteolum	1100	S	160	93	253	0.00006
Prosthecochloris sp. GSB1	281093	S	188	42	230	0.00006
Candidatus Cyclonatronum proteinivorum	1457365	S	121	11	132	0.00003
Gemmatirosa kalamazoonesis	861299	S	14007	3272	17279	0.00416
Gemmatimonas sp. TET16	2732249	S	2116	539	2655	0.00064
Gemmatimonas aurantiaca	173480	S	1740	460	2200	0.00053
Gemmatimonas phototrophica	1379270	S	1293	317	1610	0.00039
Granulicella sp. WH15	2602070	S	963	342	1305	0.00031
Granulicella sp. 5B5	1617967	S	672	230	902	0.00022
Granulicella mallensis	940614	S	683	162	845	0.00020
Granulicella tundricola	940615	S	559	115	674	0.00016
Terriglobus roseus	392734	S	1067	344	1411	0.00034
Terriglobus albidus	1592106	S	827	156	983	0.00024
Terriglobus saanensis	870903	S	396	93	489	0.00012
Acidobacterium capsulatum	33075	S	846	248	1094	0.00026
Acidobacterium sp. 4Y35	2763107	S	764	111	875	0.00021
Edaphobacter sp. 12200R-103	2703788	S	1079	291	1370	0.00033
Edaphobacter sp. 4G125	2763071	S	383	91	474	0.00011
Candidatus Koribacter versatilis	658062	S	1235	151	1386	0.00033
Acidisarcina polymorpha	2211140	S	629	71	700	0.00017
Candidatus Solibacter usitatus	332163	S	2888	532	3420	0.00082
Paludibaculum fermentans	1473598	S	2210	402	2612	0.00063
Luteitalea pratensis	1855912	S	16956	2565	19521	0.00470
Chloracidobacterium thermophilum	458033	S	518	48	566	0.00014
Nitrospira moscoviensis	42253	S	1520	372	1892	0.00046
Nitrospira japonica	1325564	S	954	242	1196	0.00029
Nitrospira sp. KM1	1936990	S	750	268	1018	0.00025
Candidatus Nitrospira inopinata	1715989	S	647	124	771	0.00019
Treponema brennaborense	81028	S	113	118	231	0.00006
Spirochaeta thermophila	154	S	261	42	303	0.00007
Turneriella parva	29510	S	166	6	172	0.00004
Fretibacterium fastidiosum	651822	S	243	24	267	0.00006
Aminomonas paucivorans	81412	S	191	45	236	0.00006
Thermanaerovibrio acidaminovorans	81462	S	103	40	143	0.00003
Cloacibacillus porcorum	1197717	S	164	17	181	0.00004
Jonquetella anthropi	428712	S	104	11	115	0.00003
Candidatus Bipolaricaulis anaerobius	2026885	S	241	21	262	0.00006
Thermosulfurimonas marina	2047767	S	107	44	151	0.00004
Caldithrix abyssi	187145	S	160	5	165	0.00004
Desulfurispirillum indicum	936456	S	119	19	138	0.00003
Halorubrum sp. CBA1229	1853699	S	248	94	342	0.00008
Halorubrum sp. RHB-C	2739057	S	223	134	357	0.00009
Halorubrum sp. BOL3-1	2497325	S	173	47	220	0.00005
Halorubrum sp. PV6	634157	S	166	46	212	0.00005
Halorubrum trapanicum	29284	S	193	154	347	0.00008
Halorubrum ezzemoulense	337243	S	169	67	236	0.00006
Halorubrum lacusprofundi	2247	S	142	121	263	0.00006
Halobonum sp. NJ-3-1	2743089	S	332	66	398	0.00010
Halobonum sp. Gai3-2	2743090	S	323	59	382	0.00009
Halolamina sp. CBA1230	1853690	S	299	86	385	0.00009
Salinigranum rubrum	755307	S	264	36	300	0.00007
Halopenitus persicus	1048396	S	188	34	222	0.00005
Haloplanus rubicundus	1547898	S	204	47	251	0.00006
Haloplanus rallus	1816183	S	197	79	276	0.00007
Haloplanus aerogenes	660522	S	181	38	219	0.00005
Haloferax gibbonsii	35746	S	178	242	420	0.00010
Halobellus limi	699433	S	265	81	346	0.00008
Haloprofundus sp. MHR1	2572921	S	181	38	219	0.00005
Halalkaliarchaeum desulfuricum	2055893	S	113	11	124	0.00003
Halosimplex pelagicum	869886	S	231	96	327	0.00008
Halosimplex litoreum	1198301	S	220	71	291	0.00007
Halosimplex rubrum	869889	S	216	115	331	0.00008
Natronomonas sp. YPL13	1710540	S	282	65	347	0.00008
Natronomonas sp. C90	2747817	S	120	19	139	0.00003
Natronomonas moolapensis	416273	S	124	20	144	0.00003
Haloarcula sp. JP-L23	2716717	S	166	153	319	0.00008
Halorhabdus utahensis	146826	S	125	35	160	0.00004
Halomicrobium sp. LC1Hm	2610902	S	109	208	317	0.00008
Halorientalis sp. IM1011	1932360	S	179	41	220	0.00005
Halapricum salinum	1457250	S	152	21	173	0.00004
Halobacterium hubeiense	1407499	S	236	174	410	0.00010
Halobacterium sp. DL1	751944	S	188	153	341	0.00008
Halarchaeum sp. CBA1220	1853682	S	282	55	337	0.00008
Halorussus sp. RC-68	2505977	S	126	17	143	0.00003
Salarchaeum sp. JOR-1	2599399	S	166	34	200	0.00005
Halalkalicoccus jeotgali	413810	S	140	13	153	0.00004
Haloterrigena sp. KZCA68	2816475	S	178	63	241	0.00006
Haloterrigena sp. YPL8	1699371	S	120	14	134	0.00003
Haloterrigena turkmenica	62320	S	153	61	214	0.00005
Haloterrigena salifodinae	2675099	S	137	65	202	0.00005
Haloterrigena daqingensis	588898	S	116	16	132	0.00003
Haloterrigena longa	370324	S	108	39	147	0.00004
Natrinema sp. YPL30	1710539	S	137	50	187	0.00005
Natrinema versiforme	88724	S	175	81	256	0.00006
Natrinema pellirubrum	69525	S	169	98	267	0.00006
Halovivax sp. KZCA124	2817025	S	191	25	216	0.00005
Halovivax ruber	387341	S	129	16	145	0.00004
Natrarchaeobaculum aegyptiacum	745377	S	153	35	188	0.00005
Natrarchaeobaculum sulfurireducens	2044521	S	128	23	151	0.00004
Natronococcus occultus	29288	S	239	45	284	0.00007
Halopiger xanaduensis	387343	S	218	62	280	0.00007
Halobiforma lacisalsi	229731	S	197	58	255	0.00006
Salinarchaeum sp. Harcht-Bsk1	1333523	S	194	25	219	0.00005
Natrialba magadii	13769	S	146	23	169	0.00004
Halostagnicola larsenii	353800	S	118	13	131	0.00003
Natronobacterium gregoryi	44930	S	102	18	120	0.00003
Methanoculleus bourgensis	83986	S	135	24	159	0.00004
Methanoculleus marisnigri	2198	S	133	23	156	0.00004
Methanocella paludicola	570267	S	106	8	114	0.00003
Candidatus Nitrososphaera gargensis	497727	S	1849	213	2062	0.00050
Nitrososphaera viennensis	1034015	S	506	367	873	0.00021
Candidatus Nitrososphaera evergladensis	1459637	S	390	229	619	0.00015
Candidatus Nitrosocosmicus hydrocola	1826872	S	373	167	540	0.00013
Candidatus Nitrosocosmicus franklandus	1798806	S	267	114	381	0.00009
Candidatus Nitrosocosmicus oleophilus	1353260	S	190	70	260	0.00006
Homo sapiens	9606	S	7856	574	8430	0.00203
Thermothielavioides terrestris	2587410	S	626	170	796	0.00019
Thermothelomyces thermophilus	78579	S	553	138	691	0.00017
Neurospora crassa	5141	S	341	77	418	0.00010
Pyricularia pennisetigena	1578925	S	190	45	235	0.00006
Pyricularia oryzae	318829	S	178	60	238	0.00006
Pyricularia grisea	148305	S	138	36	174	0.00004
Fusarium verticillioides	117187	S	440	171	611	0.00015
Fusarium oxysporum	5507	S	186	98	284	0.00007
Drechmeria coniospora	98403	S	369	65	434	0.00010
Pochonia chlamydosporia	280754	S	124	13	137	0.00003
Colletotrichum higginsianum	80884	S	440	202	642	0.00015
Aspergillus oryzae	5062	S	370	48	418	0.00010
Aspergillus fumigatus	746128	S	101	17	118	0.00003
Talaromyces rugulosus	121627	S	135	27	162	0.00004
Zymoseptoria tritici	1047171	S	188	15	203	0.00005
Cercospora beticola	122368	S	111	8	119	0.00003
Sporisorium graminicola	280036	S	214	79	293	0.00007
Ustilago maydis	5270	S	126	18	144	0.00003
Malassezia restricta	76775	S	128	40	168	0.00004
Besnoitia besnoiti	94643	S	303	19	322	0.00008
Neospora caninum	29176	S	181	1	182	0.00004
Toxoplasma gondii	5811	S	170	24	194	0.00005
Leishmania mexicana	5665	S	126	60	186	0.00005
Leishmania major	5664	S	109	83	192	0.00005
