name	taxonomy_id	taxonomy_lvl	kraken_assigned_reads	added_reads	new_est_reads	fraction_total_reads
Streptomyces sp. BH-MK-02	2880933	S	24885	6152	31037	0.00292
Streptomyces sp. CdTB01	1725411	S	18762	6419	25181	0.00237
Streptomyces sp. A2-16	2781734	S	15218	5845	21063	0.00198
Streptomyces sp. SN-593	659352	S	12941	3204	16145	0.00152
Streptomyces sp. CB01881	2078691	S	9264	1825	11089	0.00104
Streptomyces sp. ZYC-3	2797636	S	8268	2001	10269	0.00097
Streptomyces sp. So13.3	2136173	S	8121	1640	9761	0.00092
Streptomyces sp. 3214.6	1882757	S	8067	2878	10945	0.00103
Streptomyces sp. P3	2135430	S	7279	2212	9491	0.00089
Streptomyces sp. SCSIO 64649	2878388	S	7015	1305	8320	0.00078
Streptomyces sp. GQFP	2907545	S	6953	1423	8376	0.00079
Streptomyces sp. ST1015	1848900	S	6637	1626	8263	0.00078
Streptomyces sp. Z423-1	2730915	S	6109	2148	8257	0.00078
Streptomyces sp. NHF165	2175864	S	6008	1118	7126	0.00067
Streptomyces sp. LRE541	2931983	S	5945	1654	7599	0.00071
Streptomyces sp. SAT1	1849967	S	5794	2482	8276	0.00078
Streptomyces sp. RPA4-2	2721244	S	5712	2076	7788	0.00073
Streptomyces sp. NA02950	2742137	S	5544	1247	6791	0.00064
Streptomyces sp. WAC 01438	2203204	S	5534	2216	7750	0.00073
Streptomyces sp. NEAU-sy36	2751189	S	5500	2443	7943	0.00075
Streptomyces sp. Go 40/10	2825844	S	5355	2981	8336	0.00078
Streptomyces sp. DSM 40868	2721173	S	5353	2364	7717	0.00073
Streptomyces sp. MA3_2.13	2867410	S	5269	704	5973	0.00056
Streptomyces sp. S4.7	2705439	S	5241	2084	7325	0.00069
Streptomyces sp. SCUT-3	2684469	S	5204	2119	7323	0.00069
Streptomyces sp. 3025	2923272	S	5150	997	6147	0.00058
Streptomyces sp. MG62	2838015	S	4833	2237	7070	0.00066
Streptomyces sp. BJ20	2930049	S	4740	2274	7014	0.00066
Streptomyces sp. 891-h	2720714	S	4721	948	5669	0.00053
Streptomyces sp. JB150	2714844	S	4687	1885	6572	0.00062
Streptomyces sp. MBT27	1488356	S	4630	1532	6162	0.00058
Streptomyces sp. CMB-StM0423	2059884	S	4604	3496	8100	0.00076
Streptomyces sp. HM190	2695266	S	4555	1723	6278	0.00059
Streptomyces sp. YIM 121038	2136401	S	4538	1598	6136	0.00058
Streptomyces sp. Go-475	2072505	S	4449	2549	6998	0.00066
Streptomyces sp. RTd22	1841249	S	4420	2909	7329	0.00069
Streptomyces sp. GMY02	1333528	S	4418	870	5288	0.00050
Streptomyces sp. MG28	2865673	S	4338	2047	6385	0.00060
Streptomyces sp. MST-110588	2833628	S	4319	1163	5482	0.00052
Streptomyces sp. AMCC400023	2056258	S	4310	2363	6673	0.00063
Streptomyces sp. NA04227	2742136	S	4307	1087	5394	0.00051
Streptomyces sp. GS7	2692234	S	4239	1326	5565	0.00052
Streptomyces sp. W1SF4	2305220	S	4080	1677	5757	0.00054
Streptomyces sp. C8S0	2585716	S	3856	1206	5062	0.00048
Streptomyces sp. QHH-9511	2684468	S	3838	1204	5042	0.00047
Streptomyces sp. Rer75	2750011	S	3822	2782	6604	0.00062
Streptomyces sp. SYP-A7193	2662065	S	3754	3102	6856	0.00064
Streptomyces sp. BHT-5-2	2866715	S	3706	1372	5078	0.00048
Streptomyces sp. S1D4-11	2721246	S	3694	3960	7654	0.00072
Streptomyces sp. jing01	2726118	S	3688	2535	6223	0.00059
Streptomyces sp. 135	2838850	S	3659	1464	5123	0.00048
Streptomyces sp. CB09001	2083284	S	3609	3095	6704	0.00063
Streptomyces sp. SM18	1736046	S	3591	1197	4788	0.00045
Streptomyces sp. HP-A2021	2927875	S	3478	2434	5912	0.00056
Streptomyces sp. SirexAA-E	862751	S	3465	1248	4713	0.00044
Streptomyces sp. WAC 01529	2203205	S	3202	1377	4579	0.00043
Streptomyces sp. HSG2	2797167	S	3074	733	3807	0.00036
Streptomyces sp. Tu 2975	2676871	S	2993	1102	4095	0.00039
Streptomyces sp. WY228	2855836	S	2935	1952	4887	0.00046
Streptomyces sp. fd1-xmd	1812480	S	2896	1680	4576	0.00043
Streptomyces sp. 2323.1	1938841	S	2825	2107	4932	0.00046
Streptomyces sp. MOE7	1961713	S	2804	4181	6985	0.00066
Streptomyces sp. SUK 48	2582831	S	2770	2259	5029	0.00047
Streptomyces sp. INR7	2607753	S	2756	1943	4699	0.00044
Streptomyces sp. WAC 06738	2203210	S	2653	4646	7299	0.00069
Streptomyces sp. TN58	234612	S	2633	1622	4255	0.00040
Streptomyces sp. CCM_MD2014	1561022	S	2569	3487	6056	0.00057
Streptomyces sp. HF10	2692233	S	2399	2215	4614	0.00043
Streptomyces sp. CNQ-509	444103	S	2337	3994	6331	0.00060
Streptomyces sp. M2	646637	S	2157	23606	25763	0.00242
Streptomyces sp. AgN23	1188315	S	2149	2437	4586	0.00043
Streptomyces sp. CRSS-Y-16	2906474	S	2115	24486	26601	0.00250
Streptomyces sp. ADI95-16	1522758	S	1879	2736	4615	0.00043
Streptomyces sp. YPW6	2840373	S	1840	1178	3018	0.00028
Streptomyces sp. 769	1262452	S	1817	1761	3578	0.00034
Streptomyces sp. RPA4-5	2721245	S	1752	1408	3160	0.00030
Streptomyces sp. Mg1	465541	S	1720	2664	4384	0.00041
Streptomyces sp. EAS-AB2608	2779671	S	1630	4520	6150	0.00058
Streptomyces sp. RLB1-33	2721243	S	1457	6031	7488	0.00070
Streptomyces sp. PBH53	1577075	S	1433	3846	5279	0.00050
Streptomyces sp. S063	2005885	S	1326	1168	2494	0.00023
Streptomyces sp. ID38640	1265399	S	1317	1340	2657	0.00025
Streptomyces sp. NEAU-S7GS2	2202000	S	1306	1472	2778	0.00026
Streptomyces sp. S8	1837283	S	1251	1383	2634	0.00025
Streptomyces sp. 3211	1964449	S	1228	2755	3983	0.00037
Streptomyces sp. NA02536	2742133	S	1101	3695	4796	0.00045
Streptomyces sp. Sge12	1972846	S	1077	2976	4053	0.00038
Streptomyces sp. 11-1-2	1851167	S	1063	2615	3678	0.00035
Streptomyces sp. WA6-1-16	2879427	S	1036	1402	2438	0.00023
Streptomyces sp. XC 2026	2782004	S	1018	1089	2107	0.00020
Streptomyces rapamycinicus	1226757	S	15075	3859	18934	0.00178
Streptomyces hygroscopicus	1912	S	8777	14817	23594	0.00222
Streptomyces violaceusniger	68280	S	2392	1808	4200	0.00039
Streptomyces yatensis	155177	S	2179	1825	4004	0.00038
Streptomyces venezuelae	54571	S	23455	9758	33213	0.00312
Streptomyces cadmiisoli	2184053	S	5504	1417	6921	0.00065
Streptomyces aurantiacus	47760	S	4931	1240	6171	0.00058
Streptomyces qaidamensis	1783515	S	3379	1567	4946	0.00047
Streptomyces alboniger	132473	S	2753	1113	3866	0.00036
Streptomyces koyangensis	188770	S	1825	2103	3928	0.00037
Streptomyces bathyalis	2710756	S	16902	2663	19565	0.00184
Streptomyces durmitorensis	319947	S	14774	3277	18051	0.00170
Streptomyces lydicus	47763	S	14035	11020	25055	0.00236
Streptomyces griseorubiginosus	67304	S	13306	4665	17971	0.00169
Streptomyces armeniacus	83291	S	12058	1616	13674	0.00129
Streptomyces chartreusis	1969	S	11316	5240	16556	0.00156
Streptomyces aquilus	2548456	S	10646	3329	13975	0.00131
Streptomyces niveus	193462	S	10616	4940	15556	0.00146
Streptomyces griseus	1911	S	3600	3395	6995	0.00066
Streptomyces anulatus	1892	S	2719	3359	6078	0.00057
Streptomyces microflavus	1919	S	1263	6819	8082	0.00076
Streptomyces globisporus	1908	S	1150	10386	11536	0.00108
Streptomyces albus	1888	S	9000	5009	14009	0.00132
Streptomyces asoensis	249586	S	8560	2674	11234	0.00106
Streptomyces collinus	42684	S	8308	5583	13891	0.00131
Streptomyces bingchenggensis	379067	S	8269	1539	9808	0.00092
Streptomyces griseochromogenes	68214	S	8041	2348	10389	0.00098
Streptomyces lincolnensis	1915	S	7993	2440	10433	0.00098
Streptomyces formicae	1616117	S	7792	2627	10419	0.00098
Streptomyces seoulensis	73044	S	7528	2901	10429	0.00098
Streptomyces buecherae	2763006	S	6589	1607	8196	0.00077
Streptomyces cyaneochromogenes	2496836	S	6556	2049	8605	0.00081
Streptomyces tsukubensis	83656	S	6439	1447	7886	0.00074
Streptomyces cattleya	29303	S	6387	1755	8142	0.00077
Streptomyces griseoviridis	45398	S	6343	2090	8433	0.00079
Streptomyces spectabilis	68270	S	6329	2198	8527	0.00080
Streptomyces avermitilis	33903	S	6182	1844	8026	0.00075
Streptomyces davaonensis	348043	S	6163	1810	7973	0.00075
Streptomyces xanthii	2768069	S	6149	1852	8001	0.00075
Streptomyces ferrugineus	1413221	S	6106	2074	8180	0.00077
Streptomyces actuosus	1885	S	6023	2628	8651	0.00081
Streptomyces dengpaensis	2049881	S	5998	1728	7726	0.00073
Streptomyces capitiformicae	2014920	S	5721	964	6685	0.00063
Streptomyces broussonetiae	2686304	S	5624	1784	7408	0.00070
Streptomyces roseirectus	2768066	S	5480	1366	6846	0.00064
Streptomyces fodineus	1904616	S	5249	1986	7235	0.00068
Streptomyces antibioticus	1890	S	5247	1934	7181	0.00068
Streptomyces incarnatus	665007	S	5220	1653	6873	0.00065
Streptomyces rimosus	1927	S	5014	16724	21738	0.00204
Streptomyces calvus	67282	S	4972	2018	6990	0.00066
Streptomyces galilaeus	33899	S	4819	1681	6500	0.00061
Streptomyces roseochromogenus	285450	S	4760	1591	6351	0.00060
Streptomyces nigra	1827580	S	4759	1921	6680	0.00063
Streptomyces xinghaiensis	1038928	S	4632	1348	5980	0.00056
Streptomyces alboflavus	67267	S	4618	1325	5943	0.00056
Streptomyces ambofaciens	1889	S	4586	2801	7387	0.00069
Streptomyces dangxiongensis	1442032	S	4572	1651	6223	0.00059
Streptomyces nodosus	40318	S	4512	1160	5672	0.00053
Streptomyces paludis	2282738	S	4502	972	5474	0.00051
Streptomyces aureoverticillatus	66871	S	4497	1258	5755	0.00054
Streptomyces phaeolivaceus	2653200	S	4492	1355	5847	0.00055
Streptomyces lunaelactis	1535768	S	4489	938	5427	0.00051
Streptomyces prasinus	67345	S	4438	1465	5903	0.00056
Streptomyces liangshanensis	2717324	S	4404	1099	5503	0.00052
Streptomyces vietnamensis	362257	S	4396	1524	5920	0.00056
Streptomyces genisteinicus	2768068	S	4369	1351	5720	0.00054
Streptomyces albulus	68570	S	4359	1354	5713	0.00054
Streptomyces glaucescens	1907	S	4279	1904	6183	0.00058
Streptomyces pactum	68249	S	4265	1830	6095	0.00057
Streptomyces griseocarneus	51201	S	4205	1445	5650	0.00053
Streptomyces parvulus	146923	S	4201	1953	6154	0.00058
Streptomyces olivoreticuli	68246	S	4196	1169	5365	0.00050
Streptomyces rectiverticillatus	173860	S	4168	1314	5482	0.00052
Streptomyces clavuligerus	1901	S	4161	995	5156	0.00048
Streptomyces cyanogenus	80860	S	4157	1983	6140	0.00058
Streptomyces vinaceus	1960	S	4150	1531	5681	0.00053
Streptomyces atratus	1893	S	4130	839	4969	0.00047
Streptomyces globosus	68209	S	4091	1481	5572	0.00052
Streptomyces viridosporus	67581	S	4054	1691	5745	0.00054
Streptomyces fagopyri	2662397	S	3976	1476	5452	0.00051
Streptomyces luteoverticillatus	66425	S	3887	1265	5152	0.00048
Streptomyces chromofuscus	42881	S	3832	1536	5368	0.00050
Streptomyces ficellus	1977088	S	3823	1361	5184	0.00049
Streptomyces katrae	68223	S	3813	1451	5264	0.00050
Streptomyces tendae	1932	S	3794	1637	5431	0.00051
Streptomyces pratensis	1169025	S	3772	952	4724	0.00044
Streptomyces lavendulae	1914	S	3765	1341	5106	0.00048
Streptomyces pluripotens	1355015	S	3754	879	4633	0.00044
Streptomyces hundungensis	1077946	S	3746	1188	4934	0.00046
Streptomyces gilvosporeus	553510	S	3708	1203	4911	0.00046
Streptomyces kanamyceticus	1967	S	3689	1381	5070	0.00048
Streptomyces deccanensis	424188	S	3661	1724	5385	0.00051
Streptomyces peucetius	1950	S	3629	996	4625	0.00043
Streptomyces inhibens	2293571	S	3629	1155	4784	0.00045
Streptomyces exfoliatus	1905	S	3620	1264	4884	0.00046
Streptomyces harbinensis	1176198	S	3542	922	4464	0.00042
Streptomyces subrutilus	36818	S	3494	1318	4812	0.00045
Streptomyces coeruleorubidus	116188	S	3348	1799	5147	0.00048
Streptomyces pristinaespiralis	38300	S	3315	1398	4713	0.00044
Streptomyces angustmyceticus	285578	S	3308	1413	4721	0.00044
Streptomyces hawaiiensis	67305	S	3163	1533	4696	0.00044
Streptomyces nitrosporeus	28894	S	3060	870	3930	0.00037
Streptomyces tuirus	68278	S	3047	1670	4717	0.00044
Streptomyces finlayi	67296	S	3020	694	3714	0.00035
Streptomyces tirandamycinicus	2174846	S	3009	1025	4034	0.00038
Streptomyces mobaraensis	35621	S	2949	144944	147893	0.01391
Streptomyces gardneri	66892	S	2932	1307	4239	0.00040
Streptomyces huasconensis	1854574	S	2855	1200	4055	0.00038
Streptomyces spongiicola	1690221	S	2793	1202	3995	0.00038
Streptomyces qinzhouensis	2599401	S	2676	660	3336	0.00031
Streptomyces rutgersensis	53451	S	2670	1362	4032	0.00038
Streptomyces nojiriensis	66374	S	2668	1253	3921	0.00037
Streptomyces gobiensis	2875706	S	2628	478	3106	0.00029
Streptomyces leeuwenhoekii	1437453	S	2126	1677	3803	0.00036
Streptomyces cyaneogriseus	68192	S	2077	1817	3894	0.00037
Streptomyces auratus	114687	S	2059	1581	3640	0.00034
Streptomyces platensis	58346	S	1885	1664	3549	0.00033
Streptomyces coelicolor	1902	S	1286	17992	19278	0.00181
Streptomyces decoyicus	249567	S	1697	1084	2781	0.00026
Streptomyces antimycoticus	68175	S	1681	2124	3805	0.00036
Streptomyces lydicamycinicus	1546107	S	1460	1011	2471	0.00023
Streptomyces xiamenensis	408015	S	1167	1185	2352	0.00022
Streptomyces olivaceus	47716	S	1045	4793	5838	0.00055
Kitasatospora sp. MMS16-BH015	2018025	S	8324	2671	10995	0.00103
Kitasatospora sp. NA04385	2742135	S	7333	4018	11351	0.00107
Kitasatospora setae	2066	S	6797	3560	10357	0.00097
Kitasatospora aureofaciens	1894	S	5828	2315	8143	0.00077
Kitasatospora albolonga	68173	S	1443	1145	2588	0.00024
Yinghuangia sp. ASG 101	2896848	S	15918	2443	18361	0.00173
Streptacidiphilus sp. P02-A3a	2704468	S	5359	1570	6929	0.00065
Streptacidiphilus sp. PB12-B1b	2705012	S	4685	1767	6452	0.00061
Streptacidiphilus bronchialis	2126346	S	4397	1350	5747	0.00054
Microbacterium sp. No. 7	1714373	S	3429	1507	4936	0.00046
Microbacterium sp. 4R-513	2567934	S	2739	560	3299	0.00031
Microbacterium sp. JZ31	1906274	S	2400	703	3103	0.00029
Microbacterium sp. 10M-3C3	2483401	S	2348	1434	3782	0.00036
Microbacterium sp. SSW1-51	2851650	S	2042	853	2895	0.00027
Microbacterium sp. BH-3-3-3	1906742	S	1962	517	2479	0.00023
Microbacterium sp. YJN-G	2763257	S	1864	794	2658	0.00025
Microbacterium sp. SSW1-36	2851648	S	1798	586	2384	0.00022
Microbacterium sp. ABRD_28	2268461	S	1678	249	1927	0.00018
Microbacterium sp. H1-D42	2925844	S	1661	345	2006	0.00019
Microbacterium sp. XT11	367477	S	1656	436	2092	0.00020
Microbacterium sp. Y-01	2048898	S	1635	1122	2757	0.00026
Microbacterium sp. cx-55	2875948	S	1549	245	1794	0.00017
Microbacterium sp. PM5	2014534	S	1527	320	1847	0.00017
Microbacterium sp. A18JL241	2782166	S	1489	458	1947	0.00018
Microbacterium sp. NIBRBAC000506063	2734618	S	1485	601	2086	0.00020
Microbacterium sp. LKL04	912630	S	1413	371	1784	0.00017
Microbacterium sp. CBA3102	2603598	S	1280	607	1887	0.00018
Microbacterium sp. 1S1	2606451	S	1257	1284	2541	0.00024
Microbacterium sp. TPU 3598	1938334	S	1253	673	1926	0.00018
Microbacterium sp. Nx66	2766784	S	1005	1526	2531	0.00024
Microbacterium foliorum	104336	S	4069	895	4964	0.00047
Microbacterium hominis	162426	S	3170	11849	15019	0.00141
Microbacterium oleivorans	273677	S	3073	576	3649	0.00034
Microbacterium cremeum	2782169	S	2884	578	3462	0.00033
Microbacterium atlanticum	2782168	S	2630	549	3179	0.00030
Microbacterium resistens	156977	S	2377	412	2789	0.00026
Microbacterium lemovicicum	1072463	S	2310	493	2803	0.00026
Microbacterium sediminis	904291	S	2184	933	3117	0.00029
Microbacterium testaceum	2033	S	2112	368	2480	0.00023
Microbacterium oryzae	743009	S	2020	558	2578	0.00024
Microbacterium pygmaeum	370764	S	1884	220	2104	0.00020
Microbacterium wangchenii	2541726	S	1818	423	2241	0.00021
Microbacterium aurum	36805	S	1810	546	2356	0.00022
Microbacterium oxydans	82380	S	1767	1707	3474	0.00033
Microbacterium caowuchunii	2614638	S	1733	308	2041	0.00019
Microbacterium chocolatum	84292	S	1637	343	1980	0.00019
Microbacterium lushaniae	2614639	S	1630	389	2019	0.00019
Microbacterium luteum	2782167	S	1628	634	2262	0.00021
Microbacterium protaetiae	2509458	S	1607	325	1932	0.00018
Microbacterium esteraromaticum	57043	S	1561	346	1907	0.00018
Microbacterium hydrocarbonoxydans	273678	S	1345	254	1599	0.00015
Microbacterium schleiferi	69362	S	1117	357	1474	0.00014
Agromyces sp. H17E-10	2932244	S	3978	1221	5199	0.00049
Agromyces sp. LHK192	2498704	S	3142	853	3995	0.00038
Agromyces sp. CFWR-12	2929802	S	2401	1277	3678	0.00035
Agromyces flavus	589382	S	3412	1007	4419	0.00042
Agromyces soli	659012	S	3216	1097	4313	0.00041
Agromyces aureus	453304	S	3138	837	3975	0.00037
Agromyces protaetiae	2509455	S	2616	707	3323	0.00031
Agromyces marinus	1389020	S	2326	795	3121	0.00029
Agromyces archimandritae	2781962	S	2216	601	2817	0.00026
Agromyces intestinalis	2592652	S	2116	1067	3183	0.00030
Agromyces badenianii	2080742	S	1959	603	2562	0.00024
Agromyces laixinhei	2585717	S	1828	394	2222	0.00021
Leifsonia sp. 21MFCrub1.1	1798223	S	4999	5407	10406	0.00098
Leifsonia sp. ZF2019	2781978	S	3926	1025	4951	0.00047
Leifsonia sp. PS1209	2724914	S	3621	950	4571	0.00043
Leifsonia shinshuensis	150026	S	6396	1772	8168	0.00077
Leifsonia xyli	1575	S	2275	303	2578	0.00024
Curtobacterium sp. BH-2-1-1	1905847	S	3112	1588	4700	0.00044
Curtobacterium sp. L6-1	2841594	S	1896	781	2677	0.00025
Curtobacterium sp. YC1	2795488	S	1464	959	2423	0.00023
Curtobacterium sp. MR_MD2014	1561023	S	1455	1438	2893	0.00027
Curtobacterium sp. TC1	2862880	S	1430	1807	3237	0.00030
Curtobacterium sp. 24E2	2804758	S	1377	1850	3227	0.00030
Curtobacterium flaccumfaciens	2035	S	3341	1545	4886	0.00046
Curtobacterium luteum	33881	S	1980	690	2670	0.00025
Rathayibacter sp. VKM Ac-2759	2609252	S	3208	1182	4390	0.00041
Rathayibacter sp. VKM Ac-2760	2609253	S	2447	1490	3937	0.00037
Rathayibacter sp. VKM Ac-2804	2609257	S	1763	1538	3301	0.00031
Rathayibacter sp. VKM Ac-2801	2609255	S	1043	1940	2983	0.00028
Rathayibacter festucae	110937	S	2614	2875	5489	0.00052
Rathayibacter tanaceti	1671680	S	1550	394	1944	0.00018
Clavibacter michiganensis	28447	S	10985	9604	20589	0.00194
Clavibacter zhangzhiyongii	2768071	S	1380	691	2071	0.00019
Leucobacter sp. H25R-14	2932245	S	1812	1501	3313	0.00031
Leucobacter sp. NB 10	2873270	S	1621	839	2460	0.00023
Leucobacter sp. Psy1	2875729	S	1259	361	1620	0.00015
Leucobacter sp. CX169	2813744	S	1061	426	1487	0.00014
Leucobacter muris	1935379	S	1861	676	2537	0.00024
Leucobacter triazinivorans	1784719	S	1713	1037	2750	0.00026
Agrococcus sp. SGAir0287	2070347	S	2763	817	3580	0.00034
Agrococcus sp. Marseille-Q4369	2810513	S	2533	866	3399	0.00032
Agrococcus sp. SCSIO52902	2933290	S	2436	1157	3593	0.00034
Agrococcus jejuensis	399736	S	3123	963	4086	0.00038
Agrococcus carbonis	684552	S	2593	1150	3743	0.00035
Protaetiibacter sp. SSC-01	2759943	S	2503	909	3412	0.00032
Protaetiibacter intestinalis	2419774	S	2444	862	3306	0.00031
Protaetiibacter larvae	2592654	S	1824	569	2393	0.00023
Salinibacterium sp. ZJ450	2708338	S	1555	247	1802	0.00017
Salinibacterium sp. ZJ70	2708084	S	1548	401	1949	0.00018
Salinibacterium sp. dk2585	2603292	S	1123	203	1326	0.00012
Cryobacterium sp. LW097	1978566	S	1358	395	1753	0.00016
Cryobacterium soli	2220095	S	1125	1236	2361	0.00022
Frondihabitans sp. PAMC 28766	1795630	S	2475	329	2804	0.00026
Frondihabitans sp. 762G35	1446794	S	2096	439	2535	0.00024
Microterricola viridarii	412690	S	3878	945	4823	0.00045
Microcella flavibacter	1804990	S	2211	1024	3235	0.00030
Microcella alkaliphila	279828	S	1383	234	1617	0.00015
Cnuibacter physcomitrellae	1619308	S	2859	608	3467	0.00033
Herbiconiux sp. SALV-R1	2735133	S	2852	563	3415	0.00032
Gryllotalpicola protaetiae	2419771	S	2715	517	3232	0.00030
Frigoribacterium sp. NBH87	2596916	S	2710	784	3494	0.00033
Subtercola sp. AK-R2A1-2	2895559	S	1512	135	1647	0.00015
Humibacter sp. WJ7-1	2599293	S	2141	457	2598	0.00024
Amnibacterium sp. L3-i23	2905871	S	2102	494	2596	0.00024
Gulosibacter sediminis	1729695	S	1678	459	2137	0.00020
Marisediminicola antarctica	674079	S	1533	188	1721	0.00016
Agreia sp. COWG	2773266	S	1346	163	1509	0.00014
Diaminobutyricimonas sp. LJ205	2683590	S	1309	241	1550	0.00015
Glaciihabitans sp. INWT7	2596912	S	1266	99	1365	0.00013
Arthrobacter sp. NicSoilC5	2831000	S	21010	9254	30264	0.00285
Arthrobacter sp. FW305-BF8	2879617	S	7805	2071	9876	0.00093
Arthrobacter sp. QXT-31	1357915	S	6194	1703	7897	0.00074
Arthrobacter sp. NicSoilB11	2830999	S	2855	7816	10671	0.00100
Arthrobacter sp. StoSoilB19	2830994	S	2833	8912	11745	0.00110
Arthrobacter sp. PM3	2017685	S	2773	381	3154	0.00030
Arthrobacter sp. NicSoilB8	2830998	S	2658	661	3319	0.00031
Arthrobacter sp. KBS0702	2578107	S	2600	982	3582	0.00034
Arthrobacter sp. UKPF54-2	2600159	S	2518	1006	3524	0.00033
Arthrobacter sp. 24S4-2	2575374	S	2153	459	2612	0.00025
Arthrobacter sp. FW306-06-A	2879621	S	2148	5217	7365	0.00069
Arthrobacter sp. PGP41	2079227	S	2063	584	2647	0.00025
Arthrobacter sp. NicSoilB4	2830997	S	2057	617	2674	0.00025
Arthrobacter sp. PAMC25564	2565366	S	2055	543	2598	0.00024
Arthrobacter sp. U41	1849032	S	2044	542	2586	0.00024
Arthrobacter sp. FB24	290399	S	2044	551	2595	0.00024
Arthrobacter sp. NtRootA1	2830983	S	1853	473	2326	0.00022
Arthrobacter sp. QL17	2895818	S	1814	523	2337	0.00022
Arthrobacter sp. FW306-2-2C-D06B	2879618	S	1618	315	1933	0.00018
Arthrobacter sp. PAMC25284	2861279	S	1413	361	1774	0.00017
Arthrobacter sp. FW306-07-I	2879622	S	1361	5236	6597	0.00062
Arthrobacter sp. ERGS1:01	1704044	S	1347	320	1667	0.00016
Arthrobacter sp. FW306-05-C	2879620	S	1266	4564	5830	0.00055
Arthrobacter sp. Helios	2828862	S	1027	195	1222	0.00011
Arthrobacter agilis	37921	S	2893	527	3420	0.00032
Arthrobacter crystallopoietes	37928	S	2114	428	2542	0.00024
Arthrobacter woluwensis	156980	S	1544	374	1918	0.00018
Arthrobacter dokdonellae	2211210	S	1321	285	1606	0.00015
Arthrobacter sulfonylureivorans	2486855	S	1253	225	1478	0.00014
Pseudarthrobacter sp. NIBRBAC000502771	2590774	S	1735	5236	6971	0.00066
Pseudarthrobacter sp. NIBRBAC000502770	2590785	S	1679	4409	6088	0.00057
Pseudarthrobacter sp. BIM B-2242	2772401	S	1511	374	1885	0.00018
Pseudarthrobacter sp. L1SW	2851598	S	1428	565	1993	0.00019
Pseudarthrobacter chlorophenolicus	85085	S	1748	853	2601	0.00024
Pseudarthrobacter equi	728066	S	1547	827	2374	0.00022
Pseudarthrobacter phenanthrenivorans	361575	S	1540	702	2242	0.00021
Pseudarthrobacter psychrotolerans	2697569	S	1006	640	1646	0.00015
Sinomonas atrocyanea	37927	S	10840	3128	13968	0.00131
Sinomonas sp. R1AF57	2020377	S	3460	692	4152	0.00039
Kocuria rosea	1275	S	2606	822	3428	0.00032
Kocuria flava	446860	S	2352	1085	3437	0.00032
Kocuria turfanensis	388357	S	2185	768	2953	0.00028
Kocuria palustris	71999	S	1436	509	1945	0.00018
Kocuria rhizophila	72000	S	1133	2152	3285	0.00031
Micrococcus luteus	1270	S	3285	5626	8911	0.00084
Micrococcus sp. KD337-16	2856555	S	1273	683	1956	0.00018
Paenarthrobacter ureafaciens	37931	S	1044	2260	3304	0.00031
Rothia kristinae	37923	S	1625	867	2492	0.00023
Citricoccus sp. SGAir0253	2567881	S	2198	533	2731	0.00026
Cellulomonas sp. Y8	2591145	S	5175	2188	7363	0.00069
Cellulomonas sp. H30R-01	2704467	S	4438	1704	6142	0.00058
Cellulomonas sp. JZ18	2654191	S	3730	1567	5297	0.00050
Cellulomonas sp. C5510	2871170	S	3551	1397	4948	0.00047
Cellulomonas sp. zg-ZUI188	2819978	S	3390	927	4317	0.00041
Cellulomonas sp. zg-ZUI222	2816956	S	3032	1125	4157	0.00039
Cellulomonas sp. zg-ZUI157	2819979	S	2984	1013	3997	0.00038
Cellulomonas sp. EW123	2608402	S	2876	1654	4530	0.00043
Cellulomonas sp. PSBB021	2003551	S	2613	2013	4626	0.00044
Cellulomonas fimi	1708	S	3956	3236	7192	0.00068
Cellulomonas iranensis	76862	S	3468	1586	5054	0.00048
Cellulomonas shaoxiangyii	2566013	S	3452	1403	4855	0.00046
Cellulomonas flavigena	1711	S	3119	1154	4273	0.00040
Cellulomonas gilvus	11	S	2760	1177	3937	0.00037
Cellulomonas taurus	2729175	S	2187	689	2876	0.00027
Actinotalea sp. JY-7876	2758442	S	3562	1243	4805	0.00045
Oerskovia sp. KBS0722	1179673	S	2893	902	3795	0.00036
Pseudactinotalea sp. HY158	2654547	S	2390	339	2729	0.00026
Paraoerskovia marina	545619	S	1924	489	2413	0.00023
Janibacter melonis	262209	S	4943	1694	6637	0.00062
Janibacter limosus	53458	S	3041	846	3887	0.00037
Janibacter indicus	857417	S	1606	3852	5458	0.00051
Phycicoccus sp. HDW14	2714941	S	7114	2372	9486	0.00089
Phycicoccus endophyticus	1690220	S	5030	1492	6522	0.00061
Intrasporangium calvum	53358	S	11695	2915	14610	0.00137
Pedococcus dokdonensis	443156	S	9375	2856	12231	0.00115
Tetrasphaera sp. HKS02	1813880	S	7456	2015	9471	0.00089
Arsenicicoccus sp. oral taxon 190	1658671	S	4130	1551	5681	0.00053
Cellulosimicrobium cellulans	1710	S	6576	8731	15307	0.00144
Cellulosimicrobium sp. BI34T	2587808	S	2777	1650	4427	0.00042
Xylanimonas protaetiae	2509457	S	3110	1336	4446	0.00042
Xylanimonas cellulosilytica	186189	S	2743	958	3701	0.00035
Xylanimonas allomyrinae	2509459	S	2531	783	3314	0.00031
Isoptericola variabilis	139208	S	3435	1752	5187	0.00049
Isoptericola dokdonensis	372663	S	3201	1213	4414	0.00042
Ornithinimicrobium avium	2283195	S	3850	994	4844	0.00046
Ornithinimicrobium sp. HY006	2508882	S	2607	876	3483	0.00033
Ornithinimicrobium flavum	1288636	S	2827	895	3722	0.00035
Ornithinimicrobium ciconiae	2594265	S	2298	351	2649	0.00025
Ornithinimicrobium pratense	2593973	S	1867	535	2402	0.00023
Serinicoccus chungangensis	767452	S	2823	920	3743	0.00035
Serinicoccus hydrothermalis	1758689	S	2581	1119	3700	0.00035
Serinicoccus profundi	1078471	S	2526	868	3394	0.00032
Serinicoccus marinus	247333	S	2282	1035	3317	0.00031
Brachybacterium sp. CBA3105	2887346	S	2508	547	3055	0.00029
Brachybacterium sp. SGAir0954	2571029	S	2411	632	3043	0.00029
Brachybacterium sp. P6-10-X1	1903186	S	2009	331	2340	0.00022
Brachybacterium ginsengisoli	1331682	S	2089	568	2657	0.00025
Brachybacterium saurashtrense	556288	S	2050	544	2594	0.00024
Brachybacterium faecium	43669	S	1957	554	2511	0.00024
Brachybacterium vulturis	2017484	S	1468	494	1962	0.00018
Brachybacterium avium	2017485	S	1316	441	1757	0.00017
Brevibacterium sp. CS2	2575923	S	2157	859	3016	0.00028
Brevibacterium sp. SMBL_HHYL_HB1	2777556	S	1010	343	1353	0.00013
Brevibacterium casei	33889	S	2419	3170	5589	0.00053
Brevibacterium luteolum	199591	S	1213	486	1699	0.00016
Brevibacterium linens	1703	S	1173	1577	2750	0.00026
Dermacoccus nishinomiyaensis	1274	S	2714	1141	3855	0.00036
Dermacoccus sp. PAMC28757	2762331	S	1979	710	2689	0.00025
Luteipulveratus mongoliensis	571913	S	3818	529	4347	0.00041
Allobranchiibius sp. GilTou73	2904523	S	3105	674	3779	0.00036
Yimella sp. cx-51	2770551	S	1840	367	2207	0.00021
Georgenia yuyongxinii	2589797	S	3422	818	4240	0.00040
Georgenia sp. TF02-10	2917725	S	3386	1189	4575	0.00043
Georgenia wutianyii	2585135	S	3172	1066	4238	0.00040
Georgenia faecalis	2483799	S	3026	804	3830	0.00036
Haloactinobacterium kanbiaonis	2675754	S	3866	544	4410	0.00041
Ruania sp. LR1S40	2897774	S	1923	397	2320	0.00022
Ruania sp. M4N3S171	2897773	S	1247	175	1422	0.00013
Ruania zhangjianzhongii	2603206	S	2049	200	2249	0.00021
Ruania alkalisoli	2779775	S	1525	255	1780	0.00017
Pengzhenrongella sicca	2819238	S	4270	1161	5431	0.00051
Luteimicrobium xylanilyticum	1133546	S	3660	1089	4749	0.00045
Beutenbergia cavernae	84757	S	4500	726	5226	0.00049
Miniimonas sp. S16	2171623	S	3125	1562	4687	0.00044
Sanguibacter keddieii	60920	S	2893	839	3732	0.00035
Sanguibacter sp. HDW7	2714931	S	2573	782	3355	0.00032
Gephyromycinifex aptenodytis	2716227	S	1198	147	1345	0.00013
Kytococcus sedentarius	1276	S	2295	1351	3646	0.00034
Nocardioides sp. G188	2849501	S	78698	23939	102637	0.00965
Nocardioides sp. LMS-CY	2840457	S	13599	4460	18059	0.00170
Nocardioides sp. JS614	196162	S	12904	3853	16757	0.00158
Nocardioides sp. HDW12B	2714939	S	9856	3196	13052	0.00123
Nocardioides sp. W7	2931390	S	9123	3121	12244	0.00115
Nocardioides sp. zg-579	2663857	S	8939	4547	13486	0.00127
Nocardioides sp. TF02-7	2917724	S	8759	2822	11581	0.00109
Nocardioides sp. S-1144	2582905	S	8340	3219	11559	0.00109
Nocardioides sp. cx-173	2898796	S	8304	2867	11171	0.00105
Nocardioides sp. InS609-2	2760705	S	7563	1751	9314	0.00088
Nocardioides sp. zg-1228	2763008	S	7140	3164	10304	0.00097
Nocardioides sp. S5	2017486	S	7015	3569	10584	0.00100
Nocardioides sp. 603	2483798	S	7008	3254	10262	0.00097
Nocardioides sp. SCSIO 67246	2872154	S	7000	1852	8852	0.00083
Nocardioides sp. CF8	110319	S	5996	2508	8504	0.00080
Nocardioides sp. MC1495	2736757	S	5878	2096	7974	0.00075
Nocardioides sp. JQ2195	2592334	S	5587	1167	6754	0.00064
Nocardioides sp. zg-536	2803858	S	5209	2261	7470	0.00070
Nocardioides sp. dk884	2662361	S	4899	5390	10289	0.00097
Nocardioides sp. ZJ1313	2685869	S	4673	5187	9860	0.00093
Nocardioides sp. WS12	2486272	S	4413	783	5196	0.00049
Nocardioides sp. Kera G14	2884264	S	4256	897	5153	0.00048
Nocardioides ungokensis	1643322	S	46293	16175	62468	0.00587
Nocardioides mesophilus	433659	S	20870	6246	27116	0.00255
Nocardioides cynanchi	2558918	S	15949	3791	19740	0.00186
Nocardioides anomalus	2712223	S	12800	3867	16667	0.00157
Nocardioides dongkuii	2760089	S	8240	4107	12347	0.00116
Nocardioides okcheonensis	2894081	S	8201	3795	11996	0.00113
Nocardioides euryhalodurans	2518370	S	8001	2442	10443	0.00098
Nocardioides humi	449461	S	7886	2613	10499	0.00099
Nocardioides aromaticivorans	200618	S	7127	2702	9829	0.00092
Nocardioides aquaticus	160826	S	6943	2130	9073	0.00085
Nocardioides rotundus	1774216	S	6552	2480	9032	0.00085
Nocardioides marinisabuli	419476	S	6438	3610	10048	0.00094
Nocardioides dokdonensis	450734	S	5811	2740	8551	0.00080
Nocardioides sambongensis	2589074	S	5311	1517	6828	0.00064
Nocardioides seonyuensis	2518371	S	4675	1262	5937	0.00056
Nocardioides panacisoli	627624	S	4468	1101	5569	0.00052
Nocardioides houyundeii	2045452	S	4408	1351	5759	0.00054
Nocardioides piscis	2714938	S	4144	1594	5738	0.00054
Nocardioides daphniae	402297	S	3436	1568	5004	0.00047
Nocardioides jishulii	2575440	S	2868	1049	3917	0.00037
Nocardioides yefusunii	2500546	S	2181	641	2822	0.00027
Nocardioides baekrokdamisoli	1804624	S	2166	276	2442	0.00023
Aeromicrobium sp. Leaf245	1736306	S	3124	930	4054	0.00038
Aeromicrobium sp. zg-629	2663859	S	2452	778	3230	0.00030
Aeromicrobium sp. A1-2	2107713	S	2224	306	2530	0.00024
Aeromicrobium erythreum	2041	S	3514	1009	4523	0.00043
Aeromicrobium chenweiae	2079793	S	3462	1119	4581	0.00043
Aeromicrobium choanae	1736691	S	3218	932	4150	0.00039
Aeromicrobium yanjiei	2662028	S	3028	910	3938	0.00037
Aeromicrobium marinum	219314	S	2450	514	2964	0.00028
Marmoricola scoriae	642780	S	7931	2898	10829	0.00102
Pimelobacter simplex	2045	S	6975	2515	9490	0.00089
Friedmanniella luteola	546871	S	6166	1170	7336	0.00069
Mumia sp. ZJ1417	2708082	S	4096	700	4796	0.00045
Micropruina glycogenica	75385	S	2028	282	2310	0.00022
Microlunatus sagamiharensis	546874	S	6217	1345	7562	0.00071
Microlunatus soli	630515	S	3699	345	4044	0.00038
Microlunatus phosphovorus	29405	S	3249	363	3612	0.00034
Microlunatus elymi	2596828	S	3177	330	3507	0.00033
Microlunatus sp. Gsoil 973	2672569	S	2694	200	2894	0.00027
Tessaracoccus sp. J1M15	2829499	S	2035	570	2605	0.00024
Tessaracoccus sp. MC1865	2760310	S	1346	329	1675	0.00016
Tessaracoccus defluvii	1285901	S	1984	1167	3151	0.00030
Tessaracoccus aquimaris	1332264	S	1945	835	2780	0.00026
Tessaracoccus flavescens	399497	S	1734	1223	2957	0.00028
Tessaracoccus flavus	1610493	S	1369	935	2304	0.00022
Brevilactibacter coleopterorum	2714937	S	2807	1159	3966	0.00037
Brevilactibacter sp. MC1595	2819349	S	2505	922	3427	0.00032
Acidipropionibacterium acidipropionici	1748	S	1702	954	2656	0.00025
Acidipropionibacterium jensenii	1749	S	1527	862	2389	0.00022
Acidipropionibacterium virtanenii	2057246	S	1067	192	1259	0.00012
Propionibacterium acidifaciens	556499	S	1798	384	2182	0.00021
Propionibacterium freudenreichii	1744	S	1318	981	2299	0.00022
Propionibacterium australiense	119981	S	1273	202	1475	0.00014
Auraticoccus monumenti	675864	S	3671	636	4307	0.00041
Raineyella fluvialis	2662261	S	2164	284	2448	0.00023
Arachnia propionica	1750	S	1299	173	1472	0.00014
Kribbella flavida	182640	S	20580	4506	25086	0.00236
Kribbella qitaiheensis	1544730	S	17047	2562	19609	0.00184
Actinopolymorpha singaporensis	117157	S	10402	1112	11514	0.00108
Mycolicibacterium litorale	758802	S	4649	1399	6048	0.00057
Mycolicibacterium sp. YH-1	2908837	S	2493	1637	4130	0.00039
Mycolicibacterium smegmatis	1772	S	3686	2176	5862	0.00055
Mycolicibacterium fortuitum	1766	S	3223	1381	4604	0.00043
Mycolicibacterium madagascariense	212765	S	3133	470	3603	0.00034
Mycolicibacterium sediminis	1286180	S	3088	568	3656	0.00034
Mycolicibacterium arabiense	1286181	S	2914	446	3360	0.00032
Mycolicibacterium rutilum	370526	S	2893	947	3840	0.00036
Mycolicibacterium mageritense	53462	S	2862	542	3404	0.00032
Mycolicibacterium neoaurum	1795	S	2807	591	3398	0.00032
Mycolicibacterium chubuense	1800	S	2798	702	3500	0.00033
Mycolicibacterium phlei	1771	S	2788	986	3774	0.00035
Mycolicibacterium hassiacum	46351	S	2699	766	3465	0.00033
Mycolicibacterium septicum	98668	S	2692	2181	4873	0.00046
Mycolicibacterium phocaicum	319706	S	2662	1584	4246	0.00040
Mycolicibacterium fluoranthenivorans	258505	S	2636	351	2987	0.00028
Mycolicibacterium vaccae	1810	S	2598	535	3133	0.00029
Mycolicibacterium psychrotolerans	216929	S	2585	627	3212	0.00030
Mycolicibacterium parafortuitum	39692	S	2563	520	3083	0.00029
Mycolicibacterium chitae	1792	S	2489	611	3100	0.00029
Mycolicibacterium boenickei	146017	S	2470	3979	6449	0.00061
Mycolicibacterium rhodesiae	36814	S	2330	425	2755	0.00026
Mycolicibacterium moriokaense	39691	S	2326	296	2622	0.00025
Mycolicibacterium monacense	85693	S	2254	835	3089	0.00029
Mycolicibacterium duvalii	39688	S	2246	454	2700	0.00025
Mycolicibacterium tokaiense	39695	S	2233	370	2603	0.00024
Mycolicibacterium poriferae	39694	S	2225	515	2740	0.00026
Mycolicibacterium pulveris	36813	S	2179	386	2565	0.00024
Mycolicibacterium thermoresistibile	1797	S	2139	486	2625	0.00025
Mycolicibacterium fallax	1793	S	2116	896	3012	0.00028
Mycolicibacterium aichiense	1799	S	2116	399	2515	0.00024
Mycolicibacterium gadium	1794	S	2102	317	2419	0.00023
Mycolicibacterium aurum	1791	S	2095	278	2373	0.00022
Mycolicibacterium baixiangningiae	2761578	S	2076	348	2424	0.00023
Mycolicibacterium gilvum	1804	S	2057	902	2959	0.00028
Mycolicibacterium confluentis	28047	S	1988	305	2293	0.00022
Mycolicibacterium celeriflavum	1249101	S	1954	430	2384	0.00022
Mycolicibacterium insubricum	444597	S	1896	581	2477	0.00023
Mycolicibacterium helvum	1534349	S	1851	235	2086	0.00020
Mycolicibacterium anyangense	1431246	S	1802	307	2109	0.00020
Mycolicibacterium mucogenicum	56689	S	1772	797	2569	0.00024
Mycolicibacterium alvei	67081	S	1721	561	2282	0.00021
Mycolicibacterium mengxianglii	2736649	S	1713	186	1899	0.00018
Mycolicibacterium austroafricanum	39687	S	1674	7878	9552	0.00090
Mycobacterium doricum	126673	S	1350	332	1682	0.00016
Mycolicibacterium sarraceniae	1534348	S	1288	177	1465	0.00014
Mycobacterium sp. JS623	212767	S	4522	644	5166	0.00049
Mycobacterium sp. EPa45	1545728	S	2683	1055	3738	0.00035
Mycobacterium sp. IDR2000157661	2867005	S	2176	732	2908	0.00027
Mycobacterium sp. YC-RL4	1682113	S	1844	895	2739	0.00026
Mycobacterium sp. DL440	2675523	S	1830	644	2474	0.00023
Mycobacterium sp. DL592	2675524	S	1823	548	2371	0.00022
Mycobacterium sp. MS1601	1936029	S	1725	335	2060	0.00019
Mycobacterium sp. TY59	2775496	S	1331	590	1921	0.00018
Mycobacterium saskatchewanense	220927	S	2412	454	2866	0.00027
Mycobacterium parmense	185642	S	2176	398	2574	0.00024
Mycobacterium kubicae	120959	S	1858	318	2176	0.00020
Mycobacterium shigaense	722731	S	1716	240	1956	0.00018
Mycobacterium florentinum	292462	S	1632	347	1979	0.00019
Mycobacterium simiae	1784	S	1583	133	1716	0.00016
Mycobacterium heidelbergense	53376	S	1446	335	1781	0.00017
Mycobacterium stomatepiae	470076	S	1426	272	1698	0.00016
Mycobacterium lentiflavum	141349	S	1425	333	1758	0.00017
Mycobacterium avium	1764	S	3275	3099	6374	0.00060
Mycobacterium intracellulare	1767	S	1804	22070	23874	0.00224
Mycobacterium marseillense	701042	S	1675	408	2083	0.00020
Mycobacterium colombiense	339268	S	1642	279	1921	0.00018
Mycobacterium mantenii	560555	S	1572	190	1762	0.00017
Mycobacterium rufum	318424	S	4404	1465	5869	0.00055
Mycobacterium grossiae	1552759	S	3301	1055	4356	0.00041
Mycobacterium dioxanotrophicus	482462	S	2558	718	3276	0.00031
Mycobacterium conspicuum	44010	S	2539	307	2846	0.00027
Mycobacterium holsaticum	152142	S	2124	359	2483	0.00023
Mycobacterium diernhoferi	1801	S	2071	431	2502	0.00024
Mycobacterium goodii	134601	S	2036	918	2954	0.00028
Mycobacterium branderi	43348	S	2033	261	2294	0.00022
Mycobacterium frederiksbergense	117567	S	2011	727	2738	0.00026
Mycobacterium paragordonae	1389713	S	1975	252	2227	0.00021
Mycobacterium gordonae	1778	S	1737	159	1896	0.00018
Mycobacterium paraterrae	577492	S	1714	202	1916	0.00018
Mycobacterium cookii	1775	S	1688	168	1856	0.00017
Mycobacterium crocinum	388459	S	1590	936	2526	0.00024
Mycobacterium koreense	1069220	S	1518	494	2012	0.00019
Mycobacterium paraseoulense	590652	S	1432	284	1716	0.00016
Mycobacterium kansasii	1768	S	1398	143	1541	0.00014
Mycobacterium riyadhense	486698	S	1384	57	1441	0.00014
Mycobacterium vicinigordonae	1719132	S	1378	72	1450	0.00014
Mycobacterium heckeshornense	110505	S	1358	104	1462	0.00014
Mycobacterium lacus	169765	S	1324	96	1420	0.00013
Mycobacterium malmoense	1780	S	1323	203	1526	0.00014
Mycobacterium shinjukuense	398694	S	1317	126	1443	0.00014
Mycobacterium noviomagense	459858	S	1296	101	1397	0.00013
Mycobacterium seoulense	386911	S	1287	295	1582	0.00015
Mycobacterium virginiense	1795032	S	1231	397	1628	0.00015
Mycobacterium ostraviense	2738409	S	1208	119	1327	0.00012
Mycobacterium xenopi	1789	S	1109	138	1247	0.00012
Mycobacterium basiliense	2094119	S	1105	38	1143	0.00011
Mycolicibacter sp. MYC340	2855503	S	1174	1107	2281	0.00021
Mycolicibacter sp. MYC098	2872309	S	1023	1058	2081	0.00020
Mycolicibacter terrae	1788	S	1427	557	1984	0.00019
Mycolicibacter hiberniae	29314	S	1306	320	1626	0.00015
Mycobacteroides abscessus	36809	S	2178	1782	3960	0.00037
Mycobacteroides chelonae	1774	S	2075	2730	4805	0.00045
Mycolicibacillus parakoreensis	1069221	S	1765	601	2366	0.00022
Nocardia asteroides	1824	S	16053	5430	21483	0.00202
Nocardia nova	37330	S	10371	1439	11810	0.00111
Nocardia brasiliensis	37326	S	9457	2568	12025	0.00113
Nocardia cyriacigeorgica	135487	S	6757	2914	9671	0.00091
Nocardia terpenica	455432	S	6561	1148	7709	0.00072
Nocardia farcinica	37329	S	5052	3008	8060	0.00076
Nocardia wallacei	480035	S	4373	1263	5636	0.00053
Nocardia arthritidis	228602	S	4115	511	4626	0.00044
Nocardia gipuzkoensis	2749991	S	3822	1443	5265	0.00050
Nocardia sp. CS682	1047172	S	3252	788	4040	0.00038
Nocardia tengchongensis	2055889	S	3248	818	4066	0.00038
Nocardia otitidiscaviarum	1823	S	3205	626	3831	0.00036
Nocardia huaxiensis	2755382	S	3163	622	3785	0.00036
Nocardia yamanashiensis	209247	S	3149	628	3777	0.00036
Nocardia iowensis	204891	S	3123	686	3809	0.00036
Nocardia yunnanensis	2382165	S	3119	775	3894	0.00037
Nocardia seriolae	37332	S	3038	827	3865	0.00036
Nocardia mangyaensis	2213200	S	2824	745	3569	0.00034
Rhodococcus sp. X156	2499145	S	3146	1017	4163	0.00039
Rhodococcus sp. MTM3W5.2	1805827	S	2833	690	3523	0.00033
Rhodococcus sp. SGAir0479	2567884	S	2602	845	3447	0.00032
Rhodococcus sp. W8901	2742603	S	2453	728	3181	0.00030
Rhodococcus sp. PBTS 1	1653478	S	2251	569	2820	0.00027
Rhodococcus sp. R79	2811421	S	1515	2760	4275	0.00040
Rhodococcus sp. ABRD24	2507582	S	1436	283	1719	0.00016
Rhodococcus sp. USK10	2789739	S	1256	2398	3654	0.00034
Rhodococcus sp. B7740	1564114	S	1170	191	1361	0.00013
Rhodococcus sp. P1Y	1302308	S	1144	113	1257	0.00012
Rhodococcus opacus	37919	S	7075	14759	21834	0.00205
Rhodococcus equi	43767	S	3918	1553	5471	0.00051
Rhodococcus fascians	1828	S	3465	841	4306	0.00040
Rhodococcus rhodochrous	1829	S	2205	2112	4317	0.00041
Rhodococcus triatomae	300028	S	1932	564	2496	0.00023
Rhodococcus koreensis	99653	S	1851	1001	2852	0.00027
Rhodococcus coprophilus	38310	S	1515	264	1779	0.00017
Rhodococcus jostii	132919	S	1208	945	2153	0.00020
Rhodococcus pyridinivorans	103816	S	1131	8183	9314	0.00088
Corynebacterium cyclohexanicum	322009	S	3229	1087	4316	0.00041
Corynebacterium xerosis	1725	S	1673	2093	3766	0.00035
Corynebacterium frankenforstense	1230998	S	1654	858	2512	0.00024
Corynebacterium sphenisci	191493	S	1502	616	2118	0.00020
Corynebacterium bovis	36808	S	1500	552	2052	0.00019
Corynebacterium halotolerans	225326	S	1265	707	1972	0.00019
Corynebacterium nuruki	1032851	S	1188	546	1734	0.00016
Corynebacterium freneyi	134034	S	1155	1471	2626	0.00025
Corynebacterium vitaeruminis	38305	S	1001	585	1586	0.00015
Gordonia sp. PP30	2935861	S	2212	689	2901	0.00027
Gordonia sp. YC-JH1	2059875	S	1649	1250	2899	0.00027
Gordonia sp. KTR9	337191	S	1493	682	2175	0.00020
Gordonia sp. PDNC005	2811424	S	1321	214	1535	0.00014
Gordonia polyisoprenivorans	84595	S	3682	982	4664	0.00044
Gordonia terrae	2055	S	2556	4293	6849	0.00064
Gordonia insulae	2420509	S	2217	501	2718	0.00026
Gordonia phthalatica	1136941	S	1963	862	2825	0.00027
Gordonia bronchialis	2054	S	1920	678	2598	0.00024
Gordonia jinghuaiqii	2758710	S	1895	461	2356	0.00022
Gordonia amarae	36821	S	1794	403	2197	0.00021
Gordonia iterans	1004901	S	1740	616	2356	0.00022
Gordonia rubripertincta	36822	S	1607	2217	3824	0.00036
Gordonia pseudoamarae	2831662	S	1527	364	1891	0.00018
Gordonia otitidis	249058	S	1467	352	1819	0.00017
Gordonia zhaorongruii	2597659	S	1065	196	1261	0.00012
Skermania piniformis	39122	S	2031	235	2266	0.00021
Tsukamurella paurometabola	2061	S	3757	1790	5547	0.00052
Tsukamurella tyrosinosolvens	57704	S	3169	1367	4536	0.00043
Tsukamurella pulmonis	47312	S	2330	805	3135	0.00029
Tsukamurella sp. PLM1	2929795	S	2321	733	3054	0.00029
Dietzia sp. oral taxon 368	712270	S	1239	2164	3403	0.00032
Dietzia psychralcaliphila	139021	S	1427	396	1823	0.00017
Dietzia lutea	546160	S	1388	775	2163	0.00020
Dietzia timorensis	499555	S	1138	619	1757	0.00017
Tomitella gaofuii	2760083	S	2207	641	2848	0.00027
Tomitella fengzijianii	2597660	S	2002	626	2628	0.00025
Segniliparus rotundus	286802	S	1122	61	1183	0.00011
Amycolatopsis sp. WQ 127309	2932773	S	15101	3943	19044	0.00179
Amycolatopsis sp. Hca4	2742131	S	13921	4731	18652	0.00175
Amycolatopsis sp. DSM 110486	2865832	S	12931	2461	15392	0.00145
Amycolatopsis sp. FDAARGOS 1241	2778070	S	8213	1715	9928	0.00093
Amycolatopsis sp. CA-230715	2745196	S	6980	1013	7993	0.00075
Amycolatopsis sp. YIM 10	2653857	S	5954	1631	7585	0.00071
Amycolatopsis sp. FU40	2914159	S	5232	2189	7421	0.00070
Amycolatopsis sp. AA4	1896961	S	4615	2248	6863	0.00065
Amycolatopsis sp. BJA-103	1911175	S	3572	1333	4905	0.00046
Amycolatopsis sp. TNS106	2861750	S	2719	1488	4207	0.00040
Amycolatopsis sp. EV170708-02-1	2919322	S	2288	2082	4370	0.00041
Amycolatopsis pretoriensis	218821	S	23417	6980	30397	0.00286
Amycolatopsis mediterranei	33910	S	14301	10393	24694	0.00232
Amycolatopsis acidiphila	715473	S	8680	1752	10432	0.00098
Amycolatopsis keratiniphila	129921	S	3452	2673	6125	0.00058
Amycolatopsis japonica	208439	S	1868	1655	3523	0.00033
Amycolatopsis thermalba	944492	S	5805	2265	8070	0.00076
Amycolatopsis methanolica	1814	S	5727	2121	7848	0.00074
Amycolatopsis albispora	1804986	S	5426	2921	8347	0.00078
Amycolatopsis aidingensis	2842453	S	4512	507	5019	0.00047
Amycolatopsis orientalis	31958	S	3730	1170	4900	0.00046
Pseudonocardia sp. DSM 110487	2865833	S	30805	4250	35055	0.00330
Pseudonocardia sp. CGMCC 4.1532	2761535	S	10239	6190	16429	0.00154
Pseudonocardia sp. HH130630-07	1690815	S	6950	5370	12320	0.00116
Pseudonocardia sp. AL041005-10	445576	S	5986	4473	10459	0.00098
Pseudonocardia sp. HH130629-09	1641402	S	4728	6118	10846	0.00102
Pseudonocardia dioxanivorans	240495	S	14489	3719	18208	0.00171
Pseudonocardia broussonetiae	2736640	S	14445	4815	19260	0.00181
Pseudonocardia abyssalis	2792008	S	7938	4246	12184	0.00115
Pseudonocardia autotrophica	2074	S	7714	2056	9770	0.00092
Saccharopolyspora erythraea	1836	S	10576	3146	13722	0.00129
Saccharopolyspora gregorii	33914	S	6203	1217	7420	0.00070
Saccharopolyspora spinosa	60894	S	2868	1706	4574	0.00043
Saccharopolyspora pogona	333966	S	2381	2548	4929	0.00046
Saccharopolyspora sp. ASAGF58	2719023	S	1651	1962	3613	0.00034
Saccharothrix syringae	103733	S	8442	2810	11252	0.00106
Saccharothrix sp. 6-C	2781735	S	7085	2317	9402	0.00088
Saccharothrix espanaensis	103731	S	6611	1875	8486	0.00080
Kutzneria sp. CA-103260	2802641	S	9675	1997	11672	0.00110
Kutzneria albida	43357	S	6432	1413	7845	0.00074
Saccharomonospora marina	632569	S	3593	826	4419	0.00042
Saccharomonospora azurea	40988	S	2657	791	3448	0.00032
Saccharomonospora cyanea	40989	S	2440	887	3327	0.00031
Saccharomonospora xinjiangensis	75294	S	2058	341	2399	0.00023
Saccharomonospora glauca	40990	S	1805	645	2450	0.00023
Saccharomonospora viridis	1852	S	1600	245	1845	0.00017
Actinoalloteichus hoggarensis	1470176	S	2952	2997	5949	0.00056
Actinoalloteichus hymeniacidonis	340345	S	2259	772	3031	0.00029
Actinosynnema pretiosum	42197	S	2882	7583	10465	0.00098
Lentzea guizhouensis	1586287	S	7695	1563	9258	0.00087
Kibdelosporangium phytohabitans	860235	S	6917	798	7715	0.00073
Allokutzneria albata	211114	S	6092	1400	7492	0.00070
Alloactinosynnema sp. L-07	1653480	S	5258	1118	6376	0.00060
Prauserella marina	530584	S	3246	286	3532	0.00033
Allosaccharopolyspora coralli	2665642	S	2586	540	3126	0.00029
Micromonospora sp. WMMC415	2675222	S	4926	1725	6651	0.00063
Micromonospora sp. WMMA2032	2039870	S	3939	2418	6357	0.00060
Micromonospora sp. HM134	2583243	S	3893	1649	5542	0.00052
Micromonospora sp. B006	2201999	S	3230	2380	5610	0.00053
Micromonospora terminaliae	1914461	S	7570	3606	11176	0.00105
Micromonospora echinofusca	47858	S	7087	3013	10100	0.00095
Micromonospora carbonacea	47853	S	5747	2399	8146	0.00077
Micromonospora krabiensis	307121	S	5367	1727	7094	0.00067
Micromonospora inositola	47865	S	5302	2461	7763	0.00073
Micromonospora echinaurantiaca	47857	S	5138	2329	7467	0.00070
Micromonospora viridifaciens	1881	S	4564	1878	6442	0.00061
Micromonospora ferruginea	2749844	S	4558	2491	7049	0.00066
Micromonospora auratinigra	261654	S	4509	2243	6752	0.00063
Micromonospora purpureochromogenes	47872	S	4409	2204	6613	0.00062
Micromonospora coriariae	285665	S	4390	1477	5867	0.00055
Micromonospora coxensis	356852	S	4376	2283	6659	0.00063
Micromonospora siamensis	299152	S	4359	1967	6326	0.00059
Micromonospora echinospora	1877	S	4179	1374	5553	0.00052
Micromonospora narathiwatensis	299146	S	4064	1810	5874	0.00055
Micromonospora sagamiensis	47875	S	3770	1362	5132	0.00048
Micromonospora chokoriensis	356851	S	3738	1144	4882	0.00046
Micromonospora zamorensis	709883	S	3697	1121	4818	0.00045
Micromonospora maris	1003110	S	3640	1040	4680	0.00044
Micromonospora endophytica (Xie et al. 2001) Li et al. 2019	515350	S	3618	1039	4657	0.00044
Micromonospora rifamycinica	291594	S	3488	1489	4977	0.00047
Micromonospora craniellae	2294034	S	2932	1747	4679	0.00044
Micromonospora tulbaghiae	479978	S	2398	2515	4913	0.00046
Micromonospora aurantiaca	47850	S	1804	12375	14179	0.00133
Actinoplanes sp. L3-i22	2836373	S	16716	11321	28037	0.00264
Actinoplanes sp. N902-109	649831	S	12883	3691	16574	0.00156
Actinoplanes sp. OR16	946334	S	10779	4918	15697	0.00148
Actinoplanes friuliensis	196914	S	13587	2133	15720	0.00148
Actinoplanes ianthinogenes	122358	S	11988	4713	16701	0.00157
Actinoplanes missouriensis	1866	S	9643	3097	12740	0.00120
Actinoplanes teichomyceticus	1867	S	9286	3829	13115	0.00123
Actinoplanes derwentensis	113562	S	8497	1273	9770	0.00092
Dactylosporangium vinaceum	53362	S	21525	2318	23843	0.00224
Phytohabitans suffuscus	624315	S	9902	2368	12270	0.00115
Phytohabitans flavus	1076124	S	8118	1499	9617	0.00090
Couchioplanes caeruleus	56438	S	16827	4126	20953	0.00197
Plantactinospora sp. KBS50	2024580	S	5919	1417	7336	0.00069
Plantactinospora sp. BB1	2071627	S	1275	3585	4860	0.00046
Plantactinospora sp. BC1	2108470	S	1188	3376	4564	0.00043
Actinocatenispora thailandica	227318	S	6153	1594	7747	0.00073
Actinocatenispora sera	390989	S	5964	1626	7590	0.00071
Catellatospora sp. IY07-71	2728827	S	9953	2126	12079	0.00114
Polymorphospora rubra	338584	S	6641	1420	8061	0.00076
Natronosporangium hydrolyticum	2811111	S	3815	254	4069	0.00038
Verrucosispora sp. NA02020	2742132	S	3074	2286	5360	0.00050
Salinispora tropica	168695	S	2302	378	2680	0.00025
Actinomadura sp. WMMA1423	2591108	S	20060	5743	25803	0.00243
Actinomadura sp. NAK00032	2742128	S	14779	5037	19816	0.00186
Actinomadura sp. WMMB 499	1219491	S	11428	2619	14047	0.00132
Actinomadura verrucosospora	46165	S	28081	8110	36191	0.00340
Actinomadura madurae	1993	S	19556	5614	25170	0.00237
Actinomadura graeca	2750812	S	9615	2136	11751	0.00111
Thermomonospora amylolytica	1411117	S	6993	2533	9526	0.00090
Thermomonospora curvata	2020	S	4625	1361	5986	0.00056
Nonomuraea nitratireducens	2656914	S	11885	2553	14438	0.00136
Nonomuraea sp. ATCC 55076	1909395	S	11569	3781	15350	0.00144
Nonomuraea coxensis	404386	S	11496	3289	14785	0.00139
Nonomuraea gerenzanensis	93944	S	10197	3496	13693	0.00129
Streptosporangium roseum	2001	S	12766	3299	16065	0.00151
Streptosporangium sp. 'caverna'	2202249	S	10730	2191	12921	0.00122
Thermobispora bispora	2006	S	4733	1056	5789	0.00054
Nocardiopsis sp. MT53	2865672	S	4274	964	5238	0.00049
Nocardiopsis sp. HDS12	2831968	S	1374	1021	2395	0.00023
Nocardiopsis gilva	280236	S	3276	631	3907	0.00037
Nocardiopsis dassonvillei	2014	S	2450	2796	5246	0.00049
Nocardiopsis alba	53437	S	2428	418	2846	0.00027
Thermobifida alba	53522	S	2495	933	3428	0.00032
Thermobifida halotolerans	483545	S	2425	740	3165	0.00030
Thermobifida fusca	2021	S	1259	205	1464	0.00014
Streptomonospora litoralis	2498135	S	3518	660	4178	0.00039
Spiractinospora alimapuensis	2820884	S	2441	153	2594	0.00024
Blastococcus sp. PRF04-17	2933797	S	23259	7929	31188	0.00293
Blastococcus saxobsidens	138336	S	17537	5368	22905	0.00215
Modestobacter marinus	477641	S	18295	6369	24664	0.00232
Modestobacter sp. L9-4	2851567	S	10683	4098	14781	0.00139
Geodermatophilus obscurus	1861	S	19297	6447	25744	0.00242
Frankia inefficax	298654	S	10278	1189	11467	0.00108
Frankia sp. QA3	710111	S	3784	1418	5202	0.00049
Frankia sp. ArI3	1858	S	2957	1735	4692	0.00044
Candidatus Frankia datiscae	2716812	S	3563	591	4154	0.00039
Frankia alni	1859	S	3177	1940	5117	0.00048
Frankia casuarinae	106370	S	3038	308	3346	0.00031
Actinomyces sp. oral taxon 414	712122	S	1342	2095	3437	0.00032
Actinomyces radicidentis	111015	S	1730	2240	3970	0.00037
Actinomyces howellii	52771	S	1374	1158	2532	0.00024
Jiangella sp. DSM 45060	1798224	S	8254	2284	10538	0.00099
Jiangella alkaliphila	419479	S	7738	2058	9796	0.00092
Nakamurella multipartita	53461	S	8982	1605	10587	0.00100
Nakamurella panacisegetis	1090615	S	3021	389	3410	0.00032
Nakamurella sp. PAMC28650	2762325	S	2957	292	3249	0.00031
Bifidobacterium choerinum	35760	S	1080	938	2018	0.00019
Bifidobacterium pseudolongum	1694	S	1012	1621	2633	0.00025
Catenulispora acidiphila	304895	S	9978	1386	11364	0.00107
Jatrophihabitans telluris	2038343	S	3703	326	4029	0.00038
Jatrophihabitans sp. GAS493	1907575	S	3675	349	4024	0.00038
Stackebrandtia nassauensis	283811	S	3745	330	4075	0.00038
Kineococcus radiotolerans	131568	S	4161	1100	5261	0.00049
Epidermidibacterium keratini	1891644	S	2398	1066	3464	0.00033
Actinopolyspora erythraea	414996	S	2020	198	2218	0.00021
Acidothermus cellulolyticus	28049	S	1327	69	1396	0.00013
Conexibacter sp. SYSU D00693	2812560	S	50069	12036	62105	0.00584
Conexibacter sp. S30A1	2937800	S	12499	1342	13841	0.00130
Conexibacter sp. DBS9H8	2937801	S	12492	1201	13693	0.00129
Conexibacter woesei	191495	S	55353	9966	65319	0.00614
Miltoncostaea oceani	2843216	S	13468	2069	15537	0.00146
Miltoncostaea marina	2843215	S	13381	3456	16837	0.00158
Baekduia soli	496014	S	57335	9204	66539	0.00626
Rubrobacter xylanophilus	49319	S	6802	871	7673	0.00072
Rubrobacter marinus	2653852	S	4778	396	5174	0.00049
Rubrobacter tropicus	2653851	S	3978	280	4258	0.00040
Rubrobacter radiotolerans	42256	S	2220	270	2490	0.00023
Rubrobacter indicoceani	2051957	S	1119	82	1201	0.00011
Aquihabitans sp. Kera 3	2884263	S	11526	1787	13313	0.00125
Aquihabitans sp. G128	2849779	S	9485	1837	11322	0.00106
Iamia sp. SCSIO 61187	2722752	S	9252	1416	10668	0.00100
Actinomarinicola tropica	2789776	S	9041	1718	10759	0.00101
Ilumatobacter coccineus	467094	S	4392	264	4656	0.00044
Acidimicrobium ferrooxidans	53635	S	1659	129	1788	0.00017
Eggerthella lenta	84112	S	1214	1003	2217	0.00021
Eggerthella guodeyinii	2690837	S	1106	575	1681	0.00016
Arabiibacter massiliensis	1870985	S	1263	392	1655	0.00016
Olsenella timonensis	1805478	S	1102	533	1635	0.00015
Collinsella aerofaciens	74426	S	1010	779	1789	0.00017
Egibacter rhizosphaerae	1670831	S	4552	255	4807	0.00045
Egicoccus halophilus	1670830	S	4022	586	4608	0.00043
Euzebya pacifica	1608957	S	3890	303	4193	0.00039
Priestia megaterium	1404	S	27826	38566	66392	0.00624
Bacillus wiedmannii	1890302	S	1359	7402	8761	0.00082
[Brevibacterium] frigoritolerans	450367	S	1050	479	1529	0.00014
Neobacillus drentensis	220684	S	1633	907	2540	0.00024
Hydrogenibacillus sp. N12	2866627	S	1494	305	1799	0.00017
Paenibacillus sp. B01	2660554	S	1823	3753	5576	0.00052
Paenibacillus mucilaginosus	61624	S	1553	212	1765	0.00017
Paenibacillus albicereus	2726185	S	1540	2306	3846	0.00036
Paenibacillus lycopersici	2704462	S	1331	434	1765	0.00017
Thermobacillus composti	377615	S	1340	364	1704	0.00016
Saccharibacillus brassicae	2583377	S	1050	206	1256	0.00012
Alicyclobacillus acidocaldarius	405212	S	1609	170	1779	0.00017
Tumebacillus avium	1903704	S	1025	558	1583	0.00015
Faecalibacterium prausnitzii	853	S	1348	2437	3785	0.00036
Thermaerobacter sp. FW80	2546351	S	1832	471	2303	0.00022
Thermaerobacter sp. PB12/4term	2293838	S	1251	361	1612	0.00015
Thermaerobacter marianensis	73919	S	1548	426	1974	0.00019
Symbiobacterium thermophilum	2734	S	2122	295	2417	0.00023
Limnochorda pilosa	1555112	S	1927	89	2016	0.00019
Deinococcus sp. TS-293	2737050	S	1252	202	1454	0.00014
Deinococcus sp. NW-56	2080419	S	1118	260	1378	0.00013
Deinococcus maricopensis	309887	S	1659	196	1855	0.00017
Deinococcus gobiensis	502394	S	1658	333	1991	0.00019
Deinococcus actinosclerus	1768108	S	1611	1896	3507	0.00033
Deinococcus metallilatus	1211322	S	1545	284	1829	0.00017
Deinococcus ficus	317577	S	1514	217	1731	0.00016
Deinococcus irradiatisoli	2202254	S	1081	143	1224	0.00012
Oceanithermus profundus	187137	S	1984	241	2225	0.00021
Marinithermus hydrothermalis	186192	S	1196	251	1447	0.00014
Truepera radiovictrix	332249	S	1723	109	1832	0.00017
Gloeobacter kilaueensis	1416614	S	1106	1459	2565	0.00024
Sphaerobacter thermophilus	2057	S	5223	296	5519	0.00052
Thermomicrobium roseum	500	S	1235	23	1258	0.00012
Roseiflexus castenholzii	120962	S	1489	213	1702	0.00016
Roseiflexus sp. RS-1	357808	S	1412	191	1603	0.00015
Tepidiforma bonchosmolovskayae	2601677	S	3138	138	3276	0.00031
Candidatus Promineofilum breve	1806508	S	2815	59	2874	0.00027
Ktedonosporobacter rubrisoli	2509675	S	2231	63	2294	0.00022
Caldilinea aerophila	133453	S	1355	82	1437	0.00014
Fimbriimonas ginsengisoli	1005039	S	1866	11	1877	0.00018
Bradyrhizobium sp. 200	2782665	S	28198	6766	34964	0.00329
Bradyrhizobium sp. 170	2782641	S	23272	6407	29679	0.00279
Bradyrhizobium sp. CCBAU 051011	858422	S	13467	2524	15991	0.00150
Bradyrhizobium sp. CCBAU 53351	1325114	S	11809	5829	17638	0.00166
Bradyrhizobium sp. CCBAU 51753	1325100	S	11573	2451	14024	0.00132
Bradyrhizobium sp. 195	2782662	S	8729	3251	11980	0.00113
Bradyrhizobium sp. SK17	2057741	S	8063	2597	10660	0.00100
Bradyrhizobium sp. CCBAU 53421	1325120	S	7597	2390	9987	0.00094
Bradyrhizobium sp. 186	2782654	S	7461	2140	9601	0.00090
Bradyrhizobium sp. A19	2898149	S	7220	1234	8454	0.00079
Bradyrhizobium sp. BTAi1	288000	S	6992	1259	8251	0.00078
Bradyrhizobium sp. CCBAU 53338	1325111	S	6907	2734	9641	0.00091
Bradyrhizobium sp. ORS 278	114615	S	6795	1559	8354	0.00079
Bradyrhizobium sp. ORS 285	115808	S	6558	1491	8049	0.00076
Bradyrhizobium sp. CCBAU 53340	1325112	S	6339	2385	8724	0.00082
Bradyrhizobium sp. 1(2017)	1404888	S	5385	1689	7074	0.00067
Bradyrhizobium sp. 6(2017)	1197460	S	5345	2550	7895	0.00074
Bradyrhizobium sp. 41S5	1404443	S	4161	2792	6953	0.00065
Bradyrhizobium sp. S2-11-2	2840472	S	3964	3565	7529	0.00071
Bradyrhizobium sp. CCGE-LA001	1223566	S	3875	1436	5311	0.00050
Bradyrhizobium sp. I71	2590772	S	3616	3678	7294	0.00069
Bradyrhizobium sp. CCBAU 51765	1325102	S	3486	3634	7120	0.00067
Bradyrhizobium sp. S2-20-1	2840469	S	3349	3238	6587	0.00062
Bradyrhizobium sp. 191	2782659	S	3168	3627	6795	0.00064
Bradyrhizobium sp. S2-11-4	2840473	S	3085	3290	6375	0.00060
Bradyrhizobium sp. C-145	574727	S	1950	1870	3820	0.00036
Bradyrhizobium sp.	376	S	1630	5215	6845	0.00064
Bradyrhizobium sp. 144S4	2823807	S	1458	3678	5136	0.00048
Bradyrhizobium sp. 323S2	1404649	S	1361	3479	4840	0.00046
Bradyrhizobium sp. 192	2782660	S	1328	3229	4557	0.00043
Bradyrhizobium sp. 40	2782674	S	1326	3549	4875	0.00046
Bradyrhizobium sp. 4	2782678	S	1231	3719	4950	0.00047
Bradyrhizobium erythrophlei	1437360	S	31857	2403	34260	0.00322
Bradyrhizobium diazoefficiens	1355477	S	23684	35643	59327	0.00558
Bradyrhizobium paxllaeri	190148	S	11564	1993	13557	0.00127
Bradyrhizobium icense	1274631	S	10791	1406	12197	0.00115
Bradyrhizobium lablabi	722472	S	9769	10463	20232	0.00190
Bradyrhizobium japonicum	375	S	9500	13006	22506	0.00212
Bradyrhizobium canariense	255045	S	8788	13144	21932	0.00206
Bradyrhizobium genosp. L	83637	S	8147	1530	9677	0.00091
Bradyrhizobium arachidis	858423	S	7581	2040	9621	0.00090
Bradyrhizobium guangzhouense	1325095	S	7389	2649	10038	0.00094
Bradyrhizobium guangdongense	1325090	S	6198	2214	8412	0.00079
Bradyrhizobium oligotrophicum	44255	S	6033	985	7018	0.00066
Bradyrhizobium quebecense	2748629	S	5804	3091	8895	0.00084
Bradyrhizobium genosp. B	83627	S	5597	1118	6715	0.00063
Bradyrhizobium cosmicum	1404864	S	5355	1637	6992	0.00066
Bradyrhizobium symbiodeficiens	1404367	S	5288	7520	12808	0.00120
Bradyrhizobium vignae	1549949	S	4890	1079	5969	0.00056
Bradyrhizobium guangxiense	1325115	S	4823	1978	6801	0.00064
Bradyrhizobium septentrionale	1404411	S	4709	2702	7411	0.00070
Bradyrhizobium elkanii	29448	S	4566	12538	17104	0.00161
Bradyrhizobium amphicarpaeae	1404768	S	4262	1665	5927	0.00056
Bradyrhizobium betae	244734	S	3380	1743	5123	0.00048
Bradyrhizobium daqingense	993502	S	3080	1571	4651	0.00044
Bradyrhizobium zhanjiangense	1325107	S	1892	1793	3685	0.00035
Bradyrhizobium ottawaense	931866	S	1093	6374	7467	0.00070
Rhodopseudomonas palustris	1076	S	19772	6340	26112	0.00246
Rhodopseudomonas sp. SK50-23	340268	S	3068	591	3659	0.00034
Rhodopseudomonas boonkerdii	475937	S	2880	693	3573	0.00034
Nitrobacter hamburgensis	912	S	8050	1211	9261	0.00087
Nitrobacter winogradskyi	913	S	3045	469	3514	0.00033
Tardiphaga sp. 37S4	1404741	S	1906	5805	7711	0.00073
Tardiphaga robiniae	943830	S	1893	1190	3083	0.00029
Afipia carboxidovorans	40137	S	4997	1057	6054	0.00057
Afipia sp. GAS231	1882747	S	4193	2508	6701	0.00063
Variibacter gotjawalensis	1333996	S	5159	382	5541	0.00052
Mesorhizobium sp. B2-8-5	2589903	S	6205	2179	8384	0.00079
Mesorhizobium sp. J8	2777475	S	4732	1628	6360	0.00060
Mesorhizobium sp. 8	2584466	S	3284	748	4032	0.00038
Mesorhizobium sp. B2-1-1	2589974	S	3221	738	3959	0.00037
Mesorhizobium sp. M1B.F.Ca.ET.045.04.1.1	2493673	S	2577	1074	3651	0.00034
Mesorhizobium sp. B1-1-8	2589976	S	2453	633	3086	0.00029
Mesorhizobium sp. M2A.F.Ca.ET.043.05.1.1	2493671	S	2281	2285	4566	0.00043
Mesorhizobium sp. M1E.F.Ca.ET.045.02.1.1	2493672	S	2273	1256	3529	0.00033
Mesorhizobium sp. M1D.F.Ca.ET.043.01.1.1	2493669	S	2248	1513	3761	0.00035
Mesorhizobium sp. M1A.F.Ca.IN.022.06.1.1	2493680	S	2196	766	2962	0.00028
Mesorhizobium sp. M3A.F.Ca.ET.080.04.2.1	2493676	S	2193	700	2893	0.00027
Mesorhizobium sp. 131-2-1	2744518	S	1993	1151	3144	0.00030
Mesorhizobium sp. Pch-S	2082387	S	1975	257	2232	0.00021
Mesorhizobium sp. DCY119	2108445	S	1960	430	2390	0.00022
Mesorhizobium sp. M4B.F.Ca.ET.058.02.1.1	2493675	S	1780	810	2590	0.00024
Mesorhizobium sp. INR15	2654248	S	1775	255	2030	0.00019
Mesorhizobium sp. PAMC28654	2880934	S	1732	326	2058	0.00019
Mesorhizobium sp. M7D.F.Ca.US.005.01.1.1	2493678	S	1447	519	1966	0.00018
Mesorhizobium sp. B2-1-8	2589967	S	1418	460	1878	0.00018
Mesorhizobium sp. B4-1-4	2589888	S	1405	346	1751	0.00016
Mesorhizobium sp. L-2-11	2744521	S	1366	553	1919	0.00018
Mesorhizobium sp. M9A.F.Ca.ET.002.03.1.2	2493668	S	1320	673	1993	0.00019
Mesorhizobium sp. M6A.T.Cr.TU.016.01.1.1	2493677	S	1268	453	1721	0.00016
Mesorhizobium sp. M8A.F.Ca.ET.057.01.1.1	2493679	S	1260	521	1781	0.00017
Mesorhizobium sp. NZP2077	2483404	S	1238	435	1673	0.00016
Mesorhizobium sp. M2A.F.Ca.ET.046.03.2.1	2493674	S	1187	3895	5082	0.00048
Mesorhizobium sp. 113-3-3	2744516	S	1167	702	1869	0.00018
Mesorhizobium sp. M2A.F.Ca.ET.043.02.1.1	2493670	S	1142	3560	4702	0.00044
Mesorhizobium sp. 113-1-2	2744515	S	1104	589	1693	0.00016
Mesorhizobium sp. 113-3-9	2744517	S	1048	891	1939	0.00018
Mesorhizobium sp. M7A.F.Ce.TU.012.03.2.1	2493681	S	1018	399	1417	0.00013
Mesorhizobium opportunistum	593909	S	2123	855	2978	0.00028
Mesorhizobium terrae	2725666	S	2102	640	2742	0.00026
Mesorhizobium amorphae	71433	S	1712	391	2103	0.00020
Mesorhizobium loti	381	S	1621	13812	15433	0.00145
Mesorhizobium huakuii	28104	S	1197	926	2123	0.00020
Mesorhizobium erdmanii	1777866	S	1161	323	1484	0.00014
Mesorhizobium australicum	536018	S	1117	345	1462	0.00014
Mesorhizobium ciceri	39645	S	1089	2821	3910	0.00037
Mesorhizobium japonicum	2066070	S	1017	791	1808	0.00017
Aquibium microcysteis	675281	S	3791	1021	4812	0.00045
Aquibium oceanicum	1670800	S	2633	587	3220	0.00030
Aminobacter sp. MSH1	374606	S	1974	3321	5295	0.00050
Nitratireductor sp. SY7	2599600	S	2291	409	2700	0.00025
Nitratireductor sp. OM-1	1756988	S	1066	198	1264	0.00012
Roseitalea porphyridii	1852022	S	2053	334	2387	0.00022
Oricola thermophila	2742145	S	1411	186	1597	0.00015
Rhizobium sp. WYJ-E13	2849093	S	2738	1970	4708	0.00044
Rhizobium sp. BG4	2613770	S	2014	1639	3653	0.00034
Rhizobium sp. NXC24	2048897	S	1308	1334	2642	0.00025
Rhizobium sp. ACO-34A	1571470	S	1087	520	1607	0.00015
Rhizobium leguminosarum	384	S	7298	13853	21151	0.00199
Rhizobium etli	29449	S	1844	3433	5277	0.00050
Rhizobium jaguaris	1312183	S	1642	231	1873	0.00018
Rhizobium pseudoryzae	379684	S	1225	285	1510	0.00014
Rhizobium phaseoli	396	S	1197	3721	4918	0.00046
Rhizobium gallicum	56730	S	1107	2110	3217	0.00030
Rhizobium bangladeshense	1138189	S	1012	314	1326	0.00012
Agrobacterium tumefaciens	358	S	3374	6528	9902	0.00093
Agrobacterium vitis	373	S	1946	288	2234	0.00021
Neorhizobium galegae	399	S	3742	1136	4878	0.00046
Neorhizobium sp. NCHU2750	1825976	S	1178	374	1552	0.00015
Neorhizobium sp. SOG26	2060726	S	1001	212	1213	0.00011
Sinorhizobium fredii	380	S	4033	5737	9770	0.00092
Sinorhizobium meliloti	382	S	3151	1576	4727	0.00044
Sinorhizobium sp. BG8	2613773	S	1249	213	1462	0.00014
Sinorhizobium americanum	194963	S	1425	548	1973	0.00019
Sinorhizobium medicae	110321	S	1281	195	1476	0.00014
Ensifer adhaerens	106592	S	4102	2942	7044	0.00066
Ensifer mexicanus	375549	S	1889	297	2186	0.00021
Ensifer sp. PDNC004	2811423	S	1213	595	1808	0.00017
Ensifer alkalisoli	1752398	S	1376	289	1665	0.00016
Ensifer sojae	716925	S	1241	498	1739	0.00016
Shinella sp. HZN7	879274	S	2261	1991	4252	0.00040
Shinella sp. PSBB067	2715959	S	1899	1506	3405	0.00032
Shinella sp. XGS7	2877941	S	1545	1500	3045	0.00029
Shinella zoogloeoides	352475	S	1883	2640	4523	0.00043
Shinella oryzae	2871820	S	1087	481	1568	0.00015
Ciceribacter thiooxidans	1969821	S	1382	291	1673	0.00016
Georhizobium profundi	2341112	S	1297	274	1571	0.00015
Methylobacterium sp. WL1	2603276	S	2894	642	3536	0.00033
Methylobacterium sp. 17Sr1-1	2202826	S	2883	1539	4422	0.00042
Methylobacterium nodulans	114616	S	5880	780	6660	0.00063
Methylobacterium aquaticum	270351	S	5854	2873	8727	0.00082
Methylobacterium durans	2202825	S	4132	607	4739	0.00045
Methylobacterium tardum	374432	S	3943	1553	5496	0.00052
Methylobacterium currus	2051553	S	3789	1746	5535	0.00052
Methylobacterium radiodurans	2202828	S	3576	899	4475	0.00042
Methylobacterium mesophilicum	39956	S	3219	740	3959	0.00037
Methylobacterium brachiatum	269660	S	3028	1123	4151	0.00039
Methylobacterium terrae	2202827	S	2993	1545	4538	0.00043
Methylobacterium organophilum	410	S	2944	2621	5565	0.00052
Methylobacterium oryzae	334852	S	2872	4912	7784	0.00073
Methylobacterium indicum	1775910	S	2592	1455	4047	0.00038
Methylobacterium radiotolerans	31998	S	1122	7402	8524	0.00080
Microvirga sp. VF16	2807101	S	7150	1133	8283	0.00078
Microvirga sp. 17 mud 1-3	2082949	S	3397	725	4122	0.00039
Microvirga ossetica	1882682	S	7534	1356	8890	0.00084
Microvirga thermotolerans	2651334	S	3978	1111	5089	0.00048
Methylorubrum populi	223967	S	5020	2166	7186	0.00068
Methylorubrum extorquens	408	S	4399	6818	11217	0.00105
Methylorubrum sp. B1-46	2897334	S	1770	674	2444	0.00023
Rhodoplanes sp. Z2-YC6860	674703	S	52123	4871	56994	0.00536
Hyphomicrobium denitrificans	53399	S	7538	719	8257	0.00078
Hyphomicrobium sp. MC1	717785	S	3041	189	3230	0.00030
Hyphomicrobium nitrativorans	1427356	S	2303	183	2486	0.00023
Methyloceanibacter sp. wino2	2170729	S	1660	359	2019	0.00019
Methyloceanibacter caenitepidi	1384459	S	1653	334	1987	0.00019
Methyloligella sp. GL2	2742204	S	2362	268	2630	0.00025
Aquabacter sp. L1I39	2820278	S	2347	375	2722	0.00026
Rhodomicrobium vannielii	1069	S	1603	104	1707	0.00016
Pseudolabrys taiwanensis	331696	S	22072	3765	25837	0.00243
Pseudolabrys sp. FHR47	2562284	S	13967	2535	16502	0.00155
Starkeya sp. ORNL1	2709380	S	5487	1114	6601	0.00062
Starkeya novella	921	S	3803	1426	5229	0.00049
Xanthobacter dioxanivorans	2528964	S	3969	1369	5338	0.00050
Xanthobacter sp. YC-JY1	2419844	S	1294	1350	2644	0.00025
Xanthobacter autotrophicus	280	S	1131	1279	2410	0.00023
Ancylobacter sp. TS-1	1850374	S	2854	1170	4024	0.00038
Ancylobacter polymorphus	223390	S	2808	1369	4177	0.00039
Ancylobacter pratisalsi	1745854	S	2346	520	2866	0.00027
Labrys sp. KNU-23	2789216	S	4474	455	4929	0.00046
Azorhizobium caulinodans	7	S	2802	586	3388	0.00032
Bosea sp. AS-1	2015316	S	7261	2018	9279	0.00087
Bosea sp. ANAM02	2020412	S	4659	1512	6171	0.00058
Bosea sp. F3-2	2599640	S	4250	1200	5450	0.00051
Bosea sp. Tri-49	1867715	S	3850	803	4653	0.00044
Bosea sp. RAC05	1842539	S	3635	1059	4694	0.00044
Bosea sp. PAMC 26642	1792307	S	2688	514	3202	0.00030
Bosea vaviloviae	1526658	S	3317	740	4057	0.00038
Devosia sp. A16	1736675	S	4877	579	5456	0.00051
Devosia sp. JXJ CY 41	2917991	S	1390	258	1648	0.00016
Devosia sp. SL43	2806348	S	1284	240	1524	0.00014
Devosia sp. 1566	2499144	S	1154	127	1281	0.00012
Devosia ginsengisoli	400770	S	1504	284	1788	0.00017
Devosia beringensis	2657486	S	1324	202	1526	0.00014
Devosia salina	2860336	S	1240	438	1678	0.00016
Devosia oryziradicis	2801335	S	1144	220	1364	0.00013
Devosia rhizoryzae	2774137	S	1039	112	1151	0.00011
Youhaiella tibetensis	1447062	S	1996	417	2413	0.00023
Paradevosia shaoguanensis	1335043	S	1991	713	2704	0.00025
Aureimonas sp. SA4125	2826993	S	2408	430	2838	0.00027
Aureimonas sp. AU20	1349819	S	2373	325	2698	0.00025
Aureimonas sp. OT7	2816454	S	1141	892	2033	0.00019
Aureimonas populi	1701758	S	1949	366	2315	0.00022
Aureimonas mangrovi	2758041	S	1772	362	2134	0.00020
Aureimonas altamirensis	370622	S	1135	352	1487	0.00014
Martelella mediterranea	293089	S	1321	1058	2379	0.00022
Martelella endophytica	1486262	S	1158	374	1532	0.00014
Aurantimonas sp. HBX-1	2906072	S	3027	873	3900	0.00037
Nordella sp. HKS 07	2712222	S	7474	401	7875	0.00074
Pseudorhodoplanes sinuspersici	1235591	S	7363	524	7887	0.00074
Terrihabitans soli	708113	S	1832	199	2031	0.00019
Methylocystis bryophila	655015	S	1974	198	2172	0.00020
Methylocystis parvus	134	S	1952	230	2182	0.00021
Methylocystis heyeri	391905	S	1770	198	1968	0.00019
Methylocystis sp. SC2	187303	S	1155	426	1581	0.00015
Methylocystis rosea	173366	S	1248	1436	2684	0.00025
Methylosinus trichosporium	426	S	2792	522	3314	0.00031
Methylosinus sp. C49	2699395	S	2224	408	2632	0.00025
Phreatobacter stygius	1940610	S	5036	733	5769	0.00054
Phreatobacter cathodiphilus	1868589	S	3857	1111	4968	0.00047
Phreatobacter sp. NMCR1094	2570229	S	2967	543	3510	0.00033
Stappia indica	538381	S	3065	724	3789	0.00036
Stappia sp. ES.058	1881061	S	1474	186	1660	0.00016
Roseibium aggregatum	187304	S	1768	260	2028	0.00019
Pannonibacter phragmitetus	121719	S	2184	1489	3673	0.00035
Labrenzia sp. VG12	2021862	S	1050	130	1180	0.00011
Methylocella silvestris	199596	S	1887	232	2119	0.00020
Methylocella tundrae	227605	S	1744	183	1927	0.00018
Methylovirgula ligni	569860	S	1689	204	1893	0.00018
Methylovirgula sp. HY1	2822761	S	1349	86	1435	0.00013
Blastochloris tepida	2233851	S	3844	1299	5143	0.00048
Blastochloris viridis	1079	S	3337	918	4255	0.00040
Kaustia mangrovi	2593653	S	3577	344	3921	0.00037
Parvibaculum lavamentivorans	256618	S	1682	1180	2862	0.00027
Pyruvatibacter mobilis	1712261	S	1215	150	1365	0.00013
Chelatococcus sp. CO-6	1702325	S	3187	1870	5057	0.00048
Chelatococcus daeguensis	444444	S	1874	1098	2972	0.00028
Kaistia sp. 32K	2795690	S	4388	1066	5454	0.00051
Acuticoccus sp. I52.16.1	2928472	S	4189	459	4648	0.00044
Breoghania sp. L-A4	2304600	S	2481	323	2804	0.00026
Hartmannibacter diazotrophicus	1482074	S	2465	429	2894	0.00027
Sphingomonas sp. DM2-R-LB4	2899123	S	3413	1280	4693	0.00044
Sphingomonas sp. S8-45	2938948	S	2883	360	3243	0.00030
Sphingomonas sp. CL5.1	2653203	S	2782	950	3732	0.00035
Sphingomonas sp. AK-PDB1-5	2872652	S	2750	442	3192	0.00030
Sphingomonas sp. Cra20	1327635	S	2396	358	2754	0.00026
Sphingomonas sp. HDW15A	2714942	S	2326	196	2522	0.00024
Sphingomonas sp. AP4-R1	2735134	S	2305	296	2601	0.00024
Sphingomonas sp. MM-1	745310	S	2283	3211	5494	0.00052
Sphingomonas sp. AAP5	1523415	S	2236	567	2803	0.00026
Sphingomonas sp. LM7	1938607	S	2163	445	2608	0.00025
Sphingomonas sp. FARSPH	2219696	S	2090	1643	3733	0.00035
Sphingomonas sp. NBWT7	2596913	S	1956	672	2628	0.00025
Sphingomonas sp. PAMC26645	2565555	S	1743	517	2260	0.00021
Sphingomonas sp. S2-65	2903960	S	1737	348	2085	0.00020
Sphingomonas sp. HMP9	1517554	S	1598	633	2231	0.00021
Sphingomonas sp. KC8	1030157	S	1334	178	1512	0.00014
Sphingomonas sp. HMP6	1517551	S	1278	234	1512	0.00014
Sphingomonas lutea	1045317	S	7959	1069	9028	0.00085
Sphingomonas sediminicola	386874	S	5627	546	6173	0.00058
Sphingomonas daechungensis	1176646	S	5504	540	6044	0.00057
Sphingomonas sabuli	2764186	S	4559	589	5148	0.00048
Sphingomonas ginsengisoli An et al. 2013	363835	S	4446	625	5071	0.00048
Sphingomonas sinipercae	2714944	S	4391	614	5005	0.00047
Sphingomonas alpina	653931	S	3584	299	3883	0.00037
Sphingomonas piscis	2714943	S	3216	310	3526	0.00033
Sphingomonas profundi	2681549	S	3181	513	3694	0.00035
Sphingomonas rhizophila	2071607	S	3174	767	3941	0.00037
Sphingomonas sanxanigenens	397260	S	3045	1481	4526	0.00043
Sphingomonas taxi	1549858	S	2495	755	3250	0.00031
Sphingomonas panacis	1560345	S	2445	362	2807	0.00026
Sphingomonas hengshuiensis	1609977	S	2351	304	2655	0.00025
Sphingomonas panacisoli	1813879	S	2084	284	2368	0.00022
Sphingomonas xanthus	2594473	S	1937	402	2339	0.00022
Sphingomonas koreensis	93064	S	1878	1374	3252	0.00031
Sphingomonas changnyeongensis	2698679	S	1846	378	2224	0.00021
Sphingomonas radiodurans	2890321	S	1697	226	1923	0.00018
Sphingomonas aliaeris	2759526	S	1652	211	1863	0.00018
Sphingomonas suaedae	2599297	S	1651	215	1866	0.00018
Sphingomonas insulae	424800	S	1595	440	2035	0.00019
Sphingomonas paucimobilis	13689	S	1425	874	2299	0.00022
Sphingomonas sanguinis	33051	S	1148	924	2072	0.00019
Sphingomonas melonis	152682	S	1041	3958	4999	0.00047
Sphingobium sp. TKS	1315974	S	2798	4915	7713	0.00073
Sphingobium sp. SYK-6	627192	S	1683	525	2208	0.00021
Sphingobium sp. YG1	2082188	S	1070	571	1641	0.00015
Sphingobium sp. CAP-1	2676077	S	1054	832	1886	0.00018
Sphingobium yanoikuyae	13690	S	2105	5933	8038	0.00076
Sphingobium indicum	332055	S	1556	1613	3169	0.00030
Sphingobium chlorophenolicum	46429	S	1427	774	2201	0.00021
Sphingobium amiense	135719	S	1165	1682	2847	0.00027
Sphingobium phenoxybenzoativorans	1592790	S	1091	505	1596	0.00015
Sphingopyxis sp. QXT-31	1357916	S	1671	455	2126	0.00020
Sphingopyxis sp. YF1	2482763	S	1650	399	2049	0.00019
Sphingopyxis sp. OPL5	2486273	S	1540	293	1833	0.00017
Sphingopyxis sp. BSN-002	2911495	S	1326	244	1570	0.00015
Sphingopyxis sp. PAMC25046	2565556	S	1223	606	1829	0.00017
Sphingopyxis sp. 113P3	292913	S	1183	474	1657	0.00016
Sphingopyxis sp. FD7	1914525	S	1073	477	1550	0.00015
Sphingopyxis macrogoltabida	33050	S	3132	1717	4849	0.00046
Sphingopyxis terrae	33052	S	1481	964	2445	0.00023
Sphingopyxis lindanitolerans	2054227	S	1337	724	2061	0.00019
Sphingopyxis granuli	267128	S	1171	3490	4661	0.00044
Sphingopyxis fribergensis	1515612	S	1143	501	1644	0.00015
Novosphingobium sp. Sx8-5	2896849	S	2140	591	2731	0.00026
Novosphingobium sp. Gsoil 351	2675225	S	1693	176	1869	0.00018
Novosphingobium sp. EMRT-2	2571749	S	1683	1186	2869	0.00027
Novosphingobium sp. P6W	1609758	S	1597	385	1982	0.00019
Novosphingobium resinovorum	158500	S	2107	1368	3475	0.00033
Novosphingobium decolorationis	2698673	S	1450	937	2387	0.00022
Novosphingobium aromaticivorans	48935	S	1445	1107	2552	0.00024
Rhizorhabdus wittichii	160791	S	3817	2389	6206	0.00058
Rhizorhabdus dicambivorans	1850238	S	2242	1909	4151	0.00039
Rhizorhabdus phycosphaerae	2711156	S	1681	216	1897	0.00018
Sphingosinithalassobacter sp. CS137	2762748	S	1698	401	2099	0.00020
Sphingosinithalassobacter tenebrarum	2711215	S	1358	505	1863	0.00018
Allosphingosinicella indica	941907	S	2307	314	2621	0.00025
Parasphingopyxis algicola	2026624	S	1495	110	1605	0.00015
Hankyongella ginsenosidimutans	1763828	S	1255	270	1525	0.00014
Tardibacter chloracetimidivorans	1921510	S	1090	924	2014	0.00019
Erythrobacter sp. HL-111	1798193	S	1300	923	2223	0.00021
Erythrobacter litoralis	39960	S	1700	1028	2728	0.00026
Porphyrobacter sp. CACIAM 03H1	2003315	S	1388	573	1961	0.00018
Qipengyuania flava	192812	S	1901	1904	3805	0.00036
Croceicoccus marinus	450378	S	1605	1233	2838	0.00027
Altererythrobacter sp. B11	2060312	S	1178	796	1974	0.00019
Tsuneonella amylolytica	2338327	S	1184	427	1611	0.00015
Tsuneonella dongtanensis	692370	S	1137	272	1409	0.00013
Sphingosinicella sp. BN140058	1892855	S	3251	332	3583	0.00034
Sphingosinicella microcystinivorans	335406	S	1406	206	1612	0.00015
Sphingosinicella flava	2771430	S	1269	207	1476	0.00014
Polymorphobacter sp. PAMC 29362	2835787	S	1174	735	1909	0.00018
Polymorphobacter sp. PAMC 29334	2862331	S	1081	699	1780	0.00017
Sandaracinobacter sp. M6	2759707	S	1445	109	1554	0.00015
Azospirillum sp. B510	137722	S	2225	776	3001	0.00028
Azospirillum sp. TSH100	652764	S	1929	831	2760	0.00026
Azospirillum sp. TSA2s	709810	S	1840	1319	3159	0.00030
Azospirillum sp. TSH58	664962	S	1360	1709	3069	0.00029
Azospirillum brasilense	192	S	7034	5829	12863	0.00121
Azospirillum thermophilum	2202148	S	4407	966	5373	0.00051
Azospirillum thiophilum	528244	S	2760	857	3617	0.00034
Azospirillum ramasamyi	682998	S	1665	911	2576	0.00024
Azospirillum humicireducens	1226968	S	1413	780	2193	0.00021
Azospirillum lipoferum	193	S	1335	933	2268	0.00021
Azospirillum oryzae	286727	S	1307	1069	2376	0.00022
Skermanella mucosa	1789672	S	2710	1644	4354	0.00041
Skermanella sp. TT6	2775420	S	2541	2337	4878	0.00046
Skermanella rosea	1817965	S	2295	1820	4115	0.00039
Skermanella pratensis	2233999	S	2076	1011	3087	0.00029
Nitrospirillum amazonense	28077	S	3012	333	3345	0.00031
Indioceanicola profundi	2220096	S	2176	283	2459	0.00023
Niveispirillum cyanobacteriorum	1612173	S	1155	120	1275	0.00012
Roseomonas sp. OT10	2897332	S	4973	1387	6360	0.00060
Roseomonas sp. S08	1750527	S	4570	314	4884	0.00046
Roseomonas gilardii	257708	S	4007	4481	8488	0.00080
Roseomonas haemaphysalidis	2768162	S	3445	479	3924	0.00037
Roseomonas marmotae	2768161	S	2808	407	3215	0.00030
Rhodovastum atsumiense	504468	S	5945	668	6613	0.00062
Komagataeibacter xylinus	28448	S	1124	2825	3949	0.00037
Roseococcus microcysteis	2771361	S	3073	321	3394	0.00032
Acidibrevibacterium fodinaquatile	1969806	S	2621	242	2863	0.00027
Sediminicoccus rosea	1225128	S	2556	149	2705	0.00025
Lichenicola cladoniae	1484109	S	2531	135	2666	0.00025
Gluconacetobacter diazotrophicus	33996	S	1576	434	2010	0.00019
Granulibacter bethesdensis	364410	S	1032	104	1136	0.00011
Hypericibacter adhaerens	2602016	S	5652	914	6566	0.00062
Hypericibacter terrae	2602015	S	5229	657	5886	0.00055
Magnetospirillum sp. XM-1	1663591	S	1353	438	1791	0.00017
Magnetospirillum sp. ME-1	1639348	S	1225	430	1655	0.00016
Magnetospirillum gryphiswaldense	55518	S	1607	134367	135974	0.01279
Magnetospirillum magneticum	84159	S	1412	152	1564	0.00015
Rhodospirillum centenum	34018	S	2720	385	3105	0.00029
Rhodospirillum rubrum	1085	S	1488	115	1603	0.00015
Tistrella mobilis	171437	S	3139	1427	4566	0.00043
Ferrovibrio terrae	2594003	S	2198	140	2338	0.00022
Defluviicoccus vanus	111831	S	1640	148	1788	0.00017
Stella humosa	94	S	6280	438	6718	0.00063
Elioraea tepida	2843330	S	3166	163	3329	0.00031
Paracoccus sp. MC1862	2760307	S	1075	134	1209	0.00011
Paracoccus sp. MA	2895796	S	1015	678	1693	0.00016
Paracoccus sanguinis	1545044	S	1765	495	2260	0.00021
Paracoccus yeei	147645	S	1451	2700	4151	0.00039
Paracoccus liaowanqingii	2560053	S	1324	164	1488	0.00014
Paracoccus denitrificans	266	S	1314	714	2028	0.00019
Paracoccus zhejiangensis	1077935	S	1192	311	1503	0.00014
Paracoccus aminovorans	34004	S	1136	354	1490	0.00014
Paracoccus pantotrophus	82367	S	1097	730	1827	0.00017
Cereibacter sphaeroides	1063	S	3954	3311	7265	0.00068
Rhodobacter sp. CZR27	2033869	S	1570	451	2021	0.00019
Rhodobacter sp. N10	2807096	S	1236	142	1378	0.00013
Rhodobacter sp. LPB0142	1850250	S	1212	879	2091	0.00020
Rhodobacter capsulatus	1061	S	1595	309	1904	0.00018
Rhodovulum sulfidophilum	35806	S	1292	924	2216	0.00021
Paroceanicella profunda	2579971	S	2540	757	3297	0.00031
Polymorphum gilvum	991904	S	2537	625	3162	0.00030
Pikeienuella piscinae	2748098	S	1787	172	1959	0.00018
Pontivivens ytuae	2789856	S	1661	132	1793	0.00017
Pelagovum pacificum	2588711	S	1452	191	1643	0.00015
Silicimonas algicola	1826607	S	1353	83	1436	0.00014
Frigidibacter mobilis	1335048	S	1240	544	1784	0.00017
Pukyongiella litopenaei	2605946	S	1209	334	1543	0.00015
Brevirhabdus pacifica	1267768	S	1018	574	1592	0.00015
Roseovarius sp. SCSIO 43702	2823043	S	1150	907	2057	0.00019
Roseovarius indicus	540747	S	1574	979	2553	0.00024
Salipiger profundus	1229727	S	1805	998	2803	0.00026
Salipiger abyssi	1250539	S	1425	685	2110	0.00020
Salipiger sp. CCB-MM3	1792508	S	1308	224	1532	0.00014
Roseivivax marinus	1379903	S	1708	344	2052	0.00019
Celeribacter indicus	1208324	S	1420	877	2297	0.00022
Sulfitobacter pseudonitzschiae	1402135	S	1084	520	1604	0.00015
Sagittula sp. P11	2009329	S	1571	865	2436	0.00023
Yangia pacifica	311180	S	1527	320	1847	0.00017
Ponticoccus alexandrii	1943633	S	1218	226	1444	0.00014
Mameliella alba	561184	S	1166	283	1449	0.00014
Caulobacter sp. S6	2823693	S	3894	400	4294	0.00040
Caulobacter sp. FWC26	69665	S	1385	457	1842	0.00017
Caulobacter segnis	88688	S	4682	1284	5966	0.00056
Caulobacter mirabilis	69666	S	3213	546	3759	0.00035
Caulobacter flavus	1679497	S	3060	692	3752	0.00035
Caulobacter vibrioides	155892	S	2878	2572	5450	0.00051
Caulobacter rhizosphaerae	2010972	S	2778	610	3388	0.00032
Caulobacter soli	2708539	S	2608	624	3232	0.00030
Caulobacter henricii	69395	S	1195	165	1360	0.00013
Brevundimonas sp. LM2	1938605	S	1245	759	2004	0.00019
Brevundimonas sp. PAMC22021	2861285	S	1116	1044	2160	0.00020
Brevundimonas sp. M20	2591463	S	1113	386	1499	0.00014
Brevundimonas naejangsanensis	588932	S	2105	1997	4102	0.00039
Brevundimonas goettingensis	2774190	S	1432	444	1876	0.00018
Brevundimonas albigilva	1312364	S	1287	1471	2758	0.00026
Brevundimonas subvibrioides	74313	S	1156	466	1622	0.00015
Phenylobacterium zucineum	284016	S	6240	1233	7473	0.00070
Phenylobacterium parvum	2201350	S	1817	196	2013	0.00019
Terricaulis silvestris	2686094	S	1354	46	1400	0.00013
Marinicauda algicola	2029849	S	1851	311	2162	0.00020
Burkholderia multivorans	87883	S	5191	16064	21255	0.00200
Burkholderia ubonensis	101571	S	5166	3225	8391	0.00079
Burkholderia cenocepacia	95486	S	4357	25698	30055	0.00283
Burkholderia cepacia	292	S	3631	5328	8959	0.00084
Burkholderia pyrrocinia	60550	S	2305	1366	3671	0.00035
Burkholderia contaminans	488447	S	2050	1298	3348	0.00031
Burkholderia ambifaria	152480	S	2009	3080	5089	0.00048
Burkholderia stagnalis	1503054	S	1747	618	2365	0.00022
Burkholderia stabilis	95485	S	1706	1263	2969	0.00028
Burkholderia anthina	179879	S	1689	1722	3411	0.00032
Burkholderia lata	482957	S	1559	1372	2931	0.00028
Burkholderia dolosa	152500	S	1417	826	2243	0.00021
Burkholderia territorii	1503055	S	1301	672	1973	0.00019
Burkholderia seminalis	488731	S	1079	519	1598	0.00015
Burkholderia pseudomallei	28450	S	2343	23471	25814	0.00243
Burkholderia mayonis	1385591	S	1669	391	2060	0.00019
Burkholderia thailandensis	57975	S	1614	3380	4994	0.00047
Burkholderia oklahomensis	342113	S	1127	465	1592	0.00015
Burkholderia sp. DHOD12	2571746	S	2484	1000	3484	0.00033
Burkholderia sp. Bp7605	1740163	S	1347	937	2284	0.00021
Burkholderia gladioli	28095	S	6301	2183	8484	0.00080
Burkholderia glumae	337	S	2206	903	3109	0.00029
Burkholderia plantarii	41899	S	1836	774	2610	0.00025
Burkholderia perseverans	2615214	S	1547	704	2251	0.00021
Paraburkholderia graminis	60548	S	5838	1406	7244	0.00068
Paraburkholderia sp. SOS3	1926494	S	1955	284	2239	0.00021
Paraburkholderia sp. PGU16	2735433	S	1121	618	1739	0.00016
Paraburkholderia pallida	2547399	S	2749	500	3249	0.00031
Paraburkholderia aromaticivorans	2026199	S	2672	1139	3811	0.00036
Paraburkholderia caribensis	75105	S	2534	1827	4361	0.00041
Paraburkholderia acidisoli	2571748	S	2352	425	2777	0.00026
Paraburkholderia tropica	92647	S	2221	497	2718	0.00026
Paraburkholderia edwinii	2861782	S	2039	276	2315	0.00022
Paraburkholderia acidiphila	2571747	S	1970	388	2358	0.00022
Paraburkholderia phytofirmans	261302	S	1963	815	2778	0.00026
Paraburkholderia phymatum	148447	S	1764	438	2202	0.00021
Paraburkholderia terricola	169427	S	1738	514	2252	0.00021
Paraburkholderia atlantica	2654982	S	1634	393	2027	0.00019
Paraburkholderia sprentiae	948107	S	1623	351	1974	0.00019
Paraburkholderia megapolitana	420953	S	1566	151	1717	0.00016
Paraburkholderia phenoliruptrix	252970	S	1530	428	1958	0.00018
Paraburkholderia fungorum	134537	S	1507	346	1853	0.00017
Paraburkholderia caledonica	134536	S	1479	264	1743	0.00016
Paraburkholderia terrae	311230	S	1398	1522	2920	0.00027
Paraburkholderia ginsengisoli	311231	S	1354	405	1759	0.00017
Paraburkholderia xenovorans	36873	S	1234	1575	2809	0.00026
Paraburkholderia hospita	169430	S	1217	1325	2542	0.00024
Paraburkholderia caffeinilytica	1761016	S	1149	293	1442	0.00014
Cupriavidus taiwanensis	164546	S	8488	9276	17764	0.00167
Cupriavidus pauculus	82633	S	7771	3653	11424	0.00107
Cupriavidus basilensis	68895	S	3818	2136	5954	0.00056
Cupriavidus necator	106590	S	3583	5257	8840	0.00083
Cupriavidus sp. EM10	2839983	S	1650	1269	2919	0.00027
Cupriavidus oxalaticus	96344	S	3426	1740	5166	0.00049
Cupriavidus campinensis	151783	S	2994	1245	4239	0.00040
Cupriavidus metallidurans	119219	S	2245	27896	30141	0.00283
Cupriavidus pinatubonensis	248026	S	1904	359	2263	0.00021
Pandoraea sp. XY-2	2518599	S	6174	3455	9629	0.00091
Pandoraea pnomenusa	93220	S	1903	952	2855	0.00027
Pandoraea pulmonicola	93221	S	1445	347	1792	0.00017
Pandoraea thiooxydans	445709	S	1425	122	1547	0.00015
Pandoraea norimbergensis	93219	S	1097	191	1288	0.00012
Pandoraea vervacti	656178	S	1077	352	1429	0.00013
Pandoraea faecigallinarum	656179	S	1060	321	1381	0.00013
Caballeronia sp. Lep1P3	2878150	S	1707	2438	4145	0.00039
Caballeronia sp. TF1N1	2878153	S	1562	646	2208	0.00021
Caballeronia zhejiangensis	871203	S	3055	708	3763	0.00035
Caballeronia grimmiae	1071679	S	2928	1524	4452	0.00042
Caballeronia insecticola	758793	S	2289	476	2765	0.00026
Ralstonia solanacearum	305	S	5301	11094	16395	0.00154
Ralstonia sp. 56D2	2842456	S	1814	293	2107	0.00020
Ralstonia insidiosa	190721	S	1415	1080	2495	0.00023
Ralstonia pickettii	329	S	1121	533	1654	0.00016
Variovorax sp. HW608	1034889	S	4978	899	5877	0.00055
Variovorax sp. PBS-H4	434008	S	2859	1988	4847	0.00046
Variovorax sp. RA8	662548	S	2618	2272	4890	0.00046
Variovorax sp. PBL-H6	434009	S	2508	2687	5195	0.00049
Variovorax sp. PAMC 28711	1795631	S	2483	452	2935	0.00028
Variovorax sp. WDL1	207745	S	2344	3977	6321	0.00059
Variovorax sp. RKNM96	2681552	S	2307	925	3232	0.00030
Variovorax sp. PAMC26660	2762322	S	2031	541	2572	0.00024
Variovorax sp. SRS16	282217	S	1898	4874	6772	0.00064
Variovorax sp. PAMC28562	2762323	S	1895	176	2071	0.00019
Variovorax sp. 38R	2774875	S	1342	1786	3128	0.00029
Variovorax sp. PBL-E5	434014	S	1294	3850	5144	0.00048
Variovorax paradoxus	34073	S	11320	10487	21807	0.00205
Variovorax boronicumulans	436515	S	1822	1381	3203	0.00030
Acidovorax sp. YS12	2738413	S	1578	1716	3294	0.00031
Acidovorax avenae	80867	S	3493	3256	6749	0.00063
Acidovorax antarcticus	2743470	S	1890	1581	3471	0.00033
Acidovorax monticola	1926868	S	1710	764	2474	0.00023
Acidovorax carolinensis	553814	S	1131	1110	2241	0.00021
Hydrogenophaga sp. BA0156	2716225	S	2336	1871	4207	0.00040
Hydrogenophaga sp. BPS33	2651974	S	2131	1914	4045	0.00038
Hydrogenophaga sp. YM1	2806262	S	2060	1186	3246	0.00031
Hydrogenophaga sp. PBC	795665	S	1982	2563	4545	0.00043
Hydrogenophaga sp. SL48	2806347	S	1629	848	2477	0.00023
Hydrogenophaga sp. RAC07	1842537	S	1205	487	1692	0.00016
Hydrogenophaga sp. PBL-H3	434010	S	1156	1193	2349	0.00022
Hydrogenophaga taeniospiralis	65656	S	1402	1142	2544	0.00024
Comamonas sp. NLF-7-7	2597701	S	1110	1107	2217	0.00021
Comamonas aquatica	225991	S	1550	1725	3275	0.00031
Comamonas serinivorans	1082851	S	1516	465	1981	0.00019
Comamonas testosteroni	285	S	1176	2553	3729	0.00035
Ramlibacter tataouinensis	94132	S	10920	4617	15537	0.00146
Rhodoferax koreense	1842727	S	2994	1713	4707	0.00044
Rhodoferax sp. BAB1	2741720	S	1490	450	1940	0.00018
Rhodoferax sediminis	2509614	S	1919	323	2242	0.00021
Diaphorobacter sp. HDW4A	2714924	S	1091	1581	2672	0.00025
Diaphorobacter ruginosibacter	1715720	S	1366	700	2066	0.00019
Diaphorobacter aerolatus	1288495	S	1015	2156	3171	0.00030
Delftia tsuruhatensis	180282	S	1425	4675	6100	0.00057
Delftia acidovorans	80866	S	1226	2788	4014	0.00038
Schlegelella thermodepolymerans	215580	S	3074	1578	4652	0.00044
Schlegelella brevitalea	413882	S	3047	464	3511	0.00033
Kinneretia sp. DAIF2	2714952	S	3074	1183	4257	0.00040
Kinneretia sp. XES5	2877940	S	1309	1751	3060	0.00029
Polaromonas sp. JS666	296591	S	1507	1438	2945	0.00028
Polaromonas naphthalenivorans	216465	S	1317	216	1533	0.00014
Ottowia sp. 27C	2816950	S	1396	285	1681	0.00016
Ottowia oryzae	2109914	S	1158	267	1425	0.00013
Alicycliphilus denitrificans	179636	S	2969	5718	8687	0.00082
Melaminivora sp. SC2-9	2109913	S	1362	1731	3093	0.00029
Melaminivora jejuensis	1267217	S	1136	957	2093	0.00020
Verminephrobacter eiseniae	364317	S	1547	203	1750	0.00016
Pulveribacter suum	2116657	S	1243	685	1928	0.00018
Hylemonella gracilis	80880	S	1230	189	1419	0.00013
Massilia sp. WG5	1707785	S	6714	4307	11021	0.00104
Massilia sp. LPB0304	2769491	S	2499	1642	4141	0.00039
Massilia sp. HC52	2852099	S	2388	1249	3637	0.00034
Massilia sp. YMA4	1593482	S	2014	1377	3391	0.00032
Massilia sp. NP310	2861282	S	1933	1666	3599	0.00034
Massilia sp. DM-R-R2A-13	2899220	S	1858	772	2630	0.00025
Massilia sp. PAMC28688	2861283	S	1323	342	1665	0.00016
Massilia putida	1141883	S	5181	1631	6812	0.00064
Massilia violaceinigra	2045208	S	3716	1019	4735	0.00045
Massilia flava	871742	S	3104	765	3869	0.00036
Massilia umbonata	864828	S	2154	838	2992	0.00028
Massilia lutea	321985	S	2122	636	2758	0.00026
Massilia albidiflava	321983	S	2112	809	2921	0.00027
Massilia armeniaca	2072590	S	1887	939	2826	0.00027
Massilia plicata	321984	S	1830	480	2310	0.00022
Massilia oculi	945844	S	1674	998	2672	0.00025
Massilia antarctica	2765360	S	1565	550	2115	0.00020
Duganella sp. GN2-R2	2728020	S	3189	1343	4532	0.00043
Duganella sp. AF9R3	2728021	S	1688	357	2045	0.00019
Herbaspirillum robiniae	2014887	S	1963	779	2742	0.00026
Herbaspirillum seropedicae	964	S	1474	690	2164	0.00020
Herbaspirillum frisingense	92645	S	1403	481	1884	0.00018
Herbaspirillum rubrisubalbicans	80842	S	1253	614	1867	0.00018
Herbaspirillum hiltneri	341045	S	1242	228	1470	0.00014
Janthinobacterium sp. 1_2014MBL_MicDiv	1644131	S	1141	749	1890	0.00018
Janthinobacterium sp. 17J80-10	2497863	S	1063	172	1235	0.00012
Janthinobacterium agaricidamnosum	55508	S	1623	3547	5170	0.00049
Collimonas fungivorans	158899	S	1595	467	2062	0.00019
Collimonas arenae	279058	S	1349	185	1534	0.00014
Collimonas pratensis	279113	S	1238	266	1504	0.00014
Noviherbaspirillum sp. UKPF54	2601898	S	2553	468	3021	0.00028
Achromobacter xylosoxidans	85698	S	6462	10836	17298	0.00163
Achromobacter sp. AONIH1	1758194	S	1953	2853	4806	0.00045
Achromobacter sp. MFA1 R4	1881016	S	1415	756	2171	0.00020
Achromobacter sp. 77	2756133	S	1057	2755	3812	0.00036
Achromobacter spanius	217203	S	3076	1304	4380	0.00041
Achromobacter denitrificans	32002	S	2861	2109	4970	0.00047
Achromobacter deleyi	1353891	S	2104	1473	3577	0.00034
Achromobacter insolitus	217204	S	1406	405	1811	0.00017
Achromobacter pestifer	1353889	S	1072	755	1827	0.00017
Achromobacter mucicolens	1389922	S	1038	1450	2488	0.00023
Bordetella sp. H567	1697043	S	1880	572	2452	0.00023
Bordetella sp. N	1746199	S	1800	298	2098	0.00020
Bordetella bronchialis	463025	S	2221	872	3093	0.00029
Bordetella genomosp. 8	1416806	S	2076	790	2866	0.00027
Bordetella genomosp. 13	463040	S	2029	1791	3820	0.00036
Bordetella flabilis	463014	S	1853	323	2176	0.00020
Bordetella genomosp. 9	1416803	S	1761	747	2508	0.00024
Bordetella hinzii	103855	S	1627	2802	4429	0.00042
Bordetella petrii	94624	S	1562	2451	4013	0.00038
Bordetella trematum	123899	S	1081	633	1714	0.00016
Pigmentiphaga sp. H8	2488560	S	3558	503	4061	0.00038
Orrella dioscoreae	1851544	S	1519	586	2105	0.00020
Castellaniella defragrans	75697	S	1731	1273	3004	0.00028
Rhizobacter gummiphilus	946333	S	4012	838	4850	0.00046
Rhizobacter sp. AJA081-3	2753607	S	3753	986	4739	0.00045
Sphaerotilus sp. FB-5	2914710	S	2759	1879	4638	0.00044
Sphaerotilus natans	34103	S	2741	1130	3871	0.00036
Rubrivivax gelatinosus	28068	S	4247	1406	5653	0.00053
Methylibium sp. Pch-M	2082386	S	1485	1289	2774	0.00026
Methylibium petroleiphilum	105560	S	1435	1384	2819	0.00027
Thiomonas sp. X19	1050370	S	1334	1153	2487	0.00023
Aquincola tertiaricarbonis	391953	S	3379	1246	4625	0.00043
Mitsuaria sp. 7	1658665	S	3215	673	3888	0.00037
Leptothrix cholodnii	34029	S	2922	970	3892	0.00037
Xylophilus rhododendri	2697032	S	2643	834	3477	0.00033
Ideonella dechloratans	36863	S	1754	1127	2881	0.00027
Tepidimonas taiwanensis	307486	S	1589	633	2222	0.00021
Aquabacterium olei	1296669	S	1451	413	1864	0.00018
Roseateles depolymerans	76731	S	1421	287	1708	0.00016
Thauera sp. MZ1T	85643	S	2549	2700	5249	0.00049
Thauera sp. K11	2005884	S	2464	1559	4023	0.00038
Thauera humireducens	1134435	S	1597	1001	2598	0.00024
Thauera chlorobenzoica	96773	S	1215	1069	2284	0.00021
Thauera aromatica	59405	S	1136	1622	2758	0.00026
Azoarcus sp. KH32C	748247	S	2764	520	3284	0.00031
Azoarcus sp. DD4	2027405	S	1952	1272	3224	0.00030
Azoarcus olearius	418699	S	2355	888	3243	0.00031
Azoarcus communis	41977	S	1715	695	2410	0.00023
Nitrogeniibacter mangrovi	2016596	S	1955	444	2399	0.00023
Aromatoleum petrolei	76116	S	2456	601	3057	0.00029
Aromatoleum aromaticum	551760	S	1874	1329	3203	0.00030
Aromatoleum bremense	76115	S	1672	972	2644	0.00025
Aromatoleum pumilum	2067960	S	1620	655	2275	0.00021
Azospira restricta	404405	S	3901	2974	6875	0.00065
Niveibacterium microcysteis	2811415	S	1582	249	1831	0.00017
Oryzomicrobium terrae	1735038	S	1076	284	1360	0.00013
Dechloromonas denitrificans	281362	S	1682	503	2185	0.00021
Ferribacterium limneticum	76259	S	2287	416	2703	0.00025
Quatrionicoccus australiensis	138118	S	1022	312	1334	0.00013
Usitatibacter rugosus	2732067	S	9819	1204	11023	0.00104
Usitatibacter palustris	2732487	S	6556	852	7408	0.00070
Denitratisoma sp. DHT3	1981880	S	1481	1209	2690	0.00025
Sulfuritalea hydrogenivorans	748811	S	1745	281	2026	0.00019
Methyloversatilis sp. RAC08	1842540	S	1621	245	1866	0.00018
Sterolibacterium denitrificans	157592	S	1138	349	1487	0.00014
Nitrosospira multiformis	1231	S	1501	465	1966	0.00018
Nitrosospira lacus	1288494	S	1441	533	1974	0.00019
Thiobacillus denitrificans	36861	S	2159	474	2633	0.00025
Sulfuritortus calidifontis	1914471	S	1427	681	2108	0.00020
Sulfurimicrobium lacus	2715678	S	1079	157	1236	0.00012
Chromobacterium sp. ATCC 53434	2059672	S	1416	977	2393	0.00023
Chromobacterium violaceum	536	S	1390	2106	3496	0.00033
Chromobacterium vaccinii	1108595	S	1366	1500	2866	0.00027
Jeongeupia sp. USM3	1906741	S	1717	521	2238	0.00021
Pseudogulbenkiania sp. NH8B	748280	S	1574	610	2184	0.00021
Vogesella sp. LIG4	1192162	S	1012	315	1327	0.00012
Microvirgula aerodenitrificans	57480	S	1061	229	1290	0.00012
Crenobacter cavernae	2290923	S	1757	1009	2766	0.00026
Chitinolyticbacter meiyuanensis	682798	S	1249	336	1585	0.00015
Casimicrobium huifangae	2591109	S	1254	633	1887	0.00018
Lysobacter sp. KIS68-7	2904252	S	6537	1579	8116	0.00076
Lysobacter sp. TY2-98	2290922	S	3018	576	3594	0.00034
Lysobacter sp. 5GHs7-4	2904253	S	2142	845	2987	0.00028
Lysobacter sp. CECT 30171	2822368	S	1796	531	2327	0.00022
Lysobacter sp. K5869	2820808	S	1675	1203	2878	0.00027
Lysobacter sp. S4-A87	2925843	S	1659	761	2420	0.00023
Lysobacter sp. CW239	2762611	S	1367	917	2284	0.00021
Lysobacter enzymogenes	69	S	6890	3523	10413	0.00098
Lysobacter capsici	435897	S	4481	7708	12189	0.00115
Lysobacter soli	453783	S	3351	857	4208	0.00040
Lysobacter lycopersici	1324796	S	2817	708	3525	0.00033
Lysobacter solisilvae (ex Woo and Kim 2022)	2865112	S	2783	1016	3799	0.00036
Lysobacter antibioticus	84531	S	2542	718	3260	0.00031
Lysobacter solisilvae (ex Kim et al. 2021)	2763317	S	2376	581	2957	0.00028
Lysobacter maris	1605891	S	2115	624	2739	0.00026
Lysobacter arenosi	2795387	S	1640	734	2374	0.00022
Lysobacter alkalisoli	2591633	S	1536	336	1872	0.00018
Lysobacter oculi	2698682	S	1487	469	1956	0.00018
Stenotrophomonas maltophilia	40324	S	7392	14905	22297	0.00210
Stenotrophomonas rhizophila	216778	S	2862	1018	3880	0.00036
Stenotrophomonas acidaminiphila	128780	S	1663	4757	6420	0.00060
Xanthomonas translucens	343	S	3014	6866	9880	0.00093
Xanthomonas campestris	339	S	2268	3167	5435	0.00051
Xanthomonas sacchari	56458	S	1578	715	2293	0.00022
Xanthomonas arboricola	56448	S	1363	3792	5155	0.00048
Xanthomonas theicola	56464	S	1115	541	1656	0.00016
Xanthomonas oryzae	347	S	1055	1025	2080	0.00020
Luteimonas sp. S4-F44	2925842	S	1858	398	2256	0.00021
Luteimonas sp. MC1750	2799326	S	1745	690	2435	0.00023
Luteimonas sp. D4P002	2901869	S	1687	480	2167	0.00020
Luteimonas sp. MC1572	2799325	S	1502	739	2241	0.00021
Luteimonas sp. YGD11-2	2508168	S	1489	668	2157	0.00020
Luteimonas sp. MC1825	2761107	S	1390	700	2090	0.00020
Luteimonas sp. JM171	1896164	S	1333	300	1633	0.00015
Luteimonas granuli	1176533	S	1633	623	2256	0.00021
Luteimonas yindakuii	2565782	S	1348	532	1880	0.00018
Luteimonas chenhongjianii	2006110	S	1339	309	1648	0.00015
Pseudoxanthomonas suwonensis	314722	S	3379	1976	5355	0.00050
Pseudoxanthomonas sp. X-1	2571115	S	1852	1785	3637	0.00034
Pseudoxanthomonas mexicana	128785	S	1861	3012	4873	0.00046
Pseudoxanthomonas daejeonensis	266062	S	1388	404	1792	0.00017
Pseudoxanthomonas spadix	415229	S	1091	483	1574	0.00015
Thermomonas sp. XSG	2771436	S	1304	652	1956	0.00018
Thermomonas brevis	215691	S	1792	822	2614	0.00025
Thermomonas aquatica	2202149	S	1759	1047	2806	0.00026
Thermomonas carbonis	1463158	S	1434	349	1783	0.00017
Arenimonas daejeonensis	370777	S	1812	422	2234	0.00021
Pseudolysobacter antarcticus	2511995	S	1631	53	1684	0.00016
Frateuria sp. 5GH9-34	2898793	S	9118	2543	11661	0.00110
Frateuria sp. 5GH9-11	1542730	S	2508	889	3397	0.00032
Luteibacter sp. 321	2911537	S	2113	613	2726	0.00026
Luteibacter sp. EIF3	2780091	S	1798	270	2068	0.00019
Luteibacter sp. 335	2911538	S	1449	300	1749	0.00016
Luteibacter sp. 353	2911539	S	1301	381	1682	0.00016
Luteibacter rhizovicinus	242606	S	1622	218	1840	0.00017
Luteibacter pinisoli	2589080	S	1515	366	1881	0.00018
Luteibacter anthropi	564369	S	1121	191	1312	0.00012
Dyella thiooxydans	445710	S	3466	1024	4490	0.00042
Dyella japonica	231455	S	1813	548	2361	0.00022
Dyella telluris	2763498	S	1595	428	2023	0.00019
Dyella terrae	522259	S	1291	187	1478	0.00014
Rhodanobacter denitrificans	666685	S	3147	1174	4321	0.00041
Rhodanobacter sp. FDAARGOS 1247	2778082	S	1954	658	2612	0.00025
Rhodanobacter thiooxydans	416169	S	1950	866	2816	0.00026
Rhodanobacter glycinis	582702	S	1430	253	1683	0.00016
Dokdonella koreensis	323415	S	4540	856	5396	0.00051
Aerosticca soli	2010829	S	1886	2543	4429	0.00042
Ahniella affigens	2021234	S	1007	30	1037	0.00010
Pseudomonas sp. S34	1573718	S	2497	4793	7290	0.00069
Pseudomonas sp. LAB-08	143813	S	1101	1239	2340	0.00022
Pseudomonas sp. PDNC002	2811422	S	1071	1564	2635	0.00025
Pseudomonas fluorescens	294	S	5690	4707	10397	0.00098
Pseudomonas protegens	380021	S	1284	1076	2360	0.00022
Pseudomonas putida	303	S	8700	10599	19299	0.00181
Pseudomonas oryzihabitans	47885	S	1873	409	2282	0.00021
Pseudomonas fulva	47880	S	1247	3337	4584	0.00043
Pseudomonas aeruginosa	287	S	5156	90144	95300	0.00896
Pseudomonas mendocina	300	S	1980	731	2711	0.00025
Pseudomonas alcaligenes	43263	S	1468	1040	2508	0.00024
Pseudomonas furukawaii	1149133	S	1037	317	1354	0.00013
Pseudomonas resinovorans	53412	S	1035	238	1273	0.00012
Pseudomonas stutzeri	316	S	6657	4426	11083	0.00104
Pseudomonas balearica	74829	S	1150	1529	2679	0.00025
Pseudomonas syringae	317	S	1528	3069	4597	0.00043
Pseudomonas chlororaphis	587753	S	3301	3036	6337	0.00060
Pseudomonas umsongensis	198618	S	1950	324	2274	0.00021
Pseudomonas otitidis	319939	S	1850	442	2292	0.00022
Pseudomonas psychrotolerans	237610	S	1735	402	2137	0.00020
Pseudomonas knackmussii	65741	S	1656	1391	3047	0.00029
Pseudomonas oryzae	1392877	S	1532	539	2071	0.00019
Pseudomonas entomophila	312306	S	1390	601	1991	0.00019
Pseudomonas guangdongensis	1245526	S	1071	384	1455	0.00014
Azotobacter chroococcum	353	S	1494	542	2036	0.00019
Azotobacter vinelandii	354	S	1000	11432	12432	0.00117
Salmonella enterica	28901	S	1015	37871	38886	0.00366
Serratia marcescens	615	S	1528	6430	7958	0.00075
Pantoea agglomerans	549	S	1441	1427	2868	0.00027
Thioalkalivibrio nitratireducens	186931	S	1131	321	1452	0.00014
Thioalkalivibrio paradoxus	108010	S	1120	351	1471	0.00014
Thioalkalivibrio sulfidiphilus	1033854	S	1040	756	1796	0.00017
Spiribacter sp. E85	2182432	S	2426	285	2711	0.00026
Acidihalobacter aeolianus	2792603	S	1012	173	1185	0.00011
Halorhodospira halophila	1053	S	1074	136	1210	0.00011
Alkalilimnicola ehrlichii	351052	S	1088	162	1250	0.00012
Aquisalimonas sp. 2447	2740807	S	1071	86	1157	0.00011
Candidatus Thiodictyon syntrophicum	1166950	S	2183	164	2347	0.00022
Marichromatium purpuratum	37487	S	1936	533	2469	0.00023
Thioflavicoccus mobilis	80679	S	1898	240	2138	0.00020
Thiocapsa bogorovii	521689	S	1469	117	1586	0.00015
Thiocystis violascens	73141	S	1193	154	1347	0.00013
Wenzhouxiangella marina	1579979	S	1190	95	1285	0.00012
Guyparkeria halophila	47960	S	1082	306	1388	0.00013
Sulfurivermis fontis	1972068	S	1044	474	1518	0.00014
Halomonas sp. THAF5a	2587844	S	1295	4275	5570	0.00052
Halomonas beimenensis	475662	S	1269	1459	2728	0.00026
Halomonas aestuarii	1897729	S	1028	1492	2520	0.00024
Halotalea alkalilenta	376489	S	1283	498	1781	0.00017
Salinicola tamaricis	1771309	S	1266	559	1825	0.00017
Aeromonas hydrophila	644	S	1226	7552	8778	0.00083
Methylococcus sp. EFPC2	2812648	S	1044	655	1699	0.00016
Methylomagnum ishizawai	1760988	S	1340	147	1487	0.00014
Methylogaea oryzae	1295382	S	1063	212	1275	0.00012
Sulfurifustis variabilis	1675686	S	3728	277	4005	0.00038
Sulfuricaulis limicola	1620215	S	1523	138	1661	0.00016
Solimonas sp. K1W22B-7	2303331	S	3104	353	3457	0.00033
Flagellatimonas centrodinii	2806210	S	1027	75	1102	0.00010
Steroidobacter denitrificans	465721	S	1802	647	2449	0.00023
Immundisolibacter cernigliae	1810504	S	1817	377	2194	0.00021
Salinisphaera sp. LB1	2183911	S	1371	67	1438	0.00014
Corallococcus coralloides	184914	S	22188	4747	26935	0.00253
Corallococcus sp. EGB	1521117	S	5680	962	6642	0.00062
Corallococcus macrosporus	35	S	3879	438	4317	0.00041
Pyxidicoccus sp. SCPEA002	2813578	S	24050	877	24927	0.00234
Myxococcus xanthus	34	S	6441	44718	51159	0.00481
Myxococcus hansupus	1297742	S	3426	207	3633	0.00034
Myxococcus stipitatus	83455	S	3012	205	3217	0.00030
Myxococcus sp. SCHIC003	2813577	S	2665	186	2851	0.00027
Anaeromyxobacter sp. Red232	2918170	S	10257	1083	11340	0.00107
Anaeromyxobacter sp. Red630	2918171	S	7955	1062	9017	0.00085
Anaeromyxobacter sp. Fw109-5	404589	S	7904	1023	8927	0.00084
Anaeromyxobacter sp. K	447217	S	1995	3975	5970	0.00056
Anaeromyxobacter dehalogenans	161493	S	6241	4575	10816	0.00102
Archangium violaceum	83451	S	14005	2536	16541	0.00156
Archangium gephyra	48	S	7207	1535	8742	0.00082
Cystobacter fuscus	43	S	5605	1355	6960	0.00065
Stigmatella aurantiaca	41	S	5578	351	5929	0.00056
Melittangium boletus	83453	S	4218	927	5145	0.00048
Vulgatibacter incomptus	1391653	S	4663	357	5020	0.00047
Sorangium cellulosum	56	S	64194	7038	71232	0.00670
Polyangium aurulentum	2567896	S	15564	1276	16840	0.00158
Chondromyces crocatus	52	S	7319	308	7627	0.00072
Sandaracinus amylolyticus	927083	S	21956	1239	23195	0.00218
Labilithrix luteola	1391654	S	15899	642	16541	0.00156
Haliangium ochraceum	80816	S	8957	455	9412	0.00089
Geomonas sp. RF6	2897342	S	1627	213	1840	0.00017
Geomonas paludis	2740185	S	1288	598	1886	0.00018
Geomonas nitrogeniifigens	2847991	S	1169	561	1730	0.00016
Geomonas subterranea	2847989	S	1082	468	1550	0.00015
Geomonas oryzisoli	2847992	S	1038	525	1563	0.00015
Geobacter sp. FeAm09	2597769	S	1110	166	1276	0.00012
Geobacter sulfurreducens	35554	S	1245	305	1550	0.00015
Geobacter pickeringii	345632	S	1164	362	1526	0.00014
Citrifermentans bremense	60035	S	1040	415	1455	0.00014
Citrifermentans bemidjiense	225194	S	1003	367	1370	0.00013
Desulfuromonas versatilis	2802975	S	1821	354	2175	0.00020
Desulfuromonas sp. DDH964	1823759	S	1339	260	1599	0.00015
Desulfuromonas soudanensis	1603606	S	1189	146	1335	0.00013
Pseudodesulfovibrio mercurii	641491	S	1053	730	1783	0.00017
Solidesulfovibrio carbinoliphilus	345370	S	1300	1069	2369	0.00022
Oceanidesulfovibrio marinus	370038	S	1234	249	1483	0.00014
Persicimonas caeni	2292766	S	3662	115	3777	0.00036
Bradymonas sediminis	1548548	S	1358	98	1456	0.00014
Desulfarculus baarsii	453230	S	1417	764	2181	0.00021
Gemmata obscuriglobus	114	S	11599	2010	13609	0.00128
Gemmata massiliana	1210884	S	5435	2247	7682	0.00072
Gemmata sp. SH-PL17	1630693	S	5052	2351	7403	0.00070
Urbifossiella limnaea	2528023	S	22082	1912	23994	0.00226
Frigoriglobus tundricola	2774151	S	14472	2226	16698	0.00157
Limnoglobus roseus	2598579	S	10643	484	11127	0.00105
Tuwongella immobilis	692036	S	1353	50	1403	0.00013
Telmatocola sphagniphila	1123043	S	1045	9	1054	0.00010
Aquisphaera giovannonii	406548	S	17393	2666	20059	0.00189
Tautonia plasticadhaerens	2527974	S	15604	1245	16849	0.00158
Paludisphaera borealis	1387353	S	13931	2602	16533	0.00155
Singulisphaera acidiphila	466153	S	11044	1373	12417	0.00117
Isosphaera pallida	128	S	1603	99	1702	0.00016
Stieleria neptunia	2527979	S	1537	157	1694	0.00016
Stieleria maiorica	2795974	S	1334	242	1576	0.00015
Lignipirellula cremea	2528010	S	2822	347	3169	0.00030
Anatilimnocola aggregata	2528021	S	2675	308	2983	0.00028
Pirellula staleyi	125	S	1488	56	1544	0.00015
Bremerella volcania	2527984	S	1733	128	1861	0.00018
Roseimaritima ulvae	980254	S	1215	77	1292	0.00012
Lacipirellula parvula	2650471	S	3337	383	3720	0.00035
Lacipirellula limnantheis	2528024	S	3076	401	3477	0.00033
Pirellulimonas nuda	2528009	S	3772	417	4189	0.00039
Botrimarina mediterranea	2528022	S	3285	304	3589	0.00034
Aeoliella mucimassa	2527972	S	1290	106	1396	0.00013
Planctomyces sp. SH-PL62	1636152	S	10383	3120	13503	0.00127
Planctomyces sp. SH-PL14	1632864	S	4676	307	4983	0.00047
Gimesia panareensis	2527978	S	1100	825	1925	0.00018
Alienimonas californiensis	2527989	S	3157	229	3386	0.00032
Caulifigura coniformis	2527983	S	3071	196	3267	0.00031
Maioricimonas rarisocia	2528026	S	3048	372	3420	0.00032
Symmachiella dynata	2527995	S	1348	77	1425	0.00013
Humisphaera borealis	2807512	S	6804	179	6983	0.00066
Phycisphaera mikurensis	547188	S	2847	233	3080	0.00029
Mucisphaera calidilacus	2527982	S	1294	63	1357	0.00013
Opitutus terrae	107709	S	3508	175	3683	0.00035
Opitutus sp. GAS368	1882749	S	2783	421	3204	0.00030
Lacunisphaera limnophila	1838286	S	2099	319	2418	0.00023
Oleiharenicola sp. KSB-15	2862869	S	1752	101	1853	0.00017
Nibricoccus aquaticus	2576891	S	1470	72	1542	0.00015
Ereboglobus luteus	1796921	S	1100	67	1167	0.00011
Verrucomicrobium sp. GAS474	1882831	S	2024	285	2309	0.00022
Verrucomicrobium spinosum	2736	S	1291	98	1389	0.00013
Luteolibacter ambystomatis	2824561	S	1304	105	1409	0.00013
Luteolibacter luteus	2728835	S	1149	58	1207	0.00011
Roseimicrobium sp. ORNL1	2711231	S	1776	77	1853	0.00017
Niastella koreensis	354356	S	5044	1146	6190	0.00058
Rhodothermus marinus	29549	S	2969	542	3511	0.00033
Rhodocaloribacter litoris	2558931	S	2914	855	3769	0.00035
Salinibacter ruber	146919	S	1975	118	2093	0.00020
Gemmatirosa kalamazoonesis	861299	S	44311	4390	48701	0.00458
Gemmatimonas groenlandica	2732249	S	5886	615	6501	0.00061
Gemmatimonas aurantiaca	173480	S	4157	390	4547	0.00043
Gemmatimonas phototrophica	1379270	S	3570	449	4019	0.00038
Granulicella sp. WH15	2602070	S	2644	449	3093	0.00029
Granulicella sp. 5B5	1617967	S	2090	319	2409	0.00023
Granulicella mallensis	940614	S	2126	239	2365	0.00022
Granulicella tundricola	940615	S	1679	207	1886	0.00018
Terriglobus roseus	392734	S	2977	566	3543	0.00033
Terriglobus albidus	1592106	S	2210	199	2409	0.00023
Terriglobus saanensis	870903	S	1513	181	1694	0.00016
Acidobacterium sp. 4Y35	2763107	S	2714	190	2904	0.00027
Acidobacterium capsulatum	33075	S	2674	333	3007	0.00028
Candidatus Koribacter versatilis	658062	S	5478	186	5664	0.00053
Edaphobacter sp. 12200R-103	2703788	S	3414	532	3946	0.00037
Edaphobacter sp. 4G125	2763071	S	1211	160	1371	0.00013
Acidisarcina polymorpha	2211140	S	1904	132	2036	0.00019
Paludibaculum fermentans	1473598	S	6747	185	6932	0.00065
Luteitalea sp. TBR-22	2802971	S	15798	2940	18738	0.00176
Luteitalea pratensis	1855912	S	13520	1579	15099	0.00142
Sulfidibacter corallicola	2818388	S	1727	38	1765	0.00017
Nitrospira moscoviensis	42253	S	3459	252	3711	0.00035
Nitrospira japonica	1325564	S	1637	155	1792	0.00017
Candidatus Nitrospira inopinata	1715989	S	1069	76	1145	0.00011
Fusarium acuminatum	5515	S	6730	717	7447	0.00070
Fusarium oxysporum	5507	S	2201	1468	3669	0.00035
Fusarium decemcellulare	57161	S	1353	52	1405	0.00013
Cordyceps fumosorosea	114497	S	1375	133	1508	0.00014
Purpureocillium lilacinum	33203	S	1690	181	1871	0.00018
Drechmeria coniospora	98403	S	1201	82	1283	0.00012
Colletotrichum higginsianum	80884	S	1588	480	2068	0.00019
Thermothielavioides terrestris	2587410	S	1779	129	1908	0.00018
Thermothelomyces thermophilus	78579	S	1334	72	1406	0.00013
Aspergillus puulaauensis	1220207	S	1537	208	1745	0.00016
Pseudozyma flocculosa	84751	S	2357	80	2437	0.00023
Phytophthora cinnamomi	4785	S	1617	421	2038	0.00019
Phytophthora fragariae	53985	S	1259	303	1562	0.00015
