name	taxonomy_id	taxonomy_lvl	kraken_assigned_reads	added_reads	new_est_reads	fraction_total_reads
Bradyrhizobium sp. 200	2782665	S	43466	9338	52804	0.00600
Bradyrhizobium sp. 170	2782641	S	32640	7986	40626	0.00462
Bradyrhizobium sp. CCBAU 53351	1325114	S	20516	8665	29181	0.00332
Bradyrhizobium sp. CCBAU 051011	858422	S	17998	2904	20902	0.00237
Bradyrhizobium sp. 195	2782662	S	13762	4487	18249	0.00207
Bradyrhizobium sp. CCBAU 51753	1325100	S	12888	2356	15244	0.00173
Bradyrhizobium sp. SK17	2057741	S	8455	2361	10816	0.00123
Bradyrhizobium sp. 186	2782654	S	7430	1883	9313	0.00106
Bradyrhizobium sp. CCBAU 53421	1325120	S	7425	2029	9454	0.00107
Bradyrhizobium sp. A19	2898149	S	7420	1099	8519	0.00097
Bradyrhizobium sp. BTAi1	288000	S	7082	1103	8185	0.00093
Bradyrhizobium sp. ORS 278	114615	S	6788	1357	8145	0.00093
Bradyrhizobium sp. ORS 285	115808	S	6739	1337	8076	0.00092
Bradyrhizobium sp. 1(2017)	1404888	S	6228	1698	7926	0.00090
Bradyrhizobium sp. CCBAU 53338	1325111	S	6174	2082	8256	0.00094
Bradyrhizobium sp. CCBAU 53340	1325112	S	6027	1933	7960	0.00090
Bradyrhizobium sp. 6(2017)	1197460	S	5346	2178	7524	0.00085
Bradyrhizobium sp. S2-11-2	2840472	S	4415	3643	8058	0.00092
Bradyrhizobium sp. CCGE-LA001	1223566	S	4242	1356	5598	0.00064
Bradyrhizobium sp. 41S5	1404443	S	4026	2321	6347	0.00072
Bradyrhizobium sp. S2-20-1	2840469	S	3777	3359	7136	0.00081
Bradyrhizobium sp. I71	2590772	S	3620	3358	6978	0.00079
Bradyrhizobium sp. S2-11-4	2840473	S	3556	3491	7047	0.00080
Bradyrhizobium sp. CCBAU 51765	1325102	S	3405	3215	6620	0.00075
Bradyrhizobium sp. 191	2782659	S	3377	3515	6892	0.00078
Bradyrhizobium sp. 192	2782660	S	2798	5868	8666	0.00098
Bradyrhizobium sp. C-145	574727	S	2048	1666	3714	0.00042
Bradyrhizobium sp.	376	S	1946	5296	7242	0.00082
Bradyrhizobium sp. 40	2782674	S	1585	3890	5475	0.00062
Bradyrhizobium sp. 144S4	2823807	S	1422	3114	4536	0.00052
Bradyrhizobium sp. 323S2	1404649	S	1359	3007	4366	0.00050
Bradyrhizobium sp. 4	2782678	S	1284	3563	4847	0.00055
Bradyrhizobium erythrophlei	1437360	S	30118	1927	32045	0.00364
Bradyrhizobium diazoefficiens	1355477	S	23941	30222	54163	0.00615
Bradyrhizobium symbiodeficiens	1404367	S	17013	20374	37387	0.00425
Bradyrhizobium paxllaeri	190148	S	15128	2191	17319	0.00197
Bradyrhizobium icense	1274631	S	13790	1496	15286	0.00174
Bradyrhizobium lablabi	722472	S	10064	9186	19250	0.00219
Bradyrhizobium japonicum	375	S	9663	11001	20664	0.00235
Bradyrhizobium canariense	255045	S	9639	12140	21779	0.00247
Bradyrhizobium guangdongense	1325090	S	8359	2524	10883	0.00124
Bradyrhizobium genosp. L	83637	S	8102	1291	9393	0.00107
Bradyrhizobium arachidis	858423	S	7808	1765	9573	0.00109
Bradyrhizobium amphicarpaeae	1404768	S	7165	2359	9524	0.00108
Bradyrhizobium cosmicum	1404864	S	7069	1825	8894	0.00101
Bradyrhizobium guangxiense	1325115	S	6735	2329	9064	0.00103
Bradyrhizobium oligotrophicum	44255	S	5932	816	6748	0.00077
Bradyrhizobium quebecense	2748629	S	5543	2481	8024	0.00091
Bradyrhizobium guangzhouense	1325095	S	5247	1584	6831	0.00078
Bradyrhizobium genosp. B	83627	S	5227	879	6106	0.00069
Bradyrhizobium vignae	1549949	S	5119	950	6069	0.00069
Bradyrhizobium betae	244734	S	4866	2086	6952	0.00079
Bradyrhizobium septentrionale	1404411	S	4491	2160	6651	0.00076
Bradyrhizobium elkanii	29448	S	3645	8528	12173	0.00138
Bradyrhizobium daqingense	993502	S	3356	1437	4793	0.00054
Bradyrhizobium zhanjiangense	1325107	S	1818	1449	3267	0.00037
Bradyrhizobium ottawaense	931866	S	1305	6448	7753	0.00088
Afipia carboxidovorans	40137	S	26226	2830	29056	0.00330
Afipia sp. GAS231	1882747	S	4235	2257	6492	0.00074
Rhodopseudomonas palustris	1076	S	20412	5341	25753	0.00293
Rhodopseudomonas sp. SK50-23	340268	S	4543	813	5356	0.00061
Rhodopseudomonas boonkerdii	475937	S	3920	863	4783	0.00054
Nitrobacter hamburgensis	912	S	15032	1991	17023	0.00193
Nitrobacter winogradskyi	913	S	6753	915	7668	0.00087
Tardiphaga sp. 37S4	1404741	S	6317	8412	14729	0.00167
Tardiphaga robiniae	943830	S	5665	2734	8399	0.00095
Variibacter gotjawalensis	1333996	S	4460	277	4737	0.00054
Mesorhizobium sp. B2-1-1	2589974	S	13160	2295	15455	0.00176
Mesorhizobium sp. B2-8-5	2589903	S	12856	3374	16230	0.00184
Mesorhizobium sp. J8	2777475	S	8118	2086	10204	0.00116
Mesorhizobium sp. M2A.F.Ca.ET.043.05.1.1	2493671	S	3797	2750	6547	0.00074
Mesorhizobium sp. 8	2584466	S	3573	634	4207	0.00048
Mesorhizobium sp. M1B.F.Ca.ET.045.04.1.1	2493673	S	3401	1049	4450	0.00051
Mesorhizobium sp. M1E.F.Ca.ET.045.02.1.1	2493672	S	3367	1365	4732	0.00054
Mesorhizobium sp. M1D.F.Ca.ET.043.01.1.1	2493669	S	3235	1593	4828	0.00055
Mesorhizobium sp. B1-1-8	2589976	S	3109	600	3709	0.00042
Mesorhizobium sp. M3A.F.Ca.ET.080.04.2.1	2493676	S	2805	665	3470	0.00039
Mesorhizobium sp. M1A.F.Ca.IN.022.06.1.1	2493680	S	2771	706	3477	0.00040
Mesorhizobium sp. 131-2-1	2744518	S	2511	1066	3577	0.00041
Mesorhizobium sp. M4B.F.Ca.ET.058.02.1.1	2493675	S	2352	791	3143	0.00036
Mesorhizobium sp. NZP2298	2483403	S	2317	1122	3439	0.00039
Mesorhizobium sp. INR15	2654248	S	2214	242	2456	0.00028
Mesorhizobium sp. 113-3-3	2744516	S	2191	955	3146	0.00036
Mesorhizobium sp. PAMC28654	2880934	S	2115	303	2418	0.00027
Mesorhizobium sp. Pch-S	2082387	S	1995	204	2199	0.00025
Mesorhizobium sp. DCY119	2108445	S	1968	327	2295	0.00026
Mesorhizobium sp. 113-3-9	2744517	S	1824	1116	2940	0.00033
Mesorhizobium sp. M2A.F.Ca.ET.043.02.1.1	2493670	S	1817	4067	5884	0.00067
Mesorhizobium sp. B4-1-4	2589888	S	1701	315	2016	0.00023
Mesorhizobium sp. M7D.F.Ca.US.005.01.1.1	2493678	S	1667	439	2106	0.00024
Mesorhizobium sp. B2-1-8	2589967	S	1657	398	2055	0.00023
Mesorhizobium sp. M2A.F.Ca.ET.046.03.2.1	2493674	S	1651	3888	5539	0.00063
Mesorhizobium sp. NZP2077	2483404	S	1589	411	2000	0.00023
Mesorhizobium sp. M8A.F.Ca.ET.057.01.1.1	2493679	S	1580	473	2053	0.00023
Mesorhizobium sp. NZP2234	2483402	S	1519	4107	5626	0.00064
Mesorhizobium sp. M9A.F.Ca.ET.002.03.1.2	2493668	S	1478	549	2027	0.00023
Mesorhizobium sp. 113-1-2	2744515	S	1467	568	2035	0.00023
Mesorhizobium sp. M6A.T.Cr.TU.016.01.1.1	2493677	S	1350	355	1705	0.00019
Mesorhizobium sp. L-2-11	2744521	S	1320	392	1712	0.00019
Mesorhizobium sp. M7A.F.Ce.TU.012.03.2.1	2493681	S	1193	339	1532	0.00017
Mesorhizobium loti	381	S	3143	18703	21846	0.00248
Mesorhizobium terrae	2725666	S	2489	575	3064	0.00035
Mesorhizobium ciceri	39645	S	2401	4728	7129	0.00081
Mesorhizobium opportunistum	593909	S	2181	650	2831	0.00032
Mesorhizobium amorphae	71433	S	1726	299	2025	0.00023
Mesorhizobium huakuii	28104	S	1517	1238	2755	0.00031
Mesorhizobium japonicum	2066070	S	1246	685	1931	0.00022
Mesorhizobium erdmanii	1777866	S	1125	231	1356	0.00015
Mesorhizobium australicum	536018	S	1111	253	1364	0.00016
Aminobacter sp. MSH1	374606	S	1930	2857	4787	0.00054
Aquibium microcysteis	675281	S	2788	587	3375	0.00038
Aquibium oceanicum	1670800	S	2022	353	2375	0.00027
Nitratireductor sp. SY7	2599600	S	1768	313	2081	0.00024
Roseitalea porphyridii	1852022	S	1511	196	1707	0.00019
Oricola thermophila	2742145	S	1086	115	1201	0.00014
Rhizobium sp. BG4	2613770	S	12366	3060	15426	0.00175
Rhizobium sp. WYJ-E13	2849093	S	2397	451	2848	0.00032
Rhizobium sp. NXC24	2048897	S	1554	378	1932	0.00022
Rhizobium sp. AB2/73	2795216	S	1387	2772	4159	0.00047
Rhizobium sp. 11515TR	2028343	S	1284	2024	3308	0.00038
Rhizobium sp. ACO-34A	1571470	S	1067	252	1319	0.00015
Rhizobium sp. SL42	2806346	S	1066	208	1274	0.00014
Rhizobium sp. WL3	2603277	S	1013	216	1229	0.00014
Rhizobium leguminosarum	384	S	8342	14529	22871	0.00260
Rhizobium etli	29449	S	1922	2870	4792	0.00054
Rhizobium jaguaris	1312183	S	1527	180	1707	0.00019
Rhizobium tropici	398	S	1227	366	1593	0.00018
Rhizobium gallicum	56730	S	1160	1981	3141	0.00036
Rhizobium phaseoli	396	S	1145	3219	4364	0.00050
Rhizobium pseudoryzae	379684	S	1142	218	1360	0.00015
Rhizobium bangladeshense	1138189	S	1007	273	1280	0.00015
Agrobacterium tumefaciens	358	S	4064	4803	8867	0.00101
Agrobacterium fabrum	1176649	S	2500	3026	5526	0.00063
Agrobacterium vitis	373	S	2112	243	2355	0.00027
Agrobacterium rhizogenes	359	S	1050	2205	3255	0.00037
Neorhizobium galegae	399	S	3660	900	4560	0.00052
Neorhizobium sp. NCHU2750	1825976	S	1077	260	1337	0.00015
Sinorhizobium fredii	380	S	3354	4343	7697	0.00087
Sinorhizobium meliloti	382	S	2554	824	3378	0.00038
Sinorhizobium sp. BG8	2613773	S	1088	162	1250	0.00014
Sinorhizobium americanum	194963	S	1214	408	1622	0.00018
Sinorhizobium medicae	110321	S	1015	131	1146	0.00013
Ensifer adhaerens	106592	S	3333	2479	5812	0.00066
Ensifer mexicanus	375549	S	1626	223	1849	0.00021
Ensifer sp. PDNC004	2811423	S	1034	478	1512	0.00017
Ensifer alkalisoli	1752398	S	1177	222	1399	0.00016
Ensifer sojae	716925	S	1060	405	1465	0.00017
Shinella sp. HZN7	879274	S	2892	2292	5184	0.00059
Shinella sp. PSBB067	2715959	S	1912	1371	3283	0.00037
Shinella sp. XGS7	2877941	S	1560	1413	2973	0.00034
Shinella zoogloeoides	352475	S	2281	2798	5079	0.00058
Shinella oryzae	2871820	S	1089	433	1522	0.00017
Ciceribacter thiooxidans	1969821	S	1118	203	1321	0.00015
Georhizobium profundi	2341112	S	1019	176	1195	0.00014
Rhodoplanes sp. Z2-YC6860	674703	S	82992	6162	89154	0.01013
Hyphomicrobium denitrificans	53399	S	8100	711	8811	0.00100
Hyphomicrobium sp. MC1	717785	S	1897	95	1992	0.00023
Hyphomicrobium nitrativorans	1427356	S	1709	114	1823	0.00021
Methyloceanibacter sp. wino2	2170729	S	1048	210	1258	0.00014
Methyloceanibacter caenitepidi	1384459	S	1032	194	1226	0.00014
Aquabacter sp. L1I39	2820278	S	1850	234	2084	0.00024
Methyloligella sp. GL2	2742204	S	1682	157	1839	0.00021
Rhodomicrobium vannielii	1069	S	1281	71	1352	0.00015
Labrys sp. KNU-23	2789216	S	48593	4116	52709	0.00599
Pseudolabrys taiwanensis	331696	S	13908	1949	15857	0.00180
Pseudolabrys sp. FHR47	2562284	S	9956	1476	11432	0.00130
Starkeya sp. ORNL1	2709380	S	4023	690	4713	0.00054
Starkeya novella	921	S	2995	981	3976	0.00045
Xanthobacter dioxanivorans	2528964	S	2995	1037	4032	0.00046
Xanthobacter sp. YC-JY1	2419844	S	1067	1690	2757	0.00031
Ancylobacter polymorphus	223390	S	2321	1054	3375	0.00038
Ancylobacter sp. TS-1	1850374	S	2181	801	2982	0.00034
Ancylobacter pratisalsi	1745854	S	1881	364	2245	0.00026
Azorhizobium caulinodans	7	S	2258	402	2660	0.00030
Methylobacterium tardum	374432	S	7779	3600	11379	0.00129
Methylobacterium sp. 17Sr1-1	2202826	S	2419	1457	3876	0.00044
Methylobacterium sp. WL1	2603276	S	2159	502	2661	0.00030
Methylobacterium aquaticum	270351	S	4323	2399	6722	0.00076
Methylobacterium nodulans	114616	S	4114	497	4611	0.00052
Methylobacterium oryzae	334852	S	3205	5358	8563	0.00097
Methylobacterium currus	2051553	S	3135	1600	4735	0.00054
Methylobacterium durans	2202825	S	3003	402	3405	0.00039
Methylobacterium radiodurans	2202828	S	2744	641	3385	0.00038
Methylobacterium mesophilicum	39956	S	2591	669	3260	0.00037
Methylobacterium brachiatum	269660	S	2383	912	3295	0.00037
Methylobacterium organophilum	410	S	2105	1880	3985	0.00045
Methylobacterium terrae	2202827	S	2007	1161	3168	0.00036
Methylobacterium indicum	1775910	S	1811	1173	2984	0.00034
Microvirga sp. VF16	2807101	S	4477	616	5093	0.00058
Microvirga sp. 17 mud 1-3	2082949	S	2146	396	2542	0.00029
Microvirga ossetica	1882682	S	4877	770	5647	0.00064
Microvirga thermotolerans	2651334	S	2519	617	3136	0.00036
Methylorubrum populi	223967	S	4289	1965	6254	0.00071
Methylorubrum extorquens	408	S	3516	4836	8352	0.00095
Methylorubrum sp. B1-46	2897334	S	1274	419	1693	0.00019
Bosea sp. AS-1	2015316	S	19275	3868	23143	0.00263
Bosea sp. ANAM02	2020412	S	10603	2456	13059	0.00148
Bosea sp. F3-2	2599640	S	5199	1066	6265	0.00071
Bosea sp. Tri-49	1867715	S	3586	560	4146	0.00047
Bosea sp. RAC05	1842539	S	3056	663	3719	0.00042
Bosea sp. PAMC 26642	1792307	S	2388	339	2727	0.00031
Bosea vaviloviae	1526658	S	2934	498	3432	0.00039
Devosia sp. A16	1736675	S	5787	628	6415	0.00073
Devosia sp. JXJ CY 41	2917991	S	1140	220	1360	0.00015
Devosia sp. SL43	2806348	S	1113	216	1329	0.00015
Devosia sp. 1566	2499144	S	1044	114	1158	0.00013
Devosia ginsengisoli	400770	S	1308	252	1560	0.00018
Devosia beringensis	2657486	S	1250	191	1441	0.00016
Devosia salina	2860336	S	1120	422	1542	0.00018
Devosia oryziradicis	2801335	S	1014	200	1214	0.00014
Youhaiella tibetensis	1447062	S	1644	343	1987	0.00023
Paradevosia shaoguanensis	1335043	S	1612	544	2156	0.00024
Nordella sp. HKS 07	2712222	S	11259	499	11758	0.00134
Pseudorhodoplanes sinuspersici	1235591	S	5704	324	6028	0.00068
Terrihabitans soli	708113	S	1513	134	1647	0.00019
Aureimonas sp. SA4125	2826993	S	1881	313	2194	0.00025
Aureimonas sp. AU20	1349819	S	1791	257	2048	0.00023
Aureimonas populi	1701758	S	1454	345	1799	0.00020
Aureimonas mangrovi	2758041	S	1394	347	1741	0.00020
Martelella mediterranea	293089	S	1026	870	1896	0.00022
Aurantimonas sp. HBX-1	2906072	S	2192	532	2724	0.00031
Methylocystis parvus	134	S	1534	157	1691	0.00019
Methylocystis bryophila	655015	S	1387	120	1507	0.00017
Methylocystis heyeri	391905	S	1355	132	1487	0.00017
Methylocystis rosea	173366	S	1013	1260	2273	0.00026
Methylosinus trichosporium	426	S	2037	355	2392	0.00027
Methylosinus sp. C49	2699395	S	1654	283	1937	0.00022
Phreatobacter stygius	1940610	S	4009	490	4499	0.00051
Phreatobacter cathodiphilus	1868589	S	3016	740	3756	0.00043
Phreatobacter sp. NMCR1094	2570229	S	2515	395	2910	0.00033
Stappia indica	538381	S	2272	459	2731	0.00031
Stappia sp. ES.058	1881061	S	1222	134	1356	0.00015
Roseibium aggregatum	187304	S	1436	203	1639	0.00019
Pannonibacter phragmitetus	121719	S	1800	999	2799	0.00032
Methylocella silvestris	199596	S	1529	173	1702	0.00019
Methylocella tundrae	227605	S	1294	127	1421	0.00016
Methylovirgula ligni	569860	S	1301	135	1436	0.00016
Methylovirgula sp. HY1	2822761	S	1016	59	1075	0.00012
Kaustia mangrovi	2593653	S	2681	216	2897	0.00033
Parvibaculum lavamentivorans	256618	S	1410	875	2285	0.00026
Pyruvatibacter mobilis	1712261	S	1002	116	1118	0.00013
Blastochloris tepida	2233851	S	2779	790	3569	0.00041
Blastochloris viridis	1079	S	2423	572	2995	0.00034
Chelatococcus sp. CO-6	1702325	S	2481	1312	3793	0.00043
Chelatococcus daeguensis	444444	S	1386	754	2140	0.00024
Kaistia sp. 32K	2795690	S	4351	864	5215	0.00059
Acuticoccus sp. I52.16.1	2928472	S	3072	290	3362	0.00038
Hartmannibacter diazotrophicus	1482074	S	2029	285	2314	0.00026
Breoghania sp. L-A4	2304600	S	1850	200	2050	0.00023
Sphingomonas sp. DM2-R-LB4	2899123	S	3571	1164	4735	0.00054
Sphingomonas sp. CL5.1	2653203	S	2995	930	3925	0.00045
Sphingomonas sp. S8-45	2938948	S	2798	333	3131	0.00036
Sphingomonas sp. Cra20	1327635	S	2685	409	3094	0.00035
Sphingomonas sp. AK-PDB1-5	2872652	S	2519	396	2915	0.00033
Sphingomonas sp. LM7	1938607	S	2438	513	2951	0.00034
Sphingomonas sp. HDW15A	2714942	S	2315	189	2504	0.00028
Sphingomonas sp. MM-1	745310	S	2284	2772	5056	0.00057
Sphingomonas sp. AP4-R1	2735134	S	2264	280	2544	0.00029
Sphingomonas sp. AAP5	1523415	S	2140	529	2669	0.00030
Sphingomonas sp. FARSPH	2219696	S	1872	1512	3384	0.00038
Sphingomonas sp. S2-65	2903960	S	1867	367	2234	0.00025
Sphingomonas sp. NBWT7	2596913	S	1849	619	2468	0.00028
Sphingomonas sp. PAMC26645	2565555	S	1649	524	2173	0.00025
Sphingomonas sp. HMP9	1517554	S	1507	638	2145	0.00024
Sphingomonas sp. KC8	1030157	S	1388	172	1560	0.00018
Sphingomonas sp. HMP6	1517551	S	1368	259	1627	0.00018
Sphingomonas sp. LK11	1390395	S	1018	999	2017	0.00023
Sphingomonas lutea	1045317	S	8091	1042	9133	0.00104
Sphingomonas sediminicola	386874	S	5553	532	6085	0.00069
Sphingomonas daechungensis	1176646	S	5255	506	5761	0.00065
Sphingomonas ginsengisoli An et al. 2013	363835	S	4508	607	5115	0.00058
Sphingomonas sabuli	2764186	S	4497	547	5044	0.00057
Sphingomonas sinipercae	2714944	S	4413	591	5004	0.00057
Sphingomonas alpina	653931	S	3649	296	3945	0.00045
Sphingomonas panacisoli	1813879	S	3511	463	3974	0.00045
Sphingomonas rhizophila	2071607	S	3353	825	4178	0.00047
Sphingomonas piscis	2714943	S	3056	282	3338	0.00038
Sphingomonas sanxanigenens	397260	S	2775	1208	3983	0.00045
Sphingomonas profundi	2681549	S	2685	419	3104	0.00035
Sphingomonas hengshuiensis	1609977	S	2536	321	2857	0.00032
Sphingomonas panacis	1560345	S	2371	342	2713	0.00031
Sphingomonas xanthus	2594473	S	2295	496	2791	0.00032
Sphingomonas koreensis	93064	S	2142	1486	3628	0.00041
Sphingomonas taxi	1549858	S	2087	637	2724	0.00031
Sphingomonas changnyeongensis	2698679	S	1676	321	1997	0.00023
Sphingomonas suaedae	2599297	S	1611	201	1812	0.00021
Sphingomonas radiodurans	2890321	S	1597	209	1806	0.00021
Sphingomonas aliaeris	2759526	S	1521	187	1708	0.00019
Sphingomonas paucimobilis	13689	S	1504	931	2435	0.00028
Sphingomonas insulae	424800	S	1496	421	1917	0.00022
Sphingomonas melonis	152682	S	1000	4124	5124	0.00058
Sphingopyxis sp. BSN-002	2911495	S	4199	740	4939	0.00056
Sphingopyxis sp. OPL5	2486273	S	3225	607	3832	0.00044
Sphingopyxis sp. QXT-31	1357916	S	3044	836	3880	0.00044
Sphingopyxis sp. YF1	2482763	S	2717	617	3334	0.00038
Sphingopyxis sp. PAMC25046	2565556	S	2623	1103	3726	0.00042
Sphingopyxis sp. 113P3	292913	S	2215	776	2991	0.00034
Sphingopyxis sp. EG6	1874061	S	2142	991	3133	0.00036
Sphingopyxis sp. FD7	1914525	S	2036	787	2823	0.00032
Sphingopyxis macrogoltabida	33050	S	5885	2630	8515	0.00097
Sphingopyxis lindanitolerans	2054227	S	4619	2102	6721	0.00076
Sphingopyxis terrae	33052	S	4135	2461	6596	0.00075
Sphingopyxis fribergensis	1515612	S	2716	948	3664	0.00042
Sphingopyxis granuli	267128	S	1624	3933	5557	0.00063
Sphingopyxis alaskensis	117207	S	1618	339	1957	0.00022
Sphingobium sp. TKS	1315974	S	7154	10881	18035	0.00205
Sphingobium sp. YG1	2082188	S	1609	719	2328	0.00026
Sphingobium sp. SYK-6	627192	S	1536	405	1941	0.00022
Sphingobium sp. CAP-1	2676077	S	1349	897	2246	0.00026
Sphingobium sp. EP60837	1855519	S	1297	434	1731	0.00020
Sphingobium yanoikuyae	13690	S	2485	6156	8641	0.00098
Sphingobium indicum	332055	S	2211	1975	4186	0.00048
Sphingobium chlorophenolicum	46429	S	2179	1031	3210	0.00036
Sphingobium amiense	135719	S	1335	1635	2970	0.00034
Sphingobium phenoxybenzoativorans	1592790	S	1176	472	1648	0.00019
Sphingobium xenophagum	121428	S	1157	760	1917	0.00022
Sphingobium cloacae	120107	S	1140	1598	2738	0.00031
Novosphingobium sp. ES2-1	2780074	S	3211	1480	4691	0.00053
Novosphingobium sp. Sx8-5	2896849	S	2622	351	2973	0.00034
Novosphingobium sp. Gsoil 351	2675225	S	2170	187	2357	0.00027
Novosphingobium sp. EMRT-2	2571749	S	2040	1110	3150	0.00036
Novosphingobium sp. P6W	1609758	S	2017	341	2358	0.00027
Novosphingobium sp. THN1	1016987	S	1681	521	2202	0.00025
Novosphingobium resinovorum	158500	S	3181	1443	4624	0.00053
Novosphingobium aromaticivorans	48935	S	2776	1229	4005	0.00046
Novosphingobium decolorationis	2698673	S	1506	770	2276	0.00026
Novosphingobium ginsenosidimutans	1176536	S	1430	147	1577	0.00018
Novosphingobium pentaromativorans	205844	S	1145	1979	3124	0.00035
Rhizorhabdus wittichii	160791	S	10735	5527	16262	0.00185
Rhizorhabdus dicambivorans	1850238	S	2528	1747	4275	0.00049
Rhizorhabdus phycosphaerae	2711156	S	1772	187	1959	0.00022
Sphingosinithalassobacter sp. CS137	2762748	S	1525	299	1824	0.00021
Sphingosinithalassobacter tenebrarum	2711215	S	1420	414	1834	0.00021
Allosphingosinicella indica	941907	S	2126	252	2378	0.00027
Parasphingopyxis algicola	2026624	S	1286	93	1379	0.00016
Tardibacter chloracetimidivorans	1921510	S	1275	886	2161	0.00025
Hankyongella ginsenosidimutans	1763828	S	1092	194	1286	0.00015
Erythrobacter sp. HL-111	1798193	S	1117	886	2003	0.00023
Erythrobacter litoralis	39960	S	1520	953	2473	0.00028
Porphyrobacter sp. CACIAM 03H1	2003315	S	1288	583	1871	0.00021
Qipengyuania flava	192812	S	1772	1781	3553	0.00040
Tsuneonella amylolytica	2338327	S	1456	512	1968	0.00022
Tsuneonella dongtanensis	692370	S	1435	349	1784	0.00020
Altererythrobacter sp. TH136	2067415	S	1534	340	1874	0.00021
Altererythrobacter sp. B11	2060312	S	1109	756	1865	0.00021
Croceicoccus marinus	450378	S	1576	1270	2846	0.00032
Sphingosinicella sp. BN140058	1892855	S	2724	244	2968	0.00034
Sphingosinicella microcystinivorans	335406	S	1301	160	1461	0.00017
Sphingosinicella flava	2771430	S	1069	145	1214	0.00014
Sandaracinobacter sp. M6	2759707	S	1111	78	1189	0.00014
Azospirillum sp. B510	137722	S	1671	623	2294	0.00026
Azospirillum sp. TSH100	652764	S	1422	660	2082	0.00024
Azospirillum sp. TSA2s	709810	S	1414	1125	2539	0.00029
Azospirillum brasilense	192	S	5311	4909	10220	0.00116
Azospirillum thermophilum	2202148	S	3228	712	3940	0.00045
Azospirillum thiophilum	528244	S	2089	691	2780	0.00032
Azospirillum ramasamyi	682998	S	1261	750	2011	0.00023
Azospirillum humicireducens	1226968	S	1093	669	1762	0.00020
Azospirillum oryzae	286727	S	1050	958	2008	0.00023
Azospirillum lipoferum	193	S	1018	787	1805	0.00021
Skermanella mucosa	1789672	S	3039	1892	4931	0.00056
Skermanella sp. TT6	2775420	S	2832	2587	5419	0.00062
Skermanella rosea	1817965	S	2491	2028	4519	0.00051
Skermanella pratensis	2233999	S	2438	1215	3653	0.00042
Nitrospirillum amazonense	28077	S	2496	274	2770	0.00031
Indioceanicola profundi	2220096	S	1703	222	1925	0.00022
Niveispirillum cyanobacteriorum	1612173	S	1038	104	1142	0.00013
Roseomonas sp. OT10	2897332	S	4117	1212	5329	0.00061
Roseomonas sp. S08	1750527	S	3940	333	4273	0.00049
Roseomonas gilardii	257708	S	3060	3678	6738	0.00077
Roseomonas haemaphysalidis	2768162	S	2774	441	3215	0.00037
Roseomonas marmotae	2768161	S	2580	447	3027	0.00034
Rhodovastum atsumiense	504468	S	4311	614	4925	0.00056
Roseococcus microcysteis	2771361	S	2514	420	2934	0.00033
Sediminicoccus rosea	1225128	S	2169	206	2375	0.00027
Lichenicola cladoniae	1484109	S	1819	139	1958	0.00022
Acidibrevibacterium fodinaquatile	1969806	S	1806	194	2000	0.00023
Gluconacetobacter diazotrophicus	33996	S	1156	737	1893	0.00022
Hypericibacter adhaerens	2602016	S	4478	726	5204	0.00059
Hypericibacter terrae	2602015	S	3978	511	4489	0.00051
Magnetospirillum sp. XM-1	1663591	S	1091	586	1677	0.00019
Magnetospirillum gryphiswaldense	55518	S	1407	113702	115109	0.01308
Magnetospirillum magneticum	84159	S	1119	115	1234	0.00014
Rhodospirillum centenum	34018	S	2088	282	2370	0.00027
Rhodospirillum rubrum	1085	S	1092	80	1172	0.00013
Tistrella mobilis	171437	S	2336	969	3305	0.00038
Ferrovibrio terrae	2594003	S	2030	120	2150	0.00024
Defluviicoccus vanus	111831	S	1358	115	1473	0.00017
Stella humosa	94	S	4929	322	5251	0.00060
Elioraea tepida	2843330	S	2219	110	2329	0.00026
Paracoccus sanguinis	1545044	S	1251	499	1750	0.00020
Paracoccus yeei	147645	S	1143	3186	4329	0.00049
Cereibacter sphaeroides	1063	S	2795	3142	5937	0.00067
Rhodobacter sp. CZR27	2033869	S	1072	518	1590	0.00018
Rhodobacter capsulatus	1061	S	1273	385	1658	0.00019
Polymorphum gilvum	991904	S	1889	466	2355	0.00027
Paroceanicella profunda	2579971	S	1718	851	2569	0.00029
Pikeienuella piscinae	2748098	S	1210	133	1343	0.00015
Pontivivens ytuae	2789856	S	1111	120	1231	0.00014
Pelagovum pacificum	2588711	S	1085	208	1293	0.00015
Roseovarius indicus	540747	S	1099	1072	2171	0.00025
Salipiger profundus	1229727	S	1310	1216	2526	0.00029
Roseivivax marinus	1379903	S	1228	409	1637	0.00019
Celeribacter indicus	1208324	S	1110	1152	2262	0.00026
Yangia pacifica	311180	S	1129	365	1494	0.00017
Sagittula sp. P11	2009329	S	1081	1003	2084	0.00024
Caulobacter sp. S6	2823693	S	3878	389	4267	0.00048
Caulobacter sp. FWC26	69665	S	1379	455	1834	0.00021
Caulobacter segnis	88688	S	4555	1576	6131	0.00070
Caulobacter rhizosphaerae	2010972	S	4322	954	5276	0.00060
Caulobacter mirabilis	69666	S	3391	562	3953	0.00045
Caulobacter soli	2708539	S	2975	714	3689	0.00042
Caulobacter vibrioides	155892	S	2877	2592	5469	0.00062
Caulobacter flavus	1679497	S	2773	624	3397	0.00039
Caulobacter henricii	69395	S	1276	175	1451	0.00016
Brevundimonas sp. M20	2591463	S	1694	789	2483	0.00028
Brevundimonas sp. LM2	1938605	S	1118	990	2108	0.00024
Brevundimonas naejangsanensis	588932	S	1765	1882	3647	0.00041
Brevundimonas goettingensis	2774190	S	1310	443	1753	0.00020
Brevundimonas albigilva	1312364	S	1204	1493	2697	0.00031
Brevundimonas subvibrioides	74313	S	1047	466	1513	0.00017
Phenylobacterium zucineum	284016	S	7884	1476	9360	0.00106
Phenylobacterium parvum	2201350	S	1982	203	2185	0.00025
Terricaulis silvestris	2686094	S	1157	37	1194	0.00014
Marinicauda algicola	2029849	S	1438	228	1666	0.00019
Burkholderia anthina	179879	S	4715	4876	9591	0.00109
Burkholderia multivorans	87883	S	4176	15745	19921	0.00226
Burkholderia ubonensis	101571	S	4026	2622	6648	0.00076
Burkholderia cenocepacia	95486	S	3686	18695	22381	0.00254
Burkholderia cepacia	292	S	3163	7526	10689	0.00121
Burkholderia pyrrocinia	60550	S	2009	1241	3250	0.00037
Burkholderia ambifaria	152480	S	1793	2896	4689	0.00053
Burkholderia contaminans	488447	S	1735	1132	2867	0.00033
Burkholderia stabilis	95485	S	1548	1161	2709	0.00031
Burkholderia lata	482957	S	1419	1286	2705	0.00031
Burkholderia stagnalis	1503054	S	1387	507	1894	0.00022
Burkholderia dolosa	152500	S	1173	772	1945	0.00022
Burkholderia territorii	1503055	S	1102	592	1694	0.00019
Burkholderia pseudomallei	28450	S	1799	14509	16308	0.00185
Burkholderia mayonis	1385591	S	1299	324	1623	0.00018
Burkholderia thailandensis	57975	S	1201	4775	5976	0.00068
Burkholderia sp. DHOD12	2571746	S	1862	829	2691	0.00031
Burkholderia sp. Bp7605	1740163	S	1110	854	1964	0.00022
Burkholderia gladioli	28095	S	4732	1693	6425	0.00073
Burkholderia glumae	337	S	1741	796	2537	0.00029
Burkholderia plantarii	41899	S	1325	570	1895	0.00022
Burkholderia perseverans	2615214	S	1142	530	1672	0.00019
Cupriavidus pauculus	82633	S	11999	5500	17499	0.00199
Cupriavidus campinensis	151783	S	11359	4656	16015	0.00182
Cupriavidus taiwanensis	164546	S	10267	10865	21132	0.00240
Cupriavidus pinatubonensis	248026	S	7861	1468	9329	0.00106
Cupriavidus basilensis	68895	S	7199	3836	11035	0.00125
Cupriavidus sp. EM10	2839983	S	5197	3545	8742	0.00099
Cupriavidus metallidurans	119219	S	5864	9961	15825	0.00180
Cupriavidus necator	106590	S	4715	5878	10593	0.00120
Cupriavidus oxalaticus	96344	S	4539	2228	6767	0.00077
Paraburkholderia sp. SOS3	1926494	S	1506	297	1803	0.00020
Paraburkholderia graminis	60548	S	2204	669	2873	0.00033
Paraburkholderia aromaticivorans	2026199	S	2136	1135	3271	0.00037
Paraburkholderia pallida	2547399	S	2085	443	2528	0.00029
Paraburkholderia phytofirmans	261302	S	1924	1079	3003	0.00034
Paraburkholderia caribensis	75105	S	1893	1877	3770	0.00043
Paraburkholderia acidisoli	2571748	S	1862	390	2252	0.00026
Paraburkholderia tropica	92647	S	1790	469	2259	0.00026
Paraburkholderia edwinii	2861782	S	1687	276	1963	0.00022
Paraburkholderia acidiphila	2571747	S	1655	375	2030	0.00023
Paraburkholderia atlantica	2654982	S	1396	412	1808	0.00021
Paraburkholderia terricola	169427	S	1376	498	1874	0.00021
Paraburkholderia sprentiae	948107	S	1306	346	1652	0.00019
Paraburkholderia phymatum	148447	S	1304	420	1724	0.00020
Paraburkholderia fungorum	134537	S	1230	358	1588	0.00018
Paraburkholderia phenoliruptrix	252970	S	1187	431	1618	0.00018
Paraburkholderia megapolitana	420953	S	1178	126	1304	0.00015
Paraburkholderia ginsengisoli	311231	S	1105	411	1516	0.00017
Paraburkholderia caledonica	134536	S	1102	242	1344	0.00015
Paraburkholderia terrae	311230	S	1086	1682	2768	0.00031
Caballeronia sp. Lep1P3	2878150	S	2192	2464	4656	0.00053
Caballeronia sp. TF1N1	2878153	S	1531	518	2049	0.00023
Caballeronia grimmiae	1071679	S	5046	2483	7529	0.00086
Caballeronia zhejiangensis	871203	S	3745	821	4566	0.00052
Caballeronia insecticola	758793	S	2144	424	2568	0.00029
Pandoraea sp. XY-2	2518599	S	8735	4810	13545	0.00154
Pandoraea pnomenusa	93220	S	1858	1047	2905	0.00033
Pandoraea pulmonicola	93221	S	1324	328	1652	0.00019
Pandoraea thiooxydans	445709	S	1248	107	1355	0.00015
Ralstonia solanacearum	305	S	4534	10907	15441	0.00175
Ralstonia mannitolilytica	105219	S	1341	1520	2861	0.00033
Ralstonia insidiosa	190721	S	1277	930	2207	0.00025
Ralstonia pickettii	329	S	1015	453	1468	0.00017
Variovorax sp. SRS16	282217	S	9231	14541	23772	0.00270
Variovorax sp. HW608	1034889	S	5434	946	6380	0.00072
Variovorax sp. PBS-H4	434008	S	5146	3413	8559	0.00097
Variovorax sp. PBL-E5	434014	S	3630	6637	10267	0.00117
Variovorax sp. PBL-H6	434009	S	3107	2574	5681	0.00065
Variovorax sp. RA8	662548	S	2985	2237	5222	0.00059
Variovorax sp. WDL1	207745	S	2917	4220	7137	0.00081
Variovorax sp. PAMC 28711	1795631	S	2526	448	2974	0.00034
Variovorax sp. RKNM96	2681552	S	2342	904	3246	0.00037
Variovorax sp. PAMC26660	2762322	S	2288	576	2864	0.00033
Variovorax sp. PAMC28562	2762323	S	1925	174	2099	0.00024
Variovorax sp. 38R	2774875	S	1340	1787	3127	0.00036
Variovorax paradoxus	34073	S	11310	10392	21702	0.00247
Variovorax boronicumulans	436515	S	1621	1250	2871	0.00033
Acidovorax sp. KKS102	358220	S	1515	1348	2863	0.00033
Acidovorax sp. YS12	2738413	S	1495	1404	2899	0.00033
Acidovorax avenae	80867	S	3167	3228	6395	0.00073
Acidovorax antarcticus	2743470	S	1728	1395	3123	0.00035
Acidovorax monticola	1926868	S	1724	801	2525	0.00029
Acidovorax carolinensis	553814	S	1164	1188	2352	0.00027
Hydrogenophaga sp. BA0156	2716225	S	2337	1894	4231	0.00048
Hydrogenophaga sp. BPS33	2651974	S	2094	1917	4011	0.00046
Hydrogenophaga sp. YM1	2806262	S	2089	1226	3315	0.00038
Hydrogenophaga sp. PBC	795665	S	1863	2377	4240	0.00048
Hydrogenophaga sp. SL48	2806347	S	1680	916	2596	0.00029
Hydrogenophaga sp. PBL-H3	434010	S	1313	1363	2676	0.00030
Hydrogenophaga sp. RAC07	1842537	S	1223	514	1737	0.00020
Hydrogenophaga taeniospiralis	65656	S	1393	1185	2578	0.00029
Rhodoferax koreense	1842727	S	8372	4623	12995	0.00148
Rhodoferax sp. BAB1	2741720	S	1693	529	2222	0.00025
Rhodoferax sediminis	2509614	S	2135	365	2500	0.00028
Comamonas sp. NLF-7-7	2597701	S	1068	1129	2197	0.00025
Comamonas aquatica	225991	S	1446	1587	3033	0.00034
Comamonas serinivorans	1082851	S	1378	414	1792	0.00020
Comamonas testosteroni	285	S	1253	2814	4067	0.00046
Ramlibacter tataouinensis	94132	S	11585	4902	16487	0.00187
Polaromonas sp. JS666	296591	S	5772	2723	8495	0.00097
Polaromonas naphthalenivorans	216465	S	1513	238	1751	0.00020
Schlegelella thermodepolymerans	215580	S	3405	1741	5146	0.00058
Schlegelella brevitalea	413882	S	3132	479	3611	0.00041
Diaphorobacter sp. HDW4A	2714924	S	1046	1503	2549	0.00029
Diaphorobacter ruginosibacter	1715720	S	1222	651	1873	0.00021
Diaphorobacter aerolatus	1288495	S	1013	2090	3103	0.00035
Delftia tsuruhatensis	180282	S	1262	4037	5299	0.00060
Delftia acidovorans	80866	S	1130	2557	3687	0.00042
Kinneretia sp. DAIF2	2714952	S	3862	1450	5312	0.00060
Kinneretia sp. XES5	2877940	S	1286	1565	2851	0.00032
Ottowia sp. 27C	2816950	S	1427	296	1723	0.00020
Ottowia oryzae	2109914	S	1256	298	1554	0.00018
Alicycliphilus denitrificans	179636	S	2886	5437	8323	0.00095
Melaminivora sp. SC2-9	2109913	S	1230	1547	2777	0.00032
Melaminivora jejuensis	1267217	S	1074	893	1967	0.00022
Verminephrobacter eiseniae	364317	S	1414	189	1603	0.00018
Hylemonella gracilis	80880	S	1279	199	1478	0.00017
Pulveribacter suum	2116657	S	1114	628	1742	0.00020
Massilia sp. WG5	1707785	S	8126	5077	13203	0.00150
Massilia sp. HC52	2852099	S	3052	1543	4595	0.00052
Massilia sp. DM-R-R2A-13	2899220	S	2554	1028	3582	0.00041
Massilia sp. LPB0304	2769491	S	2259	1424	3683	0.00042
Massilia sp. YMA4	1593482	S	1945	1303	3248	0.00037
Massilia sp. NP310	2861282	S	1646	1384	3030	0.00034
Massilia sp. PAMC28688	2861283	S	1343	338	1681	0.00019
Massilia putida	1141883	S	7733	2420	10153	0.00115
Massilia violaceinigra	2045208	S	3130	855	3985	0.00045
Massilia flava	871742	S	2939	718	3657	0.00042
Massilia albidiflava	321983	S	1930	734	2664	0.00030
Massilia umbonata	864828	S	1842	712	2554	0.00029
Massilia plicata	321984	S	1837	478	2315	0.00026
Massilia armeniaca	2072590	S	1831	906	2737	0.00031
Massilia lutea	321985	S	1825	544	2369	0.00027
Massilia oculi	945844	S	1427	848	2275	0.00026
Massilia antarctica	2765360	S	1389	487	1876	0.00021
Duganella sp. GN2-R2	2728020	S	2758	1161	3919	0.00045
Duganella sp. AF9R3	2728021	S	1735	366	2101	0.00024
Herbaspirillum hiltneri	341045	S	4680	837	5517	0.00063
Herbaspirillum robiniae	2014887	S	1740	670	2410	0.00027
Herbaspirillum frisingense	92645	S	1256	414	1670	0.00019
Herbaspirillum seropedicae	964	S	1229	464	1693	0.00019
Herbaspirillum sp. meg3	2025949	S	1169	143	1312	0.00015
Herbaspirillum rubrisubalbicans	80842	S	1114	546	1660	0.00019
Herbaspirillum huttiense	863372	S	1015	430	1445	0.00016
Janthinobacterium sp. 17J80-10	2497863	S	1018	478	1496	0.00017
Janthinobacterium agaricidamnosum	55508	S	1514	3297	4811	0.00055
Collimonas fungivorans	158899	S	1488	412	1900	0.00022
Collimonas arenae	279058	S	1232	164	1396	0.00016
Collimonas pratensis	279113	S	1057	217	1274	0.00014
Noviherbaspirillum sp. UKPF54	2601898	S	2312	418	2730	0.00031
Achromobacter xylosoxidans	85698	S	5255	10501	15756	0.00179
Achromobacter sp. AONIH1	1758194	S	1485	2189	3674	0.00042
Achromobacter sp. MFA1 R4	1881016	S	1208	908	2116	0.00024
Achromobacter spanius	217203	S	2427	1139	3566	0.00041
Achromobacter denitrificans	32002	S	2397	2166	4563	0.00052
Achromobacter deleyi	1353891	S	1643	1439	3082	0.00035
Achromobacter insolitus	217204	S	1177	412	1589	0.00018
Bordetella sp. H567	1697043	S	1612	536	2148	0.00024
Bordetella sp. N	1746199	S	1510	277	1787	0.00020
Bordetella genomosp. 8	1416806	S	1865	772	2637	0.00030
Bordetella bronchialis	463025	S	1853	786	2639	0.00030
Bordetella genomosp. 13	463040	S	1724	1487	3211	0.00036
Bordetella flabilis	463014	S	1560	292	1852	0.00021
Bordetella genomosp. 9	1416803	S	1453	631	2084	0.00024
Bordetella hinzii	103855	S	1222	2263	3485	0.00040
Bordetella petrii	94624	S	1199	1830	3029	0.00034
Pigmentiphaga sp. H8	2488560	S	4687	680	5367	0.00061
Orrella dioscoreae	1851544	S	1392	545	1937	0.00022
Castellaniella defragrans	75697	S	1394	974	2368	0.00027
Rhizobacter sp. AJA081-3	2753607	S	5143	1434	6577	0.00075
Rhizobacter gummiphilus	946333	S	4643	1009	5652	0.00064
Aquincola tertiaricarbonis	391953	S	8329	3079	11408	0.00130
Methylibium petroleiphilum	105560	S	2664	2439	5103	0.00058
Methylibium sp. Pch-M	2082386	S	2319	1944	4263	0.00048
Sphaerotilus sp. FB-5	2914710	S	2831	1869	4700	0.00053
Sphaerotilus natans	34103	S	2746	1176	3922	0.00045
Rubrivivax gelatinosus	28068	S	4824	1648	6472	0.00074
Mitsuaria sp. 7	1658665	S	3652	787	4439	0.00050
Leptothrix cholodnii	34029	S	3363	1164	4527	0.00051
Thiomonas sp. X19	1050370	S	1212	1057	2269	0.00026
Xylophilus rhododendri	2697032	S	2544	794	3338	0.00038
Ideonella dechloratans	36863	S	2105	1344	3449	0.00039
Roseateles depolymerans	76731	S	1679	349	2028	0.00023
Aquabacterium olei	1296669	S	1516	438	1954	0.00022
Tepidimonas taiwanensis	307486	S	1415	554	1969	0.00022
Paucibacter sp. KCTC 42545	1768242	S	1110	213	1323	0.00015
Inhella inkyongensis	392593	S	1052	185	1237	0.00014
Usitatibacter rugosus	2732067	S	7730	1041	8771	0.00100
Usitatibacter palustris	2732487	S	5794	829	6623	0.00075
Nitrosospira lacus	1288494	S	2976	139	3115	0.00035
Nitrosospira multiformis	1231	S	2265	97	2362	0.00027
Nitrosospira briensis	35799	S	1141	805	1946	0.00022
Nitrosospira sp. NRS527	155925	S	1074	707	1781	0.00020
Denitratisoma sp. DHT3	1981880	S	1266	1043	2309	0.00026
Sulfuritalea hydrogenivorans	748811	S	1600	282	1882	0.00021
Methyloversatilis sp. RAC08	1842540	S	1387	216	1603	0.00018
Sterolibacterium denitrificans	157592	S	1082	325	1407	0.00016
Thiobacillus denitrificans	36861	S	2099	467	2566	0.00029
Sulfuritortus calidifontis	1914471	S	1188	579	1767	0.00020
Sulfurimicrobium lacus	2715678	S	1092	197	1289	0.00015
Thauera sp. MZ1T	85643	S	2003	2535	4538	0.00052
Thauera sp. K11	2005884	S	1983	1390	3373	0.00038
Thauera humireducens	1134435	S	1291	988	2279	0.00026
Azoarcus sp. KH32C	748247	S	2214	458	2672	0.00030
Azoarcus sp. DD4	2027405	S	1688	1164	2852	0.00032
Azoarcus olearius	418699	S	1955	811	2766	0.00031
Azoarcus communis	41977	S	1496	602	2098	0.00024
Nitrogeniibacter mangrovi	2016596	S	1631	392	2023	0.00023
Aromatoleum petrolei	76116	S	2071	588	2659	0.00030
Aromatoleum aromaticum	551760	S	1555	1207	2762	0.00031
Aromatoleum pumilum	2067960	S	1381	567	1948	0.00022
Aromatoleum bremense	76115	S	1358	830	2188	0.00025
Azospira restricta	404405	S	3254	2569	5823	0.00066
Niveibacterium microcysteis	2811415	S	1355	226	1581	0.00018
Dechloromonas denitrificans	281362	S	1500	547	2047	0.00023
Ferribacterium limneticum	76259	S	1874	420	2294	0.00026
Chromobacterium sp. ATCC 53434	2059672	S	1033	1160	2193	0.00025
Chromobacterium vaccinii	1108595	S	1070	2036	3106	0.00035
Jeongeupia sp. USM3	1906741	S	1380	476	1856	0.00021
Pseudogulbenkiania sp. NH8B	748280	S	1222	651	1873	0.00021
Crenobacter cavernae	2290923	S	1450	994	2444	0.00028
Casimicrobium huifangae	2591109	S	1187	561	1748	0.00020
Lysobacter lycopersici	1324796	S	18059	4306	22365	0.00254
Lysobacter sp. KIS68-7	2904252	S	3285	760	4045	0.00046
Lysobacter sp. TY2-98	2290922	S	2789	519	3308	0.00038
Lysobacter sp. 5GHs7-4	2904253	S	2131	803	2934	0.00033
Lysobacter sp. CECT 30171	2822368	S	1804	527	2331	0.00026
Lysobacter sp. S4-A87	2925843	S	1699	722	2421	0.00028
Lysobacter sp. K5869	2820808	S	1517	978	2495	0.00028
Lysobacter sp. CW239	2762611	S	1452	965	2417	0.00027
Lysobacter enzymogenes	69	S	6031	2784	8815	0.00100
Lysobacter capsici	435897	S	5174	7721	12895	0.00147
Lysobacter soli	453783	S	4911	1171	6082	0.00069
Lysobacter solisilvae (ex Woo and Kim 2022)	2865112	S	3244	1108	4352	0.00049
Lysobacter solisilvae (ex Kim et al. 2021)	2763317	S	2381	550	2931	0.00033
Lysobacter antibioticus	84531	S	2275	589	2864	0.00033
Lysobacter maris	1605891	S	2050	572	2622	0.00030
Lysobacter arenosi	2795387	S	1704	691	2395	0.00027
Lysobacter oculi	2698682	S	1570	470	2040	0.00023
Lysobacter alkalisoli	2591633	S	1503	312	1815	0.00021
Stenotrophomonas maltophilia	40324	S	8168	15603	23771	0.00270
Stenotrophomonas rhizophila	216778	S	10136	3474	13610	0.00155
Stenotrophomonas sp. LM091	1904944	S	1466	987	2453	0.00028
Stenotrophomonas acidaminiphila	128780	S	1586	4330	5916	0.00067
Xanthomonas fragariae	48664	S	6542	2530	9072	0.00103
Xanthomonas translucens	343	S	2717	6421	9138	0.00104
Xanthomonas campestris	339	S	2113	2612	4725	0.00054
Xanthomonas sacchari	56458	S	1329	576	1905	0.00022
Xanthomonas arboricola	56448	S	1299	3484	4783	0.00054
Xanthomonas oryzae	347	S	1021	927	1948	0.00022
Xanthomonas theicola	56464	S	1021	476	1497	0.00017
Luteimonas sp. MC1750	2799326	S	1651	656	2307	0.00026
Luteimonas sp. S4-F44	2925842	S	1651	349	2000	0.00023
Luteimonas sp. D4P002	2901869	S	1615	459	2074	0.00024
Luteimonas sp. MC1572	2799325	S	1388	680	2068	0.00024
Luteimonas sp. MC1825	2761107	S	1338	673	2011	0.00023
Luteimonas sp. JM171	1896164	S	1276	281	1557	0.00018
Luteimonas sp. YGD11-2	2508168	S	1274	601	1875	0.00021
Luteimonas granuli	1176533	S	1546	618	2164	0.00025
Luteimonas chenhongjianii	2006110	S	1351	317	1668	0.00019
Luteimonas yindakuii	2565782	S	1230	510	1740	0.00020
Thermomonas sp. XSG	2771436	S	1774	854	2628	0.00030
Thermomonas sp. HDW16	2714945	S	1562	457	2019	0.00023
Thermomonas aquatica	2202149	S	2919	1670	4589	0.00052
Thermomonas brevis	215691	S	2563	1110	3673	0.00042
Thermomonas carbonis	1463158	S	1731	410	2141	0.00024
Pseudoxanthomonas suwonensis	314722	S	3066	1763	4829	0.00055
Pseudoxanthomonas sp. X-1	2571115	S	1927	1728	3655	0.00042
Pseudoxanthomonas mexicana	128785	S	1817	2943	4760	0.00054
Pseudoxanthomonas daejeonensis	266062	S	1323	372	1695	0.00019
Pseudoxanthomonas spadix	415229	S	1130	521	1651	0.00019
Arenimonas daejeonensis	370777	S	2811	633	3444	0.00039
Pseudolysobacter antarcticus	2511995	S	1766	57	1823	0.00021
Rhodanobacter sp. FDAARGOS 1247	2778082	S	24104	7299	31403	0.00357
Rhodanobacter denitrificans	666685	S	15128	4835	19963	0.00227
Rhodanobacter thiooxydans	416169	S	7926	2988	10914	0.00124
Rhodanobacter glycinis	582702	S	3816	598	4414	0.00050
Dyella thiooxydans	445710	S	12820	3378	16198	0.00184
Dyella japonica	231455	S	2231	648	2879	0.00033
Dyella telluris	2763498	S	2216	573	2789	0.00032
Dyella terrae	522259	S	1415	197	1612	0.00018
Dyella caseinilytica	1849581	S	1163	88	1251	0.00014
Luteibacter sp. 321	2911537	S	2171	624	2795	0.00032
Luteibacter sp. 335	2911538	S	1837	395	2232	0.00025
Luteibacter sp. EIF3	2780091	S	1775	264	2039	0.00023
Luteibacter sp. 353	2911539	S	1427	423	1850	0.00021
Luteibacter pinisoli	2589080	S	1795	442	2237	0.00025
Luteibacter rhizovicinus	242606	S	1685	224	1909	0.00022
Luteibacter anthropi	564369	S	1345	229	1574	0.00018
Frateuria sp. 5GH9-34	2898793	S	5278	1519	6797	0.00077
Frateuria sp. 5GH9-11	1542730	S	3536	1267	4803	0.00055
Dokdonella koreensis	323415	S	5025	869	5894	0.00067
Aerosticca soli	2010829	S	2710	3306	6016	0.00068
Pseudomonas sp. PDNC002	2811422	S	6044	1912	7956	0.00090
Pseudomonas sp. ATCC 13867	1294143	S	5665	2634	8299	0.00094
Pseudomonas sp. SCB32	2653853	S	4384	1344	5728	0.00065
Pseudomonas sp. S34	1573718	S	2760	979	3739	0.00042
Pseudomonas sp. AN-B15	2697023	S	1429	8327	9756	0.00111
Pseudomonas sp. Leaf58	1736226	S	1265	337	1602	0.00018
Pseudomonas sp. HS-18	2879114	S	1232	3051	4283	0.00049
Pseudomonas sp. LAB-08	143813	S	1205	320	1525	0.00017
Pseudomonas multiresinivorans	95301	S	4896	1841	6737	0.00077
Pseudomonas nitroreducens	46680	S	2555	5626	8181	0.00093
Pseudomonas aeruginosa	287	S	5470	80125	85595	0.00973
Pseudomonas mendocina	300	S	1596	664	2260	0.00026
Pseudomonas alcaligenes	43263	S	1319	993	2312	0.00026
Pseudomonas fluorescens	294	S	8525	8300	16825	0.00191
Pseudomonas protegens	380021	S	1111	1200	2311	0.00026
Pseudomonas putida	303	S	10594	17072	27666	0.00314
Pseudomonas oryzihabitans	47885	S	1519	393	1912	0.00022
Pseudomonas umsongensis	198618	S	8042	1555	9597	0.00109
Pseudomonas stutzeri	316	S	5619	4198	9817	0.00112
Pseudomonas syringae	317	S	1490	3318	4808	0.00055
Pseudomonas chlororaphis	587753	S	2794	3374	6168	0.00070
Pseudomonas knackmussii	65741	S	2109	2168	4277	0.00049
Pseudomonas entomophila	312306	S	1620	823	2443	0.00028
Pseudomonas otitidis	319939	S	1449	391	1840	0.00021
Pseudomonas psychrotolerans	237610	S	1445	390	1835	0.00021
Pseudomonas koreensis	198620	S	1170	525	1695	0.00019
Pseudomonas oryzae	1392877	S	1137	450	1587	0.00018
Pseudomonas zeae	2745510	S	1106	633	1739	0.00020
Azotobacter chroococcum	353	S	1109	914	2023	0.00023
Pantoea agglomerans	549	S	8900	4204	13104	0.00149
Pantoea vagans	470934	S	2386	3497	5883	0.00067
Serratia marcescens	615	S	1072	5736	6808	0.00077
Spiribacter sp. E85	2182432	S	1698	462	2160	0.00025
Candidatus Thiodictyon syntrophicum	1166950	S	1594	195	1789	0.00020
Marichromatium purpuratum	37487	S	1318	562	1880	0.00021
Thioflavicoccus mobilis	80679	S	1305	241	1546	0.00018
Thiocapsa bogorovii	521689	S	1051	131	1182	0.00013
Halomonas sp. JS92-SW72	2306583	S	2000	5929	7929	0.00090
Solimonas sp. K1W22B-7	2303331	S	3160	392	3552	0.00040
Steroidobacter denitrificans	465721	S	2317	945	3262	0.00037
Sulfurifustis variabilis	1675686	S	2843	211	3054	0.00035
Sulfuricaulis limicola	1620215	S	1326	121	1447	0.00016
Immundisolibacter cernigliae	1810504	S	1814	375	2189	0.00025
Myxococcus xanthus	34	S	3971	46112	50083	0.00569
Myxococcus hansupus	1297742	S	2108	111	2219	0.00025
Myxococcus stipitatus	83455	S	1817	101	1918	0.00022
Myxococcus sp. SCHIC003	2813577	S	1589	88	1677	0.00019
Corallococcus coralloides	184914	S	4180	1468	5648	0.00064
Corallococcus sp. EGB	1521117	S	2377	800	3177	0.00036
Corallococcus macrosporus	35	S	2322	238	2560	0.00029
Pyxidicoccus sp. SCPEA002	2813578	S	5332	175	5507	0.00063
Anaeromyxobacter sp. Red232	2918170	S	6865	717	7582	0.00086
Anaeromyxobacter sp. Red630	2918171	S	5164	683	5847	0.00066
Anaeromyxobacter sp. Fw109-5	404589	S	5137	658	5795	0.00066
Anaeromyxobacter sp. K	447217	S	1277	2552	3829	0.00044
Anaeromyxobacter dehalogenans	161493	S	4005	2986	6991	0.00079
Archangium violaceum	83451	S	8448	1551	9999	0.00114
Archangium gephyra	48	S	4446	960	5406	0.00061
Stigmatella aurantiaca	41	S	3542	206	3748	0.00043
Cystobacter fuscus	43	S	3443	853	4296	0.00049
Melittangium boletus	83453	S	2684	602	3286	0.00037
Vulgatibacter incomptus	1391653	S	3209	244	3453	0.00039
Sorangium cellulosum	56	S	42160	4752	46912	0.00533
Polyangium aurulentum	2567896	S	10418	913	11331	0.00129
Chondromyces crocatus	52	S	5059	228	5287	0.00060
Sandaracinus amylolyticus	927083	S	15867	937	16804	0.00191
Labilithrix luteola	1391654	S	11681	484	12165	0.00138
Haliangium ochraceum	80816	S	7342	369	7711	0.00088
Geomonas sp. RF6	2897342	S	1082	1631	2713	0.00031
Desulfuromonas versatilis	2802975	S	1270	512	1782	0.00020
Persicimonas caeni	2292766	S	2538	100	2638	0.00030
Streptomyces sp. BH-MK-02	2880933	S	13173	3301	16474	0.00187
Streptomyces sp. CdTB01	1725411	S	13072	4510	17582	0.00200
Streptomyces sp. A2-16	2781734	S	11619	4588	16207	0.00184
Streptomyces sp. 3214.6	1882757	S	11184	4025	15209	0.00173
Streptomyces sp. P3	2135430	S	7955	2418	10373	0.00118
Streptomyces sp. GQFP	2907545	S	7649	1573	9222	0.00105
Streptomyces sp. So13.3	2136173	S	7560	1539	9099	0.00103
Streptomyces sp. ZYC-3	2797636	S	7142	1726	8868	0.00101
Streptomyces sp. SN-593	659352	S	7116	1776	8892	0.00101
Streptomyces sp. ST1015	1848900	S	5503	1369	6872	0.00078
Streptomyces sp. Z423-1	2730915	S	5056	1811	6867	0.00078
Streptomyces sp. LRE541	2931983	S	4935	1380	6315	0.00072
Streptomyces sp. CB01881	2078691	S	4730	940	5670	0.00064
Streptomyces sp. RPA4-2	2721244	S	4525	1686	6211	0.00071
Streptomyces sp. SCSIO 64649	2878388	S	4452	833	5285	0.00060
Streptomyces sp. SAT1	1849967	S	4126	1785	5911	0.00067
Streptomyces sp. WAC 01438	2203204	S	3936	1596	5532	0.00063
Streptomyces sp. NEAU-sy36	2751189	S	3845	1720	5565	0.00063
Streptomyces sp. Go 40/10	2825844	S	3790	2095	5885	0.00067
Streptomyces sp. NHF165	2175864	S	3783	707	4490	0.00051
Streptomyces sp. SCUT-3	2684469	S	3769	1546	5315	0.00060
Streptomyces sp. DSM 40868	2721173	S	3695	1636	5331	0.00061
Streptomyces sp. MG62	2838015	S	3676	1724	5400	0.00061
Streptomyces sp. NA02950	2742137	S	3608	817	4425	0.00050
Streptomyces sp. MA3_2.13	2867410	S	3566	477	4043	0.00046
Streptomyces sp. Go-475	2072505	S	3528	2054	5582	0.00063
Streptomyces sp. JB150	2714844	S	3515	1431	4946	0.00056
Streptomyces sp. HM190	2695266	S	3506	1339	4845	0.00055
Streptomyces sp. AMCC400023	2056258	S	3492	1916	5408	0.00061
Streptomyces sp. MG28	2865673	S	3422	1599	5021	0.00057
Streptomyces sp. S1D4-11	2721246	S	3294	3366	6660	0.00076
Streptomyces sp. GMY02	1333528	S	3234	646	3880	0.00044
Streptomyces sp. S4.7	2705439	S	3220	1341	4561	0.00052
Streptomyces sp. MBT27	1488356	S	3194	1081	4275	0.00049
Streptomyces sp. 3025	2923272	S	3161	612	3773	0.00043
Streptomyces sp. BJ20	2930049	S	3114	1515	4629	0.00053
Streptomyces sp. YIM 121038	2136401	S	3092	1135	4227	0.00048
Streptomyces sp. SirexAA-E	862751	S	3063	1083	4146	0.00047
Streptomyces sp. 891-h	2720714	S	3018	606	3624	0.00041
Streptomyces sp. MST-110588	2833628	S	2975	814	3789	0.00043
Streptomyces sp. NA04227	2742136	S	2940	752	3692	0.00042
Streptomyces sp. RTd22	1841249	S	2931	1644	4575	0.00052
Streptomyces sp. GS7	2692234	S	2844	900	3744	0.00043
Streptomyces sp. SM18	1736046	S	2834	928	3762	0.00043
Streptomyces sp. HP-A2021	2927875	S	2657	1925	4582	0.00052
Streptomyces sp. W1SF4	2305220	S	2638	1096	3734	0.00042
Streptomyces sp. PAMC 26508	1265601	S	2585	14959	17544	0.00199
Streptomyces sp. QHH-9511	2684468	S	2567	824	3391	0.00039
Streptomyces sp. CMB-StM0423	2059884	S	2560	1619	4179	0.00047
Streptomyces sp. SYP-A7193	2662065	S	2554	1985	4539	0.00052
Streptomyces sp. jing01	2726118	S	2546	1792	4338	0.00049
Streptomyces sp. C8S0	2585716	S	2527	798	3325	0.00038
Streptomyces sp. Rer75	2750011	S	2485	1538	4023	0.00046
Streptomyces sp. 135	2838850	S	2431	999	3430	0.00039
Streptomyces sp. BHT-5-2	2866715	S	2406	897	3303	0.00038
Streptomyces sp. Tu 2975	2676871	S	2284	874	3158	0.00036
Streptomyces sp. CB09001	2083284	S	2282	1940	4222	0.00048
Streptomyces sp. S501	2420135	S	2201	13780	15981	0.00182
Streptomyces sp. WAC 01529	2203205	S	2122	938	3060	0.00035
Streptomyces sp. HSG2	2797167	S	2069	500	2569	0.00029
Streptomyces sp. fd1-xmd	1812480	S	1941	1057	2998	0.00034
Streptomyces sp. SUK 48	2582831	S	1811	1441	3252	0.00037
Streptomyces sp. INR7	2607753	S	1787	1162	2949	0.00034
Streptomyces sp. TN58	234612	S	1712	980	2692	0.00031
Streptomyces sp. CCM_MD2014	1561022	S	1702	2052	3754	0.00043
Streptomyces sp. MOE7	1961713	S	1641	2653	4294	0.00049
Streptomyces sp. HF10	2692233	S	1537	1385	2922	0.00033
Streptomyces sp. WY228	2855836	S	1528	1037	2565	0.00029
Streptomyces sp. AgN23	1188315	S	1496	1828	3324	0.00038
Streptomyces sp. WAC 06738	2203210	S	1486	2083	3569	0.00041
Streptomyces sp. CNQ-509	444103	S	1449	1985	3434	0.00039
Streptomyces sp. RLB1-33	2721243	S	1384	5987	7371	0.00084
Streptomyces sp. M2	646637	S	1353	11761	13114	0.00149
Streptomyces sp. CRSS-Y-16	2906474	S	1346	12378	13724	0.00156
Streptomyces sp. 2323.1	1938841	S	1332	1061	2393	0.00027
Streptomyces sp. ADI95-16	1522758	S	1285	1567	2852	0.00032
Streptomyces sp. YPW6	2840373	S	1283	829	2112	0.00024
Streptomyces sp. Mg1	465541	S	1263	1639	2902	0.00033
Streptomyces sp. EAS-AB2608	2779671	S	1257	2926	4183	0.00048
Streptomyces sp. RPA4-5	2721245	S	1175	1007	2182	0.00025
Streptomyces sp. 769	1262452	S	1122	1131	2253	0.00026
Streptomyces sp. PBH53	1577075	S	1105	2458	3563	0.00040
Streptomyces rapamycinicus	1226757	S	6312	1734	8046	0.00091
Streptomyces hygroscopicus	1912	S	5663	9964	15627	0.00178
Streptomyces violaceusniger	68280	S	1745	1436	3181	0.00036
Streptomyces yatensis	155177	S	1639	1494	3133	0.00036
Streptomyces venezuelae	54571	S	15308	7349	22657	0.00257
Streptomyces aurantiacus	47760	S	4259	1123	5382	0.00061
Streptomyces cadmiisoli	2184053	S	4031	1083	5114	0.00058
Streptomyces qaidamensis	1783515	S	2644	1307	3951	0.00045
Streptomyces alboniger	132473	S	1818	780	2598	0.00030
Streptomyces koyangensis	188770	S	1244	1542	2786	0.00032
Streptomyces aquilus	2548456	S	13675	4499	18174	0.00206
Streptomyces asoensis	249586	S	12085	3966	16051	0.00182
Streptomyces griseorubiginosus	67304	S	10660	3942	14602	0.00166
Streptomyces lydicus	47763	S	8878	7532	16410	0.00186
Streptomyces chartreusis	1969	S	8648	4201	12849	0.00146
Streptomyces lincolnensis	1915	S	6607	2121	8728	0.00099
Streptomyces niveus	193462	S	6459	3204	9663	0.00110
Streptomyces griseus	1911	S	2481	2543	5024	0.00057
Streptomyces anulatus	1892	S	1781	2410	4191	0.00048
Streptomyces antibioticus	1890	S	5847	2255	8102	0.00092
Streptomyces bingchenggensis	379067	S	5774	1108	6882	0.00078
Streptomyces albus	1888	S	5683	3378	9061	0.00103
Streptomyces bathyalis	2710756	S	5527	891	6418	0.00073
Streptomyces collinus	42684	S	5507	3956	9463	0.00108
Streptomyces griseochromogenes	68214	S	5489	1686	7175	0.00082
Streptomyces seoulensis	73044	S	5207	2087	7294	0.00083
Streptomyces cyaneochromogenes	2496836	S	5186	1710	6896	0.00078
Streptomyces galilaeus	33899	S	5119	1868	6987	0.00079
Streptomyces formicae	1616117	S	5085	1808	6893	0.00078
Streptomyces durmitorensis	319947	S	5053	1170	6223	0.00071
Streptomyces avermitilis	33903	S	4827	1507	6334	0.00072
Streptomyces davaonensis	348043	S	4817	1485	6302	0.00072
Streptomyces griseoviridis	45398	S	4811	1651	6462	0.00073
Streptomyces capitiformicae	2014920	S	4798	858	5656	0.00064
Streptomyces pratensis	1169025	S	4767	1263	6030	0.00069
Streptomyces ferrugineus	1413221	S	4650	1666	6316	0.00072
Streptomyces tsukubensis	83656	S	4469	1047	5516	0.00063
Streptomyces armeniacus	83291	S	4393	600	4993	0.00057
Streptomyces dengpaensis	2049881	S	4373	1317	5690	0.00065
Streptomyces buecherae	2763006	S	4373	1095	5468	0.00062
Streptomyces roseirectus	2768066	S	4343	1129	5472	0.00062
Streptomyces actuosus	1885	S	4296	1961	6257	0.00071
Streptomyces cattleya	29303	S	4224	1187	5411	0.00061
Streptomyces phaeolivaceus	2653200	S	4157	1331	5488	0.00062
Streptomyces spectabilis	68270	S	4083	1496	5579	0.00063
Streptomyces broussonetiae	2686304	S	4030	1344	5374	0.00061
Streptomyces griseocarneus	51201	S	3945	1400	5345	0.00061
Streptomyces xanthii	2768069	S	3741	1167	4908	0.00056
Streptomyces fodineus	1904616	S	3684	1473	5157	0.00059
Streptomyces lunaelactis	1535768	S	3509	763	4272	0.00049
Streptomyces roseochromogenus	285450	S	3473	1224	4697	0.00053
Streptomyces incarnatus	665007	S	3463	1168	4631	0.00053
Streptomyces nigra	1827580	S	3400	1435	4835	0.00055
Streptomyces rimosus	1927	S	3364	857	4221	0.00048
Streptomyces paludis	2282738	S	3314	740	4054	0.00046
Streptomyces calvus	67282	S	3220	1376	4596	0.00052
Streptomyces nodosus	40318	S	3201	854	4055	0.00046
Streptomyces ambofaciens	1889	S	3194	2071	5265	0.00060
Streptomyces liangshanensis	2717324	S	3082	794	3876	0.00044
Streptomyces atratus	1893	S	3073	649	3722	0.00042
Streptomyces dangxiongensis	1442032	S	3068	1163	4231	0.00048
Streptomyces aureoverticillatus	66871	S	3060	897	3957	0.00045
Streptomyces xinghaiensis	1038928	S	3026	904	3930	0.00045
Streptomyces pactum	68249	S	3026	1370	4396	0.00050
Streptomyces alboflavus	67267	S	3013	904	3917	0.00045
Streptomyces albulus	68570	S	2976	967	3943	0.00045
Streptomyces cyanogenus	80860	S	2973	1503	4476	0.00051
Streptomyces glaucescens	1907	S	2972	1384	4356	0.00049
Streptomyces deccanensis	424188	S	2917	1473	4390	0.00050
Streptomyces genisteinicus	2768068	S	2909	929	3838	0.00044
Streptomyces vietnamensis	362257	S	2891	1052	3943	0.00045
Streptomyces prasinus	67345	S	2886	993	3879	0.00044
Streptomyces parvulus	146923	S	2880	1408	4288	0.00049
Streptomyces chromofuscus	42881	S	2869	1207	4076	0.00046
Streptomyces olivoreticuli	68246	S	2768	797	3565	0.00041
Streptomyces fagopyri	2662397	S	2736	1076	3812	0.00043
Streptomyces pluripotens	1355015	S	2724	664	3388	0.00039
Streptomyces viridosporus	67581	S	2675	1173	3848	0.00044
Streptomyces clavuligerus	1901	S	2646	652	3298	0.00037
Streptomyces luteoverticillatus	66425	S	2601	874	3475	0.00039
Streptomyces rectiverticillatus	173860	S	2597	845	3442	0.00039
Streptomyces hundungensis	1077946	S	2595	856	3451	0.00039
Streptomyces ficellus	1977088	S	2555	943	3498	0.00040
Streptomyces globosus	68209	S	2542	953	3495	0.00040
Streptomyces coeruleorubidus	116188	S	2501	1440	3941	0.00045
Streptomyces gilvosporeus	553510	S	2431	821	3252	0.00037
Streptomyces exfoliatus	1905	S	2419	882	3301	0.00038
Streptomyces peucetius	1950	S	2400	684	3084	0.00035
Streptomyces hawaiiensis	67305	S	2374	1229	3603	0.00041
Streptomyces vinaceus	1960	S	2370	916	3286	0.00037
Streptomyces katrae	68223	S	2364	939	3303	0.00038
Streptomyces harbinensis	1176198	S	2359	632	2991	0.00034
Streptomyces lavendulae	1914	S	2333	870	3203	0.00036
Streptomyces tendae	1932	S	2315	1049	3364	0.00038
Streptomyces subrutilus	36818	S	2313	911	3224	0.00037
Streptomyces inhibens	2293571	S	2300	772	3072	0.00035
Streptomyces finlayi	67296	S	2256	540	2796	0.00032
Streptomyces pristinaespiralis	38300	S	2216	951	3167	0.00036
Streptomyces kanamyceticus	1967	S	2185	872	3057	0.00035
Streptomyces nitrosporeus	28894	S	2163	640	2803	0.00032
Streptomyces tuirus	68278	S	2123	1234	3357	0.00038
Streptomyces angustmyceticus	285578	S	2089	942	3031	0.00034
Streptomyces gardneri	66892	S	1971	937	2908	0.00033
Streptomyces tirandamycinicus	2174846	S	1908	680	2588	0.00029
Streptomyces mobaraensis	35621	S	1881	101694	103575	0.01177
Streptomyces qinzhouensis	2599401	S	1828	472	2300	0.00026
Streptomyces nojiriensis	66374	S	1821	911	2732	0.00031
Streptomyces huasconensis	1854574	S	1812	806	2618	0.00030
Streptomyces spongiicola	1690221	S	1759	789	2548	0.00029
Streptomyces rutgersensis	53451	S	1652	884	2536	0.00029
Streptomyces gobiensis	2875706	S	1563	292	1855	0.00021
Streptomyces antimycoticus	68175	S	1552	2148	3700	0.00042
Streptomyces leeuwenhoekii	1437453	S	1538	1304	2842	0.00032
Streptomyces cyaneogriseus	68192	S	1441	1353	2794	0.00032
Streptomyces decoyicus	249567	S	1116	769	1885	0.00021
Streptomyces auratus	114687	S	1074	891	1965	0.00022
Streptomyces platensis	58346	S	1057	1014	2071	0.00024
Kitasatospora sp. MMS16-BH015	2018025	S	3433	1102	4535	0.00052
Kitasatospora sp. NA04385	2742135	S	2848	1500	4348	0.00049
Kitasatospora setae	2066	S	2926	1486	4412	0.00050
Kitasatospora aureofaciens	1894	S	2552	1025	3577	0.00041
Yinghuangia sp. ASG 101	2896848	S	11251	1740	12991	0.00148
Streptacidiphilus sp. P02-A3a	2704468	S	3161	907	4068	0.00046
Streptacidiphilus sp. PB12-B1b	2705012	S	2889	1067	3956	0.00045
Streptacidiphilus bronchialis	2126346	S	2621	813	3434	0.00039
Microbacterium sp. 1.5R	1916917	S	3781	6089	9870	0.00112
Microbacterium sp. CGR1	1696072	S	3145	5383	8528	0.00097
Microbacterium sp. 4R-513	2567934	S	2640	445	3085	0.00035
Microbacterium sp. No. 7	1714373	S	2471	957	3428	0.00039
Microbacterium sp. SSW1-36	2851648	S	1981	382	2363	0.00027
Microbacterium sp. 10M-3C3	2483401	S	1867	460	2327	0.00026
Microbacterium sp. SSW1-51	2851650	S	1773	389	2162	0.00025
Microbacterium sp. JZ31	1906274	S	1753	443	2196	0.00025
Microbacterium sp. CBA3102	2603598	S	1613	353	1966	0.00022
Microbacterium sp. BH-3-3-3	1906742	S	1538	340	1878	0.00021
Microbacterium sp. YJN-G	2763257	S	1525	439	1964	0.00022
Microbacterium sp. Y-01	2048898	S	1505	524	2029	0.00023
Microbacterium sp. XT11	367477	S	1407	268	1675	0.00019
Microbacterium sp. ABRD_28	2268461	S	1353	166	1519	0.00017
Microbacterium sp. TPU 3598	1938334	S	1325	311	1636	0.00019
Microbacterium sp. cx-55	2875948	S	1222	164	1386	0.00016
Microbacterium sp. H1-D42	2925844	S	1214	183	1397	0.00016
Microbacterium sp. NIBRBAC000506063	2734618	S	1199	416	1615	0.00018
Microbacterium sp. PM5	2014534	S	1181	207	1388	0.00016
Microbacterium sp. A18JL241	2782166	S	1169	236	1405	0.00016
Microbacterium sp. LKL04	912630	S	1092	241	1333	0.00015
Microbacterium sp. 1S1	2606451	S	1051	380	1431	0.00016
Microbacterium foliorum	104336	S	5068	1086	6154	0.00070
Microbacterium hominis	162426	S	2425	8393	10818	0.00123
Microbacterium oleivorans	273677	S	2419	451	2870	0.00033
Microbacterium cremeum	2782169	S	2381	476	2857	0.00032
Microbacterium atlanticum	2782168	S	2115	442	2557	0.00029
Microbacterium pygmaeum	370764	S	1953	228	2181	0.00025
Microbacterium lemovicicum	1072463	S	1843	394	2237	0.00025
Microbacterium hydrocarbonoxydans	273678	S	1706	315	2021	0.00023
Microbacterium resistens	156977	S	1583	275	1858	0.00021
Microbacterium oxydans	82380	S	1567	1418	2985	0.00034
Microbacterium aurum	36805	S	1542	458	2000	0.00023
Microbacterium testaceum	2033	S	1528	265	1793	0.00020
Microbacterium sediminis	904291	S	1488	630	2118	0.00024
Microbacterium oryzae	743009	S	1387	386	1773	0.00020
Microbacterium wangchenii	2541726	S	1299	296	1595	0.00018
Microbacterium chocolatum	84292	S	1253	262	1515	0.00017
Microbacterium caowuchunii	2614638	S	1253	223	1476	0.00017
Microbacterium luteum	2782167	S	1243	477	1720	0.00020
Microbacterium protaetiae	2509458	S	1209	247	1456	0.00017
Microbacterium lushaniae	2614639	S	1173	274	1447	0.00016
Microbacterium esteraromaticum	57043	S	1078	236	1314	0.00015
Curtobacterium sp. BH-2-1-1	1905847	S	4334	1547	5881	0.00067
Curtobacterium sp. 24E2	2804758	S	3888	2938	6826	0.00078
Curtobacterium sp. TC1	2862880	S	2515	1780	4295	0.00049
Curtobacterium sp. L6-1	2841594	S	1426	473	1899	0.00022
Curtobacterium sp. YC1	2795488	S	1291	583	1874	0.00021
Curtobacterium sp. MR_MD2014	1561023	S	1156	702	1858	0.00021
Curtobacterium flaccumfaciens	2035	S	5516	2042	7558	0.00086
Curtobacterium luteum	33881	S	3407	1008	4415	0.00050
Agromyces sp. H17E-10	2932244	S	2197	696	2893	0.00033
Agromyces sp. LHK192	2498704	S	1980	552	2532	0.00029
Agromyces sp. CFWR-12	2929802	S	1582	898	2480	0.00028
Agromyces flavus	589382	S	2094	634	2728	0.00031
Agromyces soli	659012	S	2015	705	2720	0.00031
Agromyces aureus	453304	S	1879	515	2394	0.00027
Agromyces protaetiae	2509455	S	1812	504	2316	0.00026
Agromyces marinus	1389020	S	1547	543	2090	0.00024
Agromyces archimandritae	2781962	S	1506	417	1923	0.00022
Agromyces intestinalis	2592652	S	1444	779	2223	0.00025
Agromyces badenianii	2080742	S	1256	399	1655	0.00019
Agromyces laixinhei	2585717	S	1219	271	1490	0.00017
Leifsonia sp. 21MFCrub1.1	1798223	S	3168	3531	6699	0.00076
Leifsonia sp. ZF2019	2781978	S	2645	704	3349	0.00038
Leifsonia sp. PS1209	2724914	S	2344	628	2972	0.00034
Leifsonia shinshuensis	150026	S	3596	1016	4612	0.00052
Leifsonia xyli	1575	S	1434	197	1631	0.00019
Rathayibacter sp. VKM Ac-2759	2609252	S	1919	877	2796	0.00032
Rathayibacter sp. VKM Ac-2760	2609253	S	1653	1430	3083	0.00035
Rathayibacter sp. VKM Ac-2804	2609257	S	1164	1419	2583	0.00029
Rathayibacter festucae	110937	S	1660	1918	3578	0.00041
Rathayibacter tanaceti	1671680	S	1029	269	1298	0.00015
Clavibacter michiganensis	28447	S	6943	7081	14024	0.00159
Leucobacter sp. H25R-14	2932245	S	1115	1135	2250	0.00026
Leucobacter sp. NB 10	2873270	S	1066	629	1695	0.00019
Leucobacter muris	1935379	S	1214	444	1658	0.00019
Leucobacter triazinivorans	1784719	S	1159	714	1873	0.00021
Agrococcus sp. SGAir0287	2070347	S	1814	541	2355	0.00027
Agrococcus sp. SCSIO52902	2933290	S	1579	749	2328	0.00026
Agrococcus sp. Marseille-Q4369	2810513	S	1486	506	1992	0.00023
Agrococcus jejuensis	399736	S	1918	598	2516	0.00029
Agrococcus carbonis	684552	S	1677	751	2428	0.00028
Protaetiibacter intestinalis	2419774	S	1762	653	2415	0.00027
Protaetiibacter sp. SSC-01	2759943	S	1744	661	2405	0.00027
Protaetiibacter larvae	2592654	S	1318	430	1748	0.00020
Salinibacterium sp. ZJ450	2708338	S	1179	201	1380	0.00016
Salinibacterium sp. ZJ70	2708084	S	1092	294	1386	0.00016
Frondihabitans sp. PAMC 28766	1795630	S	1736	234	1970	0.00022
Frondihabitans sp. 762G35	1446794	S	1439	305	1744	0.00020
Herbiconiux sp. SALV-R1	2735133	S	2860	573	3433	0.00039
Microterricola viridarii	412690	S	2658	658	3316	0.00038
Microcella flavibacter	1804990	S	1551	730	2281	0.00026
Cnuibacter physcomitrellae	1619308	S	2194	474	2668	0.00030
Frigoribacterium sp. NBH87	2596916	S	1905	559	2464	0.00028
Gryllotalpicola protaetiae	2419771	S	1741	336	2077	0.00024
Subtercola sp. AK-R2A1-2	2895559	S	1061	102	1163	0.00013
Humibacter sp. WJ7-1	2599293	S	1440	311	1751	0.00020
Amnibacterium sp. L3-i23	2905871	S	1427	340	1767	0.00020
Marisediminicola antarctica	674079	S	1084	135	1219	0.00014
Gulosibacter sediminis	1729695	S	1058	292	1350	0.00015
Arthrobacter sp. NicSoilC5	2831000	S	21412	8837	30249	0.00344
Arthrobacter sp. FW305-BF8	2879617	S	11736	3014	14750	0.00168
Arthrobacter sp. QXT-31	1357915	S	11389	3048	14437	0.00164
Arthrobacter sp. NicSoilB11	2830999	S	4348	9884	14232	0.00162
Arthrobacter sp. StoSoilB19	2830994	S	4274	11172	15446	0.00175
Arthrobacter sp. PM3	2017685	S	2499	314	2813	0.00032
Arthrobacter sp. KBS0702	2578107	S	2404	871	3275	0.00037
Arthrobacter sp. UKPF54-2	2600159	S	2369	906	3275	0.00037
Arthrobacter sp. NtRootA1	2830983	S	2271	538	2809	0.00032
Arthrobacter sp. NicSoilB8	2830998	S	2152	515	2667	0.00030
Arthrobacter sp. 24S4-2	2575374	S	2007	412	2419	0.00027
Arthrobacter sp. PGP41	2079227	S	1986	519	2505	0.00028
Arthrobacter sp. FB24	290399	S	1876	470	2346	0.00027
Arthrobacter sp. FW306-06-A	2879621	S	1802	3644	5446	0.00062
Arthrobacter sp. U41	1849032	S	1759	447	2206	0.00025
Arthrobacter sp. PAMC25564	2565366	S	1727	443	2170	0.00025
Arthrobacter sp. NicSoilB4	2830997	S	1643	475	2118	0.00024
Arthrobacter sp. QL17	2895818	S	1324	360	1684	0.00019
Arthrobacter sp. FW306-2-2C-D06B	2879618	S	1233	237	1470	0.00017
Arthrobacter sp. FW306-07-I	2879622	S	1232	3928	5160	0.00059
Arthrobacter sp. PAMC25284	2861279	S	1161	292	1453	0.00017
Arthrobacter sp. ERGS1:01	1704044	S	1037	234	1271	0.00014
Arthrobacter sp. FW306-05-C	2879620	S	1036	3088	4124	0.00047
Arthrobacter agilis	37921	S	1845	313	2158	0.00025
Arthrobacter crystallopoietes	37928	S	1509	297	1806	0.00021
Arthrobacter sulfonylureivorans	2486855	S	1025	177	1202	0.00014
Pseudarthrobacter sp. NIBRBAC000502770	2590785	S	1846	4485	6331	0.00072
Pseudarthrobacter sp. NIBRBAC000502771	2590774	S	1831	5165	6996	0.00079
Pseudarthrobacter sp. L1SW	2851598	S	1459	559	2018	0.00023
Pseudarthrobacter sp. BIM B-2242	2772401	S	1341	327	1668	0.00019
Pseudarthrobacter equi	728066	S	1843	1004	2847	0.00032
Pseudarthrobacter chlorophenolicus	85085	S	1713	849	2562	0.00029
Pseudarthrobacter phenanthrenivorans	361575	S	1580	699	2279	0.00026
Kocuria rosea	1275	S	1619	897	2516	0.00029
Kocuria turfanensis	388357	S	1471	992	2463	0.00028
Kocuria flava	446860	S	1467	954	2421	0.00028
Sinomonas atrocyanea	37927	S	5393	1542	6935	0.00079
Sinomonas sp. R1AF57	2020377	S	2275	446	2721	0.00031
Micrococcus luteus	1270	S	2051	3379	5430	0.00062
Paenarthrobacter ureafaciens	37931	S	1080	2257	3337	0.00038
Citricoccus sp. SGAir0253	2567881	S	1388	333	1721	0.00020
Pedococcus dokdonensis	443156	S	9811	2940	12751	0.00145
Janibacter melonis	262209	S	3088	1051	4139	0.00047
Janibacter limosus	53458	S	2020	558	2578	0.00029
Janibacter indicus	857417	S	1086	2546	3632	0.00041
Phycicoccus sp. HDW14	2714941	S	4824	1602	6426	0.00073
Phycicoccus endophyticus	1690220	S	3245	963	4208	0.00048
Tetrasphaera sp. HKS02	1813880	S	6550	1743	8293	0.00094
Intrasporangium calvum	53358	S	6397	1643	8040	0.00091
Arsenicicoccus sp. oral taxon 190	1658671	S	2697	1010	3707	0.00042
Cellulomonas sp. Y8	2591145	S	2776	1183	3959	0.00045
Cellulomonas sp. H30R-01	2704467	S	2719	1056	3775	0.00043
Cellulomonas sp. JZ18	2654191	S	2263	961	3224	0.00037
Cellulomonas sp. zg-ZUI188	2819978	S	2226	613	2839	0.00032
Cellulomonas sp. C5510	2871170	S	2154	855	3009	0.00034
Cellulomonas sp. zg-ZUI222	2816956	S	1894	709	2603	0.00030
Cellulomonas sp. zg-ZUI157	2819979	S	1888	647	2535	0.00029
Cellulomonas sp. EW123	2608402	S	1835	1067	2902	0.00033
Cellulomonas sp. PSBB021	2003551	S	1616	1258	2874	0.00033
Cellulomonas fimi	1708	S	2532	1988	4520	0.00051
Cellulomonas shaoxiangyii	2566013	S	2144	882	3026	0.00034
Cellulomonas iranensis	76862	S	2098	971	3069	0.00035
Cellulomonas flavigena	1711	S	1904	713	2617	0.00030
Cellulomonas gilvus	11	S	1778	766	2544	0.00029
Cellulomonas taurus	2729175	S	1419	451	1870	0.00021
Actinotalea sp. JY-7876	2758442	S	2183	771	2954	0.00034
Oerskovia sp. KBS0722	1179673	S	1815	573	2388	0.00027
Pseudactinotalea sp. HY158	2654547	S	1509	217	1726	0.00020
Paraoerskovia marina	545619	S	1269	326	1595	0.00018
Cellulosimicrobium cellulans	1710	S	4787	5933	10720	0.00122
Cellulosimicrobium sp. BI34T	2587808	S	1886	1099	2985	0.00034
Xylanimonas protaetiae	2509457	S	1913	841	2754	0.00031
Xylanimonas allomyrinae	2509459	S	1695	534	2229	0.00025
Xylanimonas cellulosilytica	186189	S	1623	577	2200	0.00025
Isoptericola variabilis	139208	S	2121	1097	3218	0.00037
Isoptericola dokdonensis	372663	S	1998	767	2765	0.00031
Ornithinimicrobium avium	2283195	S	2314	607	2921	0.00033
Ornithinimicrobium sp. HY006	2508882	S	1620	562	2182	0.00025
Ornithinimicrobium flavum	1288636	S	1872	610	2482	0.00028
Ornithinimicrobium ciconiae	2594265	S	1485	229	1714	0.00019
Ornithinimicrobium pratense	2593973	S	1190	352	1542	0.00018
Serinicoccus chungangensis	767452	S	1817	606	2423	0.00028
Serinicoccus profundi	1078471	S	1559	547	2106	0.00024
Serinicoccus hydrothermalis	1758689	S	1530	685	2215	0.00025
Serinicoccus marinus	247333	S	1353	633	1986	0.00023
Brachybacterium sp. CBA3105	2887346	S	1577	365	1942	0.00022
Brachybacterium sp. SGAir0954	2571029	S	1512	434	1946	0.00022
Brachybacterium sp. P6-10-X1	1903186	S	1224	231	1455	0.00017
Brachybacterium ginsengisoli	1331682	S	1337	459	1796	0.00020
Brachybacterium saurashtrense	556288	S	1247	405	1652	0.00019
Brachybacterium faecium	43669	S	1191	423	1614	0.00018
Brevibacterium sp. CS2	2575923	S	1241	527	1768	0.00020
Brevibacterium casei	33889	S	1545	3000	4545	0.00052
Dermacoccus nishinomiyaensis	1274	S	1739	734	2473	0.00028
Dermacoccus sp. PAMC28757	2762331	S	1229	441	1670	0.00019
Luteipulveratus mongoliensis	571913	S	2485	347	2832	0.00032
Allobranchiibius sp. GilTou73	2904523	S	1939	425	2364	0.00027
Yimella sp. cx-51	2770551	S	1185	238	1423	0.00016
Georgenia yuyongxinii	2589797	S	2150	520	2670	0.00030
Georgenia sp. TF02-10	2917725	S	2145	759	2904	0.00033
Georgenia wutianyii	2585135	S	2026	689	2715	0.00031
Georgenia faecalis	2483799	S	1807	485	2292	0.00026
Haloactinobacterium kanbiaonis	2675754	S	2323	349	2672	0.00030
Ruania sp. LR1S40	2897774	S	1186	317	1503	0.00017
Ruania zhangjianzhongii	2603206	S	1302	142	1444	0.00016
Pengzhenrongella sicca	2819238	S	2604	716	3320	0.00038
Luteimicrobium xylanilyticum	1133546	S	2293	689	2982	0.00034
Beutenbergia cavernae	84757	S	2685	432	3117	0.00035
Miniimonas sp. S16	2171623	S	2016	1008	3024	0.00034
Sanguibacter keddieii	60920	S	1787	522	2309	0.00026
Sanguibacter sp. HDW7	2714931	S	1555	477	2032	0.00023
Kytococcus sedentarius	1276	S	1426	496	1922	0.00022
Nocardioides sp. G188	2849501	S	47614	14528	62142	0.00706
Nocardioides sp. JS614	196162	S	7854	2355	10209	0.00116
Nocardioides sp. LMS-CY	2840457	S	7377	2426	9803	0.00111
Nocardioides sp. HDW12B	2714939	S	6428	2089	8517	0.00097
Nocardioides sp. S5	2017486	S	6250	3188	9438	0.00107
Nocardioides sp. zg-1228	2763008	S	5411	2408	7819	0.00089
Nocardioides sp. W7	2931390	S	5376	1847	7223	0.00082
Nocardioides sp. TF02-7	2917724	S	5329	1719	7048	0.00080
Nocardioides sp. zg-579	2663857	S	5229	2673	7902	0.00090
Nocardioides sp. S-1144	2582905	S	5039	1952	6991	0.00079
Nocardioides sp. cx-173	2898796	S	4929	1708	6637	0.00075
Nocardioides sp. InS609-2	2760705	S	4786	1113	5899	0.00067
Nocardioides sp. SCSIO 67246	2872154	S	4285	1137	5422	0.00062
Nocardioides sp. 603	2483798	S	4184	1951	6135	0.00070
Nocardioides sp. CF8	110319	S	3920	1643	5563	0.00063
Nocardioides sp. MC1495	2736757	S	3751	1344	5095	0.00058
Nocardioides sp. JQ2195	2592334	S	3448	723	4171	0.00047
Nocardioides sp. zg-536	2803858	S	3282	1430	4712	0.00054
Nocardioides sp. dk884	2662361	S	2790	3104	5894	0.00067
Nocardioides sp. WS12	2486272	S	2753	491	3244	0.00037
Nocardioides sp. ZJ1313	2685869	S	2732	3066	5798	0.00066
Nocardioides sp. Kera G14	2884264	S	2684	568	3252	0.00037
Nocardioides ungokensis	1643322	S	17105	5984	23089	0.00262
Nocardioides mesophilus	433659	S	13511	4055	17566	0.00200
Nocardioides cynanchi	2558918	S	7558	1802	9360	0.00106
Nocardioides anomalus	2712223	S	7376	2230	9606	0.00109
Nocardioides okcheonensis	2894081	S	6261	2903	9164	0.00104
Nocardioides humi	449461	S	4754	1578	6332	0.00072
Nocardioides euryhalodurans	2518370	S	4668	1428	6096	0.00069
Nocardioides dongkuii	2760089	S	4603	2298	6901	0.00078
Nocardioides aromaticivorans	200618	S	4400	1671	6071	0.00069
Nocardioides aquaticus	160826	S	4158	1278	5436	0.00062
Nocardioides rotundus	1774216	S	3831	1451	5282	0.00060
Nocardioides marinisabuli	419476	S	3728	2094	5822	0.00066
Nocardioides dokdonensis	450734	S	3497	1652	5149	0.00059
Nocardioides sambongensis	2589074	S	3156	904	4060	0.00046
Nocardioides seonyuensis	2518371	S	3009	814	3823	0.00043
Nocardioides houyundeii	2045452	S	2815	865	3680	0.00042
Nocardioides piscis	2714938	S	2707	1044	3751	0.00043
Nocardioides panacisoli	627624	S	2650	654	3304	0.00038
Nocardioides daphniae	402297	S	2160	988	3148	0.00036
Nocardioides jishulii	2575440	S	1810	664	2474	0.00028
Nocardioides baekrokdamisoli	1804624	S	1312	168	1480	0.00017
Nocardioides yefusunii	2500546	S	1270	375	1645	0.00019
Aeromicrobium sp. Leaf245	1736306	S	2022	604	2626	0.00030
Aeromicrobium sp. A1-2	2107713	S	1590	220	1810	0.00021
Aeromicrobium sp. zg-629	2663859	S	1590	508	2098	0.00024
Aeromicrobium chenweiae	2079793	S	2395	790	3185	0.00036
Aeromicrobium erythreum	2041	S	2284	664	2948	0.00033
Aeromicrobium yanjiei	2662028	S	2190	673	2863	0.00033
Aeromicrobium choanae	1736691	S	2043	599	2642	0.00030
Aeromicrobium marinum	219314	S	1713	361	2074	0.00024
Marmoricola scoriae	642780	S	5382	1972	7354	0.00084
Friedmanniella luteola	546871	S	5103	981	6084	0.00069
Pimelobacter simplex	2045	S	4031	1457	5488	0.00062
Mumia sp. ZJ1417	2708082	S	2620	449	3069	0.00035
Micropruina glycogenica	75385	S	1524	215	1739	0.00020
Microlunatus sagamiharensis	546874	S	6350	1444	7794	0.00089
Microlunatus phosphovorus	29405	S	3731	433	4164	0.00047
Microlunatus soli	630515	S	2598	261	2859	0.00032
Microlunatus elymi	2596828	S	2190	249	2439	0.00028
Microlunatus sp. Gsoil 973	2672569	S	1912	155	2067	0.00023
Tessaracoccus sp. J1M15	2829499	S	1311	439	1750	0.00020
Tessaracoccus aquimaris	1332264	S	1298	700	1998	0.00023
Tessaracoccus defluvii	1285901	S	1286	950	2236	0.00025
Tessaracoccus flavescens	399497	S	1063	940	2003	0.00023
Brevilactibacter coleopterorum	2714937	S	1774	849	2623	0.00030
Brevilactibacter sp. MC1595	2819349	S	1683	693	2376	0.00027
Propionibacterium acidifaciens	556499	S	1079	343	1422	0.00016
Acidipropionibacterium acidipropionici	1748	S	1022	746	1768	0.00020
Auraticoccus monumenti	675864	S	2553	464	3017	0.00034
Raineyella fluvialis	2662261	S	1379	193	1572	0.00018
Kribbella flavida	182640	S	15153	3256	18409	0.00209
Kribbella qitaiheensis	1544730	S	13188	1935	15123	0.00172
Actinopolymorpha singaporensis	117157	S	5804	625	6429	0.00073
Mycolicibacterium helvum	1534349	S	3512	510	4022	0.00046
Mycolicibacterium litorale	758802	S	3194	1108	4302	0.00049
Mycolicibacterium fluoranthenivorans	258505	S	2985	451	3436	0.00039
Mycolicibacterium smegmatis	1772	S	2516	1375	3891	0.00044
Mycolicibacterium arabiense	1286181	S	2474	424	2898	0.00033
Mycolicibacterium sp. YH-1	2908837	S	1629	994	2623	0.00030
Mycolicibacterium neoaurum	1795	S	2281	681	2962	0.00034
Mycolicibacterium madagascariense	212765	S	2140	359	2499	0.00028
Mycolicibacterium sediminis	1286180	S	2120	440	2560	0.00029
Mycolicibacterium rutilum	370526	S	1917	724	2641	0.00030
Mycolicibacterium mageritense	53462	S	1911	419	2330	0.00026
Mycolicibacterium psychrotolerans	216929	S	1869	518	2387	0.00027
Mycolicibacterium chubuense	1800	S	1857	538	2395	0.00027
Mycolicibacterium vaccae	1810	S	1850	433	2283	0.00026
Mycolicibacterium phlei	1771	S	1834	736	2570	0.00029
Mycolicibacterium sarraceniae	1534348	S	1806	284	2090	0.00024
Mycolicibacterium fortuitum	1766	S	1740	889	2629	0.00030
Mycolicibacterium aichiense	1799	S	1724	374	2098	0.00024
Mycolicibacterium parafortuitum	39692	S	1715	394	2109	0.00024
Mycolicibacterium gadium	1794	S	1697	294	1991	0.00023
Mycolicibacterium hassiacum	46351	S	1671	536	2207	0.00025
Mycolicibacterium rhodesiae	36814	S	1639	344	1983	0.00023
Mycolicibacterium chitae	1792	S	1631	454	2085	0.00024
Mycolicibacterium moriokaense	39691	S	1619	233	1852	0.00021
Mycolicibacterium pulveris	36813	S	1589	320	1909	0.00022
Mycolicibacterium tokaiense	39695	S	1495	282	1777	0.00020
Mycolicibacterium duvalii	39688	S	1488	345	1833	0.00021
Mycolicibacterium phocaicum	319706	S	1486	1033	2519	0.00029
Mycolicibacterium aurum	1791	S	1476	220	1696	0.00019
Mycolicibacterium monacense	85693	S	1461	932	2393	0.00027
Mycolicibacterium poriferae	39694	S	1454	386	1840	0.00021
Mycolicibacterium thermoresistibile	1797	S	1420	369	1789	0.00020
Mycolicibacterium baixiangningiae	2761578	S	1379	262	1641	0.00019
Mycolicibacterium gilvum	1804	S	1378	709	2087	0.00024
Mycolicibacterium confluentis	28047	S	1358	234	1592	0.00018
Mycolicibacterium boenickei	146017	S	1336	2543	3879	0.00044
Mycolicibacterium celeriflavum	1249101	S	1330	338	1668	0.00019
Mycolicibacterium anyangense	1431246	S	1273	247	1520	0.00017
Mycolicibacterium fallax	1793	S	1271	617	1888	0.00021
Mycolicibacterium mengxianglii	2736649	S	1189	145	1334	0.00015
Mycolicibacterium insubricum	444597	S	1184	418	1602	0.00018
Mycolicibacterium austroafricanum	39687	S	1082	6027	7109	0.00081
Mycobacterium sp. JS623	212767	S	5158	806	5964	0.00068
Mycobacterium sp. EPa45	1545728	S	1935	850	2785	0.00032
Mycobacterium sp. IDR2000157661	2867005	S	1365	511	1876	0.00021
Mycobacterium sp. YC-RL4	1682113	S	1328	760	2088	0.00024
Mycobacterium sp. DL592	2675524	S	1270	420	1690	0.00019
Mycobacterium sp. MS1601	1936029	S	1211	267	1478	0.00017
Mycobacterium saskatchewanense	220927	S	1448	496	1944	0.00022
Mycobacterium parmense	185642	S	1374	382	1756	0.00020
Mycobacterium kubicae	120959	S	1190	310	1500	0.00017
Mycobacterium simiae	1784	S	1053	127	1180	0.00013
Mycobacterium shigaense	722731	S	1021	226	1247	0.00014
Mycobacterium avium	1764	S	2121	2336	4457	0.00051
Mycobacterium mantenii	560555	S	1049	167	1216	0.00014
Mycobacterium marseillense	701042	S	1033	350	1383	0.00016
Mycobacterium intracellulare	1767	S	1025	11646	12671	0.00144
Mycobacterium colombiense	339268	S	1003	228	1231	0.00014
Mycobacterium rufum	318424	S	2954	1147	4101	0.00047
Mycobacterium grossiae	1552759	S	2253	830	3083	0.00035
Mycobacterium frederiksbergense	117567	S	2057	900	2957	0.00034
Mycobacterium dioxanotrophicus	482462	S	1757	586	2343	0.00027
Mycobacterium diernhoferi	1801	S	1423	344	1767	0.00020
Mycobacterium holsaticum	152142	S	1415	276	1691	0.00019
Mycobacterium crocinum	388459	S	1363	1298	2661	0.00030
Mycobacterium goodii	134601	S	1330	714	2044	0.00023
Mycobacterium conspicuum	44010	S	1293	203	1496	0.00017
Mycobacterium branderi	43348	S	1281	197	1478	0.00017
Mycobacterium paragordonae	1389713	S	1215	203	1418	0.00016
Mycobacterium cookii	1775	S	1118	128	1246	0.00014
Mycobacterium gordonae	1778	S	1077	120	1197	0.00014
Mycobacterium paraterrae	577492	S	1075	150	1225	0.00014
Mycobacteroides abscessus	36809	S	1357	1794	3151	0.00036
Mycolicibacillus parakoreensis	1069221	S	1124	445	1569	0.00018
Nocardia asteroides	1824	S	8919	3168	12087	0.00137
Nocardia brasiliensis	37326	S	5510	1588	7098	0.00081
Nocardia cyriacigeorgica	135487	S	3680	1679	5359	0.00061
Nocardia terpenica	455432	S	3581	668	4249	0.00048
Nocardia farcinica	37329	S	2735	1781	4516	0.00051
Nocardia nova	37330	S	2717	409	3126	0.00036
Nocardia arthritidis	228602	S	2257	300	2557	0.00029
Nocardia wallacei	480035	S	2236	664	2900	0.00033
Nocardia yamanashiensis	209247	S	1989	415	2404	0.00027
Nocardia sp. CS682	1047172	S	1962	491	2453	0.00028
Nocardia huaxiensis	2755382	S	1878	388	2266	0.00026
Nocardia otitidiscaviarum	1823	S	1874	390	2264	0.00026
Nocardia gipuzkoensis	2749991	S	1869	713	2582	0.00029
Nocardia tengchongensis	2055889	S	1808	473	2281	0.00026
Nocardia yunnanensis	2382165	S	1784	456	2240	0.00025
Nocardia iowensis	204891	S	1775	401	2176	0.00025
Nocardia seriolae	37332	S	1685	472	2157	0.00025
Nocardia mangyaensis	2213200	S	1671	460	2131	0.00024
Rhodococcus sp. X156	2499145	S	2041	745	2786	0.00032
Rhodococcus sp. MTM3W5.2	1805827	S	1818	867	2685	0.00031
Rhodococcus sp. SGAir0479	2567884	S	1610	1323	2933	0.00033
Rhodococcus sp. W8901	2742603	S	1514	1540	3054	0.00035
Rhodococcus sp. PBTS 1	1653478	S	1471	530	2001	0.00023
Rhodococcus opacus	37919	S	4504	13584	18088	0.00206
Rhodococcus fascians	1828	S	2537	735	3272	0.00037
Rhodococcus equi	43767	S	2296	1018	3314	0.00038
Rhodococcus rhodochrous	1829	S	1373	1817	3190	0.00036
Rhodococcus triatomae	300028	S	1166	395	1561	0.00018
Rhodococcus koreensis	99653	S	1126	855	1981	0.00023
Corynebacterium cyclohexanicum	322009	S	1981	725	2706	0.00031
Corynebacterium frankenforstense	1230998	S	1091	3143	4234	0.00048
Gordonia sp. PP30	2935861	S	1371	523	1894	0.00022
Gordonia sp. YC-JH1	2059875	S	1048	1007	2055	0.00023
Gordonia polyisoprenivorans	84595	S	2341	767	3108	0.00035
Gordonia terrae	2055	S	1638	3808	5446	0.00062
Gordonia insulae	2420509	S	1509	437	1946	0.00022
Gordonia phthalatica	1136941	S	1242	633	1875	0.00021
Gordonia amarae	36821	S	1225	329	1554	0.00018
Gordonia bronchialis	2054	S	1171	528	1699	0.00019
Gordonia jinghuaiqii	2758710	S	1101	323	1424	0.00016
Gordonia iterans	1004901	S	1077	452	1529	0.00017
Skermania piniformis	39122	S	1184	155	1339	0.00015
Tsukamurella paurometabola	2061	S	2434	1210	3644	0.00041
Tsukamurella tyrosinosolvens	57704	S	1982	884	2866	0.00033
Tsukamurella pulmonis	47312	S	1503	553	2056	0.00023
Tsukamurella sp. PLM1	2929795	S	1434	479	1913	0.00022
Tomitella gaofuii	2760083	S	1328	413	1741	0.00020
Tomitella fengzijianii	2597660	S	1194	400	1594	0.00018
Amycolatopsis sp. WQ 127309	2932773	S	10626	2677	13303	0.00151
Amycolatopsis sp. Hca4	2742131	S	9969	3208	13177	0.00150
Amycolatopsis sp. DSM 110486	2865832	S	7164	1343	8507	0.00097
Amycolatopsis sp. FDAARGOS 1241	2778070	S	5143	1060	6203	0.00070
Amycolatopsis sp. CA-230715	2745196	S	4410	628	5038	0.00057
Amycolatopsis sp. YIM 10	2653857	S	3860	1007	4867	0.00055
Amycolatopsis sp. FU40	2914159	S	3140	1302	4442	0.00050
Amycolatopsis sp. AA4	1896961	S	2880	1389	4269	0.00049
Amycolatopsis sp. BJA-103	1911175	S	2233	782	3015	0.00034
Amycolatopsis sp. TNS106	2861750	S	1712	871	2583	0.00029
Amycolatopsis sp. EV170708-02-1	2919322	S	1431	1177	2608	0.00030
Amycolatopsis pretoriensis	218821	S	18253	5122	23375	0.00266
Amycolatopsis mediterranei	33910	S	10715	8872	19587	0.00223
Amycolatopsis acidiphila	715473	S	4981	984	5965	0.00068
Amycolatopsis keratiniphila	129921	S	2187	1569	3756	0.00043
Amycolatopsis japonica	208439	S	1123	933	2056	0.00023
Amycolatopsis thermalba	944492	S	3452	1282	4734	0.00054
Amycolatopsis methanolica	1814	S	3437	1209	4646	0.00053
Amycolatopsis albispora	1804986	S	3434	1773	5207	0.00059
Amycolatopsis aidingensis	2842453	S	2854	314	3168	0.00036
Amycolatopsis orientalis	31958	S	2405	693	3098	0.00035
Pseudonocardia sp. DSM 110487	2865833	S	28174	3848	32022	0.00364
Pseudonocardia sp. CGMCC 4.1532	2761535	S	6425	3798	10223	0.00116
Pseudonocardia sp. HH130630-07	1690815	S	4325	3281	7606	0.00086
Pseudonocardia sp. AL041005-10	445576	S	3653	2684	6337	0.00072
Pseudonocardia sp. HH130629-09	1641402	S	2943	3737	6680	0.00076
Pseudonocardia broussonetiae	2736640	S	9165	3006	12171	0.00138
Pseudonocardia dioxanivorans	240495	S	8945	2269	11214	0.00127
Pseudonocardia abyssalis	2792008	S	5019	2624	7643	0.00087
Pseudonocardia autotrophica	2074	S	4698	1237	5935	0.00067
Saccharothrix syringae	103733	S	5363	1766	7129	0.00081
Saccharothrix sp. 6-C	2781735	S	4707	1524	6231	0.00071
Saccharothrix espanaensis	103731	S	4270	1198	5468	0.00062
Saccharopolyspora erythraea	1836	S	5878	1388	7266	0.00083
Saccharopolyspora gregorii	33914	S	2812	550	3362	0.00038
Saccharopolyspora spinosa	60894	S	1387	1012	2399	0.00027
Saccharopolyspora pogona	333966	S	1338	1873	3211	0.00036
Kutzneria sp. CA-103260	2802641	S	5830	1204	7034	0.00080
Kutzneria albida	43357	S	3845	844	4689	0.00053
Saccharomonospora marina	632569	S	2188	491	2679	0.00030
Saccharomonospora azurea	40988	S	1650	484	2134	0.00024
Saccharomonospora cyanea	40989	S	1600	571	2171	0.00025
Saccharomonospora xinjiangensis	75294	S	1271	209	1480	0.00017
Saccharomonospora glauca	40990	S	1093	385	1478	0.00017
Allokutzneria albata	211114	S	6317	1434	7751	0.00088
Actinoalloteichus hymeniacidonis	340345	S	1920	630	2550	0.00029
Actinoalloteichus hoggarensis	1470176	S	1838	1779	3617	0.00041
Lentzea guizhouensis	1586287	S	5739	1151	6890	0.00078
Actinosynnema pretiosum	42197	S	1756	4628	6384	0.00073
Kibdelosporangium phytohabitans	860235	S	4785	544	5329	0.00061
Alloactinosynnema sp. L-07	1653480	S	3376	708	4084	0.00046
Prauserella marina	530584	S	1912	166	2078	0.00024
Allosaccharopolyspora coralli	2665642	S	1527	315	1842	0.00021
Actinomadura sp. WMMA1423	2591108	S	89286	21033	110319	0.01253
Actinomadura sp. NAK00032	2742128	S	26416	7382	33798	0.00384
Actinomadura sp. WMMB 499	1219491	S	9939	2006	11945	0.00136
Actinomadura madurae	1993	S	33887	7997	41884	0.00476
Actinomadura verrucosospora	46165	S	33169	8137	41306	0.00469
Actinomadura graeca	2750812	S	9103	1757	10860	0.00123
Thermomonospora amylolytica	1411117	S	4261	1378	5639	0.00064
Thermomonospora curvata	2020	S	2730	730	3460	0.00039
Nonomuraea nitratireducens	2656914	S	9377	1988	11365	0.00129
Nonomuraea sp. ATCC 55076	1909395	S	8201	2675	10876	0.00124
Nonomuraea coxensis	404386	S	7968	2236	10204	0.00116
Nonomuraea gerenzanensis	93944	S	7468	2561	10029	0.00114
Streptosporangium roseum	2001	S	7101	1820	8921	0.00101
Streptosporangium sp. 'caverna'	2202249	S	6603	1346	7949	0.00090
Thermobispora bispora	2006	S	2968	638	3606	0.00041
Nocardiopsis sp. MT53	2865672	S	2600	608	3208	0.00036
Nocardiopsis gilva	280236	S	1980	377	2357	0.00027
Nocardiopsis dassonvillei	2014	S	1459	1930	3389	0.00039
Nocardiopsis alba	53437	S	1357	241	1598	0.00018
Thermobifida halotolerans	483545	S	1564	472	2036	0.00023
Thermobifida alba	53522	S	1483	550	2033	0.00023
Streptomonospora litoralis	2498135	S	2164	403	2567	0.00029
Spiractinospora alimapuensis	2820884	S	1506	93	1599	0.00018
Micromonospora sp. WMMC415	2675222	S	3023	1050	4073	0.00046
Micromonospora sp. WMMA2032	2039870	S	2586	1579	4165	0.00047
Micromonospora sp. HM134	2583243	S	2570	1084	3654	0.00042
Micromonospora sp. B006	2201999	S	2048	1505	3553	0.00040
Micromonospora terminaliae	1914461	S	4693	2225	6918	0.00079
Micromonospora echinofusca	47858	S	3773	1593	5366	0.00061
Micromonospora carbonacea	47853	S	3669	1521	5190	0.00059
Micromonospora krabiensis	307121	S	3586	1145	4731	0.00054
Micromonospora echinaurantiaca	47857	S	3399	1529	4928	0.00056
Micromonospora inositola	47865	S	3140	1449	4589	0.00052
Micromonospora ferruginea	2749844	S	2945	1601	4546	0.00052
Micromonospora auratinigra	261654	S	2836	1403	4239	0.00048
Micromonospora coriariae	285665	S	2832	947	3779	0.00043
Micromonospora viridifaciens	1881	S	2755	1128	3883	0.00044
Micromonospora purpureochromogenes	47872	S	2753	1369	4122	0.00047
Micromonospora siamensis	299152	S	2712	1216	3928	0.00045
Micromonospora echinospora	1877	S	2651	867	3518	0.00040
Micromonospora coxensis	356852	S	2639	1368	4007	0.00046
Micromonospora narathiwatensis	299146	S	2474	1097	3571	0.00041
Micromonospora sagamiensis	47875	S	2461	884	3345	0.00038
Micromonospora maris	1003110	S	2380	673	3053	0.00035
Micromonospora zamorensis	709883	S	2374	716	3090	0.00035
Micromonospora chokoriensis	356851	S	2343	713	3056	0.00035
Micromonospora endophytica (Xie et al. 2001) Li et al. 2019	515350	S	2305	655	2960	0.00034
Micromonospora rifamycinica	291594	S	2234	950	3184	0.00036
Micromonospora craniellae	2294034	S	1785	1041	2826	0.00032
Micromonospora tulbaghiae	479978	S	1516	1590	3106	0.00035
Micromonospora aurantiaca	47850	S	1119	7497	8616	0.00098
Actinoplanes sp. L3-i22	2836373	S	13963	8706	22669	0.00258
Actinoplanes sp. N902-109	649831	S	10074	2772	12846	0.00146
Actinoplanes sp. OR16	946334	S	8316	3583	11899	0.00135
Actinoplanes friuliensis	196914	S	10272	1594	11866	0.00135
Actinoplanes ianthinogenes	122358	S	8853	3423	12276	0.00139
Actinoplanes missouriensis	1866	S	7002	2213	9215	0.00105
Actinoplanes teichomyceticus	1867	S	6849	2781	9630	0.00109
Actinoplanes derwentensis	113562	S	6247	926	7173	0.00082
Couchioplanes caeruleus	56438	S	22605	5466	28071	0.00319
Dactylosporangium vinaceum	53362	S	14604	1563	16167	0.00184
Phytohabitans suffuscus	624315	S	6588	1551	8139	0.00092
Phytohabitans flavus	1076124	S	5205	947	6152	0.00070
Plantactinospora sp. KBS50	2024580	S	3764	4622	8386	0.00095
Actinocatenispora thailandica	227318	S	3782	981	4763	0.00054
Actinocatenispora sera	390989	S	3640	994	4634	0.00053
Catellatospora sp. IY07-71	2728827	S	6718	1427	8145	0.00093
Polymorphospora rubra	338584	S	4384	927	5311	0.00060
Natronosporangium hydrolyticum	2811111	S	2362	157	2519	0.00029
Verrucosispora sp. NA02020	2742132	S	2007	1454	3461	0.00039
Salinispora tropica	168695	S	1454	236	1690	0.00019
Blastococcus sp. PRF04-17	2933797	S	16366	5528	21894	0.00249
Blastococcus saxobsidens	138336	S	11878	3600	15478	0.00176
Modestobacter marinus	477641	S	11891	4092	15983	0.00182
Modestobacter sp. L9-4	2851567	S	7070	2682	9752	0.00111
Geodermatophilus obscurus	1861	S	12892	4277	17169	0.00195
Nakamurella multipartita	53461	S	54742	9533	64275	0.00730
Nakamurella panacisegetis	1090615	S	1986	218	2204	0.00025
Nakamurella sp. PAMC28650	2762325	S	1948	163	2111	0.00024
Frankia inefficax	298654	S	6362	739	7101	0.00081
Frankia sp. QA3	710111	S	2265	883	3148	0.00036
Frankia sp. ArI3	1858	S	1736	1056	2792	0.00032
Candidatus Frankia datiscae	2716812	S	2179	349	2528	0.00029
Frankia alni	1859	S	1892	1181	3073	0.00035
Frankia casuarinae	106370	S	1888	193	2081	0.00024
Actinomyces radicidentis	111015	S	1064	2628	3692	0.00042
Jiangella sp. DSM 45060	1798224	S	6078	1667	7745	0.00088
Jiangella alkaliphila	419479	S	4963	1308	6271	0.00071
Catenulispora acidiphila	304895	S	5008	695	5703	0.00065
Jatrophihabitans telluris	2038343	S	2168	196	2364	0.00027
Jatrophihabitans sp. GAS493	1907575	S	1986	195	2181	0.00025
Stackebrandtia nassauensis	283811	S	2372	206	2578	0.00029
Kineococcus radiotolerans	131568	S	2570	681	3251	0.00037
Epidermidibacterium keratini	1891644	S	1493	656	2149	0.00024
Actinopolyspora erythraea	414996	S	1195	117	1312	0.00015
Conexibacter sp. SYSU D00693	2812560	S	31116	7464	38580	0.00438
Conexibacter sp. S30A1	2937800	S	7341	794	8135	0.00092
Conexibacter sp. DBS9H8	2937801	S	7195	694	7889	0.00090
Conexibacter woesei	191495	S	33346	5967	39313	0.00447
Miltoncostaea oceani	2843216	S	7913	1203	9116	0.00104
Miltoncostaea marina	2843215	S	7819	1999	9818	0.00112
Baekduia soli	496014	S	34039	5491	39530	0.00449
Rubrobacter xylanophilus	49319	S	4130	545	4675	0.00053
Rubrobacter marinus	2653852	S	2625	221	2846	0.00032
Rubrobacter tropicus	2653851	S	2277	162	2439	0.00028
Rubrobacter radiotolerans	42256	S	1270	157	1427	0.00016
Aquihabitans sp. Kera 3	2884263	S	4887	749	5636	0.00064
Aquihabitans sp. G128	2849779	S	4653	880	5533	0.00063
Iamia sp. SCSIO 61187	2722752	S	4522	675	5197	0.00059
Actinomarinicola tropica	2789776	S	4283	798	5081	0.00058
Ilumatobacter coccineus	467094	S	2221	138	2359	0.00027
Egibacter rhizosphaerae	1670831	S	2617	145	2762	0.00031
Egicoccus halophilus	1670830	S	2311	335	2646	0.00030
Euzebya pacifica	1608957	S	2187	168	2355	0.00027
Paenibacillus sp. B01	2660554	S	1121	3960	5081	0.00058
Paenibacillus mucilaginosus	61624	S	1039	344	1383	0.00016
Priestia megaterium	1404	S	7432	11001	18433	0.00209
Alicyclobacillus acidocaldarius	405212	S	1013	233	1246	0.00014
Thermaerobacter sp. FW80	2546351	S	1062	841	1903	0.00022
Symbiobacterium thermophilum	2734	S	1282	595	1877	0.00021
Limnochorda pilosa	1555112	S	1205	93	1298	0.00015
Deinococcus actinosclerus	1768108	S	1112	1518	2630	0.00030
Deinococcus gobiensis	502394	S	1081	250	1331	0.00015
Deinococcus maricopensis	309887	S	1030	142	1172	0.00013
Deinococcus metallilatus	1211322	S	1029	219	1248	0.00014
Deinococcus ficus	317577	S	1012	169	1181	0.00013
Oceanithermus profundus	187137	S	1135	258	1393	0.00016
Truepera radiovictrix	332249	S	1086	84	1170	0.00013
Sphaerobacter thermophilus	2057	S	3193	234	3427	0.00039
Roseiflexus sp. RS-1	357808	S	1047	285	1332	0.00015
Tepidiforma bonchosmolovskayae	2601677	S	1786	90	1876	0.00021
Candidatus Promineofilum breve	1806508	S	1767	42	1809	0.00021
Ktedonosporobacter rubrisoli	2509675	S	1109	44	1153	0.00013
Fimbriimonas ginsengisoli	1005039	S	1190	7	1197	0.00014
Gemmata obscuriglobus	114	S	10181	1282	11463	0.00130
Gemmata massiliana	1210884	S	4937	1984	6921	0.00079
Gemmata sp. SH-PL17	1630693	S	4416	1996	6412	0.00073
Urbifossiella limnaea	2528023	S	18580	1661	20241	0.00230
Frigoriglobus tundricola	2774151	S	12872	2125	14997	0.00170
Limnoglobus roseus	2598579	S	9003	424	9427	0.00107
Aquisphaera giovannonii	406548	S	14205	2085	16290	0.00185
Paludisphaera borealis	1387353	S	12939	2285	15224	0.00173
Tautonia plasticadhaerens	2527974	S	12830	999	13829	0.00157
Singulisphaera acidiphila	466153	S	10304	1215	11519	0.00131
Isosphaera pallida	128	S	1119	67	1186	0.00013
Planctomyces sp. SH-PL62	1636152	S	11435	3167	14602	0.00166
Planctomyces sp. SH-PL14	1632864	S	3525	254	3779	0.00043
Caulifigura coniformis	2527983	S	2515	189	2704	0.00031
Alienimonas californiensis	2527989	S	2160	181	2341	0.00027
Maioricimonas rarisocia	2528026	S	2107	320	2427	0.00028
Symmachiella dynata	2527995	S	1059	75	1134	0.00013
Stieleria maiorica	2795974	S	1048	196	1244	0.00014
Stieleria neptunia	2527979	S	1025	112	1137	0.00013
Lignipirellula cremea	2528010	S	2120	287	2407	0.00027
Anatilimnocola aggregata	2528021	S	2074	258	2332	0.00027
Pirellula staleyi	125	S	1101	43	1144	0.00013
Bremerella volcania	2527984	S	1280	98	1378	0.00016
Lacipirellula parvula	2650471	S	2524	298	2822	0.00032
Lacipirellula limnantheis	2528024	S	2255	302	2557	0.00029
Pirellulimonas nuda	2528009	S	2712	324	3036	0.00035
Botrimarina mediterranea	2528022	S	2333	233	2566	0.00029
Humisphaera borealis	2807512	S	6006	167	6173	0.00070
Phycisphaera mikurensis	547188	S	1940	198	2138	0.00024
Opitutus sp. GAS368	1882749	S	7155	993	8148	0.00093
Opitutus terrae	107709	S	3535	162	3697	0.00042
Lacunisphaera limnophila	1838286	S	3321	459	3780	0.00043
Nibricoccus aquaticus	2576891	S	2271	100	2371	0.00027
Oleiharenicola sp. KSB-15	2862869	S	1813	95	1908	0.00022
Ereboglobus luteus	1796921	S	1050	58	1108	0.00013
Verrucomicrobium sp. GAS474	1882831	S	1420	191	1611	0.00018
Verrucomicrobium spinosum	2736	S	1078	81	1159	0.00013
Luteolibacter ambystomatis	2824561	S	1181	92	1273	0.00014
Luteolibacter luteus	2728835	S	1045	51	1096	0.00012
Roseimicrobium sp. ORNL1	2711231	S	1679	73	1752	0.00020
Niastella koreensis	354356	S	40263	1252	41515	0.00472
Panacibacter ginsenosidivorans	1813871	S	1586	34	1620	0.00018
Mucilaginibacter sp. 14171R-50	2703789	S	2513	217	2730	0.00031
Mucilaginibacter sp. SMC90	2929803	S	1299	124	1423	0.00016
Mucilaginibacter gossypii	551996	S	3655	5775	9430	0.00107
Mucilaginibacter ginsenosidivorans	398053	S	1695	90	1785	0.00020
Mucilaginibacter xinganensis	1234841	S	1578	114	1692	0.00019
Mucilaginibacter rubeus	2027860	S	1224	6388	7612	0.00086
Mucilaginibacter gotjawali	1550579	S	1165	55	1220	0.00014
Mucilaginibacter ginsenosidivorax	862126	S	1116	67	1183	0.00013
Mucilaginibacter mali	2740462	S	1035	57	1092	0.00012
Mucilaginibacter celer	2305508	S	1003	66	1069	0.00012
Chryseolinea soli	2321403	S	1090	510	1600	0.00018
Rhodothermus marinus	29549	S	1952	132	2084	0.00024
Rhodocaloribacter litoris	2558931	S	1924	291	2215	0.00025
Salinibacter ruber	146919	S	1319	38	1357	0.00015
Gemmatirosa kalamazoonesis	861299	S	42206	4375	46581	0.00529
Gemmatimonas groenlandica	2732249	S	5920	702	6622	0.00075
Gemmatimonas aurantiaca	173480	S	4209	447	4656	0.00053
Gemmatimonas phototrophica	1379270	S	3575	512	4087	0.00046
Granulicella sp. WH15	2602070	S	1876	352	2228	0.00025
Granulicella sp. 5B5	1617967	S	1461	247	1708	0.00019
Granulicella mallensis	940614	S	1526	192	1718	0.00020
Granulicella tundricola	940615	S	1238	172	1410	0.00016
Terriglobus roseus	392734	S	2147	469	2616	0.00030
Terriglobus albidus	1592106	S	1566	158	1724	0.00020
Candidatus Koribacter versatilis	658062	S	3906	144	4050	0.00046
Acidobacterium sp. 4Y35	2763107	S	1849	137	1986	0.00023
Acidobacterium capsulatum	33075	S	1821	240	2061	0.00023
Edaphobacter sp. 12200R-103	2703788	S	2336	438	2774	0.00032
Acidisarcina polymorpha	2211140	S	1291	101	1392	0.00016
Paludibaculum fermentans	1473598	S	5519	154	5673	0.00064
Luteitalea sp. TBR-22	2802971	S	11324	2192	13516	0.00154
Luteitalea pratensis	1855912	S	9607	1171	10778	0.00122
Sulfidibacter corallicola	2818388	S	1126	26	1152	0.00013
Nitrospira moscoviensis	42253	S	2296	212	2508	0.00028
Nitrospira japonica	1325564	S	1239	153	1392	0.00016
Fusarium acuminatum	5515	S	7276	1446	8722	0.00099
Colletotrichum higginsianum	80884	S	1052	521	1573	0.00018
Neopestalotiopsis rosae	1562205	S	6043	1500	7543	0.00086
Neopestalotiopsis clavispora	289240	S	1195	325	1520	0.00017
Thermothielavioides terrestris	2587410	S	1082	134	1216	0.00014
Botrytis cinerea	40559	S	3029	100	3129	0.00036
Pseudozyma flocculosa	84751	S	1401	279	1680	0.00019
Phytophthora cinnamomi	4785	S	1040	682	1722	0.00020
