name	taxonomy_id	taxonomy_lvl	kraken_assigned_reads	added_reads	new_est_reads	fraction_total_reads
Streptomyces sp. CdTB01	1725411	S	31963	10065	42028	0.00178
Streptomyces sp. SN-593	659352	S	27747	6556	34303	0.00146
Streptomyces sp. BH-MK-02	2880933	S	23886	5509	29395	0.00125
Streptomyces sp. A2-16	2781734	S	21732	7609	29341	0.00125
Streptomyces sp. So13.3	2136173	S	21341	4087	25428	0.00108
Streptomyces sp. GQFP	2907545	S	21047	3973	25020	0.00106
Streptomyces sp. 3214.6	1882757	S	17981	5878	23859	0.00101
Streptomyces sp. ZYC-3	2797636	S	16328	3619	19947	0.00085
Streptomyces sp. CB01881	2078691	S	15512	2862	18374	0.00078
Streptomyces sp. P3	2135430	S	15158	4229	19387	0.00082
Streptomyces sp. SCSIO 64649	2878388	S	14714	2618	17332	0.00074
Streptomyces sp. NHF165	2175864	S	13866	2444	16310	0.00069
Streptomyces sp. ST1015	1848900	S	13399	3045	16444	0.00070
Streptomyces sp. NA02950	2742137	S	12712	2673	15385	0.00065
Streptomyces sp. LRE541	2931983	S	12302	3142	15444	0.00066
Streptomyces sp. Z423-1	2730915	S	12040	3883	15923	0.00068
Streptomyces sp. RPA4-2	2721244	S	11774	3894	15668	0.00067
Streptomyces sp. MA3_2.13	2867410	S	11568	1475	13043	0.00055
Streptomyces sp. 3025	2923272	S	11392	2080	13472	0.00057
Streptomyces sp. SCUT-3	2684469	S	11375	4421	15796	0.00067
Streptomyces sp. WAC 01438	2203204	S	11166	4125	15291	0.00065
Streptomyces sp. 891-h	2720714	S	11091	2099	13190	0.00056
Streptomyces sp. SAT1	1849967	S	10748	4273	15021	0.00064
Streptomyces sp. NEAU-sy36	2751189	S	10482	4277	14759	0.00063
Streptomyces sp. DSM 40868	2721173	S	10160	4107	14267	0.00061
Streptomyces sp. Go 40/10	2825844	S	9997	5037	15034	0.00064
Streptomyces sp. CMB-StM0423	2059884	S	9699	6297	15996	0.00068
Streptomyces sp. YIM 121038	2136401	S	9635	3112	12747	0.00054
Streptomyces sp. RTd22	1841249	S	9535	5388	14923	0.00063
Streptomyces sp. GMY02	1333528	S	9483	1756	11239	0.00048
Streptomyces sp. NA04227	2742136	S	9079	2163	11242	0.00048
Streptomyces sp. MG62	2838015	S	9078	3824	12902	0.00055
Streptomyces sp. MBT27	1488356	S	9062	2808	11870	0.00050
Streptomyces sp. AMCC400023	2056258	S	9015	4397	13412	0.00057
Streptomyces sp. JB150	2714844	S	8990	3293	12283	0.00052
Streptomyces sp. MG28	2865673	S	8966	3789	12755	0.00054
Streptomyces sp. GS7	2692234	S	8947	2586	11533	0.00049
Streptomyces sp. MST-110588	2833628	S	8922	2261	11183	0.00047
Streptomyces sp. HM190	2695266	S	8913	3108	12021	0.00051
Streptomyces sp. Rer75	2750011	S	8882	5541	14423	0.00061
Streptomyces sp. Go-475	2072505	S	8716	4529	13245	0.00056
Streptomyces sp. BJ20	2930049	S	8600	3802	12402	0.00053
Streptomyces sp. W1SF4	2305220	S	8366	3178	11544	0.00049
Streptomyces sp. C8S0	2585716	S	7969	2343	10312	0.00044
Streptomyces sp. QHH-9511	2684468	S	7808	2276	10084	0.00043
Streptomyces sp. S1D4-11	2721246	S	7519	6968	14487	0.00062
Streptomyces sp. BHT-5-2	2866715	S	7426	2523	9949	0.00042
Streptomyces sp. SM18	1736046	S	7395	2253	9648	0.00041
Streptomyces sp. SirexAA-E	862751	S	7306	2402	9708	0.00041
Streptomyces sp. 135	2838850	S	7151	2600	9751	0.00041
Streptomyces sp. S4.7	2705439	S	7042	2560	9602	0.00041
Streptomyces sp. jing01	2726118	S	6924	4308	11232	0.00048
Streptomyces sp. SYP-A7193	2662065	S	6870	4997	11867	0.00050
Streptomyces sp. HP-A2021	2927875	S	6668	4209	10877	0.00046
Streptomyces sp. WY228	2855836	S	6624	3919	10543	0.00045
Streptomyces sp. WAC 01529	2203205	S	6614	2592	9206	0.00039
Streptomyces sp. Tu 2975	2676871	S	6550	2225	8775	0.00037
Streptomyces sp. CB09001	2083284	S	6101	4655	10756	0.00046
Streptomyces sp. HSG2	2797167	S	6038	1369	7407	0.00031
Streptomyces sp. fd1-xmd	1812480	S	6001	3103	9104	0.00039
Streptomyces sp. INR7	2607753	S	5807	3605	9412	0.00040
Streptomyces sp. WAC 06738	2203210	S	5630	8247	13877	0.00059
Streptomyces sp. TN58	234612	S	5190	2840	8030	0.00034
Streptomyces sp. SUK 48	2582831	S	5177	3757	8934	0.00038
Streptomyces sp. CNQ-509	444103	S	4854	6945	11799	0.00050
Streptomyces sp. CCM_MD2014	1561022	S	4675	5468	10143	0.00043
Streptomyces sp. HF10	2692233	S	4542	3722	8264	0.00035
Streptomyces sp. 2323.1	1938841	S	4472	2993	7465	0.00032
Streptomyces sp. AgN23	1188315	S	4447	4469	8916	0.00038
Streptomyces sp. MOE7	1961713	S	4057	5395	9452	0.00040
Streptomyces sp. ADI95-16	1522758	S	4020	4962	8982	0.00038
Streptomyces sp. YPW6	2840373	S	3965	2266	6231	0.00026
Streptomyces sp. Mg1	465541	S	3790	4978	8768	0.00037
Streptomyces sp. M2	646637	S	3782	34285	38067	0.00162
Streptomyces sp. CRSS-Y-16	2906474	S	3738	35849	39587	0.00168
Streptomyces sp. 769	1262452	S	3671	3155	6826	0.00029
Streptomyces sp. RPA4-5	2721245	S	3426	2459	5885	0.00025
Streptomyces sp. RLB1-33	2721243	S	3385	12179	15564	0.00066
Streptomyces sp. EAS-AB2608	2779671	S	3159	7388	10547	0.00045
Streptomyces sp. XC 2026	2782004	S	2826	2699	5525	0.00023
Streptomyces sp. S063	2005885	S	2791	2175	4966	0.00021
Streptomyces sp. PBH53	1577075	S	2772	6227	8999	0.00038
Streptomyces sp. NEAU-S7GS2	2202000	S	2706	2670	5376	0.00023
Streptomyces sp. S8	1837283	S	2575	2501	5076	0.00022
Streptomyces sp. ID38640	1265399	S	2549	2245	4794	0.00020
Streptomyces sp. 3211	1964449	S	2469	4661	7130	0.00030
Streptomyces sp. WA6-1-16	2879427	S	2277	2699	4976	0.00021
Streptomyces sp. 11-1-2	1851167	S	2233	4832	7065	0.00030
Streptomyces sp. Sge12	1972846	S	2191	5095	7286	0.00031
Streptomyces sp. HNA39	2850561	S	1875	2465	4340	0.00018
Streptomyces sp. Tue 6075	1661694	S	1839	2447	4286	0.00018
Streptomyces sp. M56	1495638	S	1685	5198	6883	0.00029
Streptomyces sp. NA02536	2742133	S	1661	4950	6611	0.00028
Streptomyces sp. CB00271	2750025	S	1644	2534	4178	0.00018
Streptomyces sp. PAMC 26508	1265601	S	1511	9123	10634	0.00045
Streptomyces sp. CFMR 7	1649184	S	1450	2864	4314	0.00018
Streptomyces sp. WAC00303	2933779	S	1390	2267	3657	0.00016
Streptomyces sp. S501	2420135	S	1381	9027	10408	0.00044
Streptomyces sp. CLI2509	1984801	S	1322	7600	8922	0.00038
Streptomyces sp. CB04723	2748873	S	1216	2410	3626	0.00015
Streptomyces sp. Tu6071	355249	S	1202	6159	7361	0.00031
Streptomyces sp. A144	2871487	S	1144	8363	9507	0.00040
Streptomyces sp. VN1	1821625	S	1075	5253	6328	0.00027
Streptomyces sp. CB09030	2913412	S	1064	4091	5155	0.00022
Streptomyces sp. endophyte_N2	2153485	S	1047	3481	4528	0.00019
Streptomyces rapamycinicus	1226757	S	25108	5883	30991	0.00132
Streptomyces hygroscopicus	1912	S	17112	26257	43369	0.00184
Streptomyces violaceusniger	68280	S	5368	3702	9070	0.00039
Streptomyces yatensis	155177	S	4963	3782	8745	0.00037
Streptomyces malaysiensis	92644	S	1139	3857	4996	0.00021
Streptomyces venezuelae	54571	S	48268	18075	66343	0.00282
Streptomyces bathyalis	2710756	S	44552	6739	51291	0.00218
Streptomyces cadmiisoli	2184053	S	10783	2605	13388	0.00057
Streptomyces aurantiacus	47760	S	10554	2483	13037	0.00055
Streptomyces qaidamensis	1783515	S	6750	2873	9623	0.00041
Streptomyces alboniger	132473	S	5707	2125	7832	0.00033
Streptomyces koyangensis	188770	S	3885	4056	7941	0.00034
Streptomyces lydicus	47763	S	23973	16965	40938	0.00174
Streptomyces aquilus	2548456	S	21902	6356	28258	0.00120
Streptomyces chartreusis	1969	S	21809	9383	31192	0.00132
Streptomyces griseorubiginosus	67304	S	21637	7022	28659	0.00122
Streptomyces asoensis	249586	S	20461	5938	26399	0.00112
Streptomyces durmitorensis	319947	S	20160	4190	24350	0.00103
Streptomyces griseus	1911	S	7661	6573	14234	0.00060
Streptomyces anulatus	1892	S	5583	6136	11719	0.00050
Streptomyces microflavus	1919	S	2860	13592	16452	0.00070
Streptomyces globisporus	1908	S	2471	19685	22156	0.00094
Streptomyces albus	1888	S	19525	9924	29449	0.00125
Streptomyces collinus	42684	S	17105	10581	27686	0.00118
Streptomyces bingchenggensis	379067	S	16645	2929	19574	0.00083
Streptomyces formicae	1616117	S	16552	5164	21716	0.00092
Streptomyces griseochromogenes	68214	S	16042	4351	20393	0.00087
Streptomyces niveus	193462	S	15718	6945	22663	0.00096
Streptomyces armeniacus	83291	S	15651	1996	17647	0.00075
Streptomyces lincolnensis	1915	S	14641	4148	18789	0.00080
Streptomyces seoulensis	73044	S	14539	5259	19798	0.00084
Streptomyces buecherae	2763006	S	14163	3290	17453	0.00074
Streptomyces tsukubensis	83656	S	13591	3300	16891	0.00072
Streptomyces dengpaensis	2049881	S	13502	3636	17138	0.00073
Streptomyces cattleya	29303	S	13362	3505	16867	0.00072
Streptomyces spectabilis	68270	S	13100	4207	17307	0.00073
Streptomyces cyaneochromogenes	2496836	S	12774	3694	16468	0.00070
Streptomyces avermitilis	33903	S	12732	3540	16272	0.00069
Streptomyces xanthii	2768069	S	12637	3587	16224	0.00069
Streptomyces capitiformicae	2014920	S	12624	1944	14568	0.00062
Streptomyces lunaelactis	1535768	S	12078	2372	14450	0.00061
Streptomyces davaonensis	348043	S	11945	3264	15209	0.00065
Streptomyces griseoviridis	45398	S	11891	3677	15568	0.00066
Streptomyces ferrugineus	1413221	S	11489	3611	15100	0.00064
Streptomyces roseirectus	2768066	S	11297	2639	13936	0.00059
Streptomyces actuosus	1885	S	11106	4523	15629	0.00066
Streptomyces rimosus	1927	S	10944	34850	45794	0.00194
Streptomyces antibioticus	1890	S	10769	3704	14473	0.00061
Streptomyces broussonetiae	2686304	S	10538	3104	13642	0.00058
Streptomyces fodineus	1904616	S	10245	3579	13824	0.00059
Streptomyces incarnatus	665007	S	10173	2930	13103	0.00056
Streptomyces xinghaiensis	1038928	S	10094	2796	12890	0.00055
Streptomyces phaeolivaceus	2653200	S	10069	2793	12862	0.00055
Streptomyces paludis	2282738	S	9658	1972	11630	0.00049
Streptomyces nigra	1827580	S	9647	3636	13283	0.00056
Streptomyces calvus	67282	S	9570	3588	13158	0.00056
Streptomyces roseochromogenus	285450	S	9492	2938	12430	0.00053
Streptomyces galilaeus	33899	S	9409	3066	12475	0.00053
Streptomyces albulus	68570	S	9381	2718	12099	0.00051
Streptomyces liangshanensis	2717324	S	9358	2210	11568	0.00049
Streptomyces dangxiongensis	1442032	S	9352	3138	12490	0.00053
Streptomyces genisteinicus	2768068	S	9338	2726	12064	0.00051
Streptomyces alboflavus	67267	S	9210	2464	11674	0.00050
Streptomyces aureoverticillatus	66871	S	9189	2395	11584	0.00049
Streptomyces vietnamensis	362257	S	9161	2954	12115	0.00051
Streptomyces nodosus	40318	S	9109	2211	11320	0.00048
Streptomyces olivoreticuli	68246	S	9073	2387	11460	0.00049
Streptomyces ambofaciens	1889	S	8952	5085	14037	0.00060
Streptomyces griseocarneus	51201	S	8916	2899	11815	0.00050
Streptomyces atratus	1893	S	8834	1684	10518	0.00045
Streptomyces rectiverticillatus	173860	S	8787	2619	11406	0.00048
Streptomyces luteoverticillatus	66425	S	8563	2639	11202	0.00048
Streptomyces clavuligerus	1901	S	8471	1924	10395	0.00044
Streptomyces pactum	68249	S	8421	3344	11765	0.00050
Streptomyces harbinensis	1176198	S	8386	2074	10460	0.00044
Streptomyces globosus	68209	S	8368	2858	11226	0.00048
Streptomyces parvulus	146923	S	8201	3538	11739	0.00050
Streptomyces pratensis	1169025	S	8112	1903	10015	0.00043
Streptomyces ficellus	1977088	S	8041	2696	10737	0.00046
Streptomyces glaucescens	1907	S	7999	3320	11319	0.00048
Streptomyces peucetius	1950	S	7944	2048	9992	0.00042
Streptomyces prasinus	67345	S	7877	2433	10310	0.00044
Streptomyces viridosporus	67581	S	7869	3047	10916	0.00046
Streptomyces cyanogenus	80860	S	7841	3444	11285	0.00048
Streptomyces exfoliatus	1905	S	7802	2545	10347	0.00044
Streptomyces hundungensis	1077946	S	7796	2327	10123	0.00043
Streptomyces inhibens	2293571	S	7588	2236	9824	0.00042
Streptomyces lavendulae	1914	S	7578	2519	10097	0.00043
Streptomyces vinaceus	1960	S	7550	2599	10149	0.00043
Streptomyces gilvosporeus	553510	S	7532	2293	9825	0.00042
Streptomyces fagopyri	2662397	S	7503	2565	10068	0.00043
Streptomyces pluripotens	1355015	S	7470	1647	9117	0.00039
Streptomyces subrutilus	36818	S	7357	2599	9956	0.00042
Streptomyces katrae	68223	S	7346	2616	9962	0.00042
Streptomyces deccanensis	424188	S	7312	3129	10441	0.00044
Streptomyces chromofuscus	42881	S	7303	2725	10028	0.00043
Streptomyces tendae	1932	S	7182	2880	10062	0.00043
Streptomyces kanamyceticus	1967	S	7115	2437	9552	0.00041
Streptomyces pristinaespiralis	38300	S	6917	2786	9703	0.00041
Streptomyces angustmyceticus	285578	S	6602	2609	9211	0.00039
Streptomyces coeruleorubidus	116188	S	6568	3212	9780	0.00042
Streptomyces nitrosporeus	28894	S	6477	1725	8202	0.00035
Streptomyces hawaiiensis	67305	S	6362	2817	9179	0.00039
Streptomyces finlayi	67296	S	6306	1360	7666	0.00033
Streptomyces tirandamycinicus	2174846	S	6249	1986	8235	0.00035
Streptomyces gardneri	66892	S	6112	2490	8602	0.00037
Streptomyces tuirus	68278	S	6018	3036	9054	0.00038
Streptomyces mobaraensis	35621	S	5985	259731	265716	0.01128
Streptomyces gobiensis	2875706	S	5945	1036	6981	0.00030
Streptomyces spongiicola	1690221	S	5823	2359	8182	0.00035
Streptomyces huasconensis	1854574	S	5788	2243	8031	0.00034
Streptomyces nojiriensis	66374	S	5776	2484	8260	0.00035
Streptomyces qinzhouensis	2599401	S	5745	1327	7072	0.00030
Streptomyces rutgersensis	53451	S	5276	2505	7781	0.00033
Streptomyces leeuwenhoekii	1437453	S	4304	3078	7382	0.00031
Streptomyces antimycoticus	68175	S	4231	4743	8974	0.00038
Streptomyces cyaneogriseus	68192	S	3996	3170	7166	0.00030
Streptomyces auratus	114687	S	3719	2572	6291	0.00027
Streptomyces decoyicus	249567	S	3500	2019	5519	0.00023
Streptomyces platensis	58346	S	3117	2467	5584	0.00024
Streptomyces xiamenensis	408015	S	3098	2814	5912	0.00025
Streptomyces lydicamycinicus	1546107	S	3016	1883	4899	0.00021
Streptomyces coelicolor	1902	S	1072	10162	11234	0.00048
Streptomyces olivaceus	47716	S	1974	8025	9999	0.00042
Streptomyces alfalfae	1642299	S	1688	10772	12460	0.00053
Streptomyces filamentosus	67294	S	1645	2196	3841	0.00016
Streptomyces fungicidicus	68203	S	1521	4848	6369	0.00027
Streptomyces californicus	67351	S	1370	4922	6292	0.00027
Streptomyces cavourensis	67258	S	1345	2604	3949	0.00017
Streptomyces mirabilis	68239	S	1313	8965	10278	0.00044
Streptomyces autolyticus	75293	S	1241	4726	5967	0.00025
Streptomyces fradiae	1906	S	1085	18605	19690	0.00084
Kitasatospora sp. MMS16-BH015	2018025	S	11925	3628	15553	0.00066
Kitasatospora sp. NA04385	2742135	S	9697	4974	14671	0.00062
Kitasatospora setae	2066	S	9627	4741	14368	0.00061
Kitasatospora aureofaciens	1894	S	8575	3225	11800	0.00050
Kitasatospora albolonga	68173	S	2960	2086	5046	0.00021
Yinghuangia sp. ASG 101	2896848	S	39177	5790	44967	0.00191
Streptacidiphilus sp. P02-A3a	2704468	S	10567	2931	13498	0.00057
Streptacidiphilus sp. PB12-B1b	2705012	S	9541	3405	12946	0.00055
Streptacidiphilus bronchialis	2126346	S	8545	2515	11060	0.00047
Microbacterium sp. No. 7	1714373	S	7154	2970	10124	0.00043
Microbacterium sp. 4R-513	2567934	S	5684	1095	6779	0.00029
Microbacterium sp. JZ31	1906274	S	5004	1385	6389	0.00027
Microbacterium sp. 10M-3C3	2483401	S	4836	2843	7679	0.00033
Microbacterium sp. SSW1-36	2851648	S	4214	1309	5523	0.00023
Microbacterium sp. SSW1-51	2851650	S	4093	1636	5729	0.00024
Microbacterium sp. BH-3-3-3	1906742	S	3898	969	4867	0.00021
Microbacterium sp. YJN-G	2763257	S	3661	1483	5144	0.00022
Microbacterium sp. ABRD_28	2268461	S	3547	499	4046	0.00017
Microbacterium sp. XT11	367477	S	3345	835	4180	0.00018
Microbacterium sp. NIBRBAC000506063	2734618	S	3308	1278	4586	0.00019
Microbacterium sp. cx-55	2875948	S	3300	493	3793	0.00016
Microbacterium sp. H1-D42	2925844	S	3224	637	3861	0.00016
Microbacterium sp. Y-01	2048898	S	3163	2078	5241	0.00022
Microbacterium sp. PM5	2014534	S	3152	622	3774	0.00016
Microbacterium sp. A18JL241	2782166	S	3028	890	3918	0.00017
Microbacterium sp. LKL04	912630	S	2999	742	3741	0.00016
Microbacterium sp. TPU 3598	1938334	S	2532	1305	3837	0.00016
Microbacterium sp. CBA3102	2603598	S	2506	1139	3645	0.00015
Microbacterium sp. 1S1	2606451	S	2444	2406	4850	0.00021
Microbacterium sp. Nx66	2766784	S	2035	2968	5003	0.00021
Microbacterium sp. RG1	2489212	S	1319	1244	2563	0.00011
Microbacterium foliorum	104336	S	7705	1575	9280	0.00039
Microbacterium hominis	162426	S	6774	23230	30004	0.00127
Microbacterium oleivorans	273677	S	6380	1119	7499	0.00032
Microbacterium cremeum	2782169	S	5909	1108	7017	0.00030
Microbacterium atlanticum	2782168	S	5334	1044	6378	0.00027
Microbacterium lemovicicum	1072463	S	4812	962	5774	0.00025
Microbacterium resistens	156977	S	4705	768	5473	0.00023
Microbacterium sediminis	904291	S	4390	1758	6148	0.00026
Microbacterium oryzae	743009	S	4215	1097	5312	0.00023
Microbacterium testaceum	2033	S	4159	676	4835	0.00021
Microbacterium pygmaeum	370764	S	4086	448	4534	0.00019
Microbacterium aurum	36805	S	3694	1043	4737	0.00020
Microbacterium oxydans	82380	S	3613	3214	6827	0.00029
Microbacterium wangchenii	2541726	S	3592	781	4373	0.00019
Microbacterium caowuchunii	2614638	S	3570	596	4166	0.00018
Microbacterium luteum	2782167	S	3475	1279	4754	0.00020
Microbacterium lushaniae	2614639	S	3403	758	4161	0.00018
Microbacterium protaetiae	2509458	S	3328	636	3964	0.00017
Microbacterium chocolatum	84292	S	3303	652	3955	0.00017
Microbacterium esteraromaticum	57043	S	3153	654	3807	0.00016
Microbacterium hydrocarbonoxydans	273678	S	2647	465	3112	0.00013
Microbacterium schleiferi	69362	S	2361	717	3078	0.00013
Microbacterium fandaimingii	2708079	S	1635	126	1761	0.00007
Microbacterium binotii	462710	S	1505	1338	2843	0.00012
Microbacterium chengjingii	2769067	S	1269	64	1333	0.00006
Microbacterium amylolyticum	936337	S	1095	195	1290	0.00005
Agromyces sp. H17E-10	2932244	S	8795	2551	11346	0.00048
Agromyces sp. LHK192	2498704	S	6679	1714	8393	0.00036
Agromyces sp. CFWR-12	2929802	S	5259	2728	7987	0.00034
Agromyces flavus	589382	S	9119	2531	11650	0.00049
Agromyces soli	659012	S	6930	2214	9144	0.00039
Agromyces aureus	453304	S	6927	1731	8658	0.00037
Agromyces protaetiae	2509455	S	5688	1446	7134	0.00030
Agromyces marinus	1389020	S	5256	1692	6948	0.00030
Agromyces archimandritae	2781962	S	4854	1238	6092	0.00026
Agromyces intestinalis	2592652	S	4751	2333	7084	0.00030
Agromyces badenianii	2080742	S	4431	1284	5715	0.00024
Agromyces laixinhei	2585717	S	4274	870	5144	0.00022
Curtobacterium sp. BH-2-1-1	1905847	S	4238	1584	5822	0.00025
Curtobacterium sp. L6-1	2841594	S	3801	1259	5060	0.00021
Curtobacterium sp. YC1	2795488	S	3014	1500	4514	0.00019
Curtobacterium sp. MR_MD2014	1561023	S	2938	1872	4810	0.00020
Curtobacterium sp. TC1	2862880	S	2922	2268	5190	0.00022
Curtobacterium sp. 24E2	2804758	S	2606	2149	4755	0.00020
Curtobacterium sp. SGAir0471	2070337	S	2038	3123	5161	0.00022
Curtobacterium sp. TXMA1	2876939	S	1986	3166	5152	0.00022
Curtobacterium flaccumfaciens	2035	S	6418	2741	9159	0.00039
Curtobacterium luteum	33881	S	3971	1281	5252	0.00022
Rathayibacter sp. VKM Ac-2759	2609252	S	5229	1799	7028	0.00030
Rathayibacter sp. VKM Ac-2760	2609253	S	4667	2643	7310	0.00031
Rathayibacter sp. VKM Ac-2804	2609257	S	3404	2741	6145	0.00026
Rathayibacter sp. VKM Ac-2801	2609255	S	2093	3749	5842	0.00025
Rathayibacter festucae	110937	S	5149	5240	10389	0.00044
Rathayibacter tanaceti	1671680	S	3181	748	3929	0.00017
Rathayibacter iranicus	59737	S	1946	245	2191	0.00009
Rathayibacter tritici	33888	S	1900	551	2451	0.00010
Rathayibacter rathayi	33887	S	1734	445	2179	0.00009
Leifsonia sp. 21MFCrub1.1	1798223	S	5216	6456	11672	0.00050
Leifsonia sp. ZF2019	2781978	S	5176	1341	6517	0.00028
Leifsonia sp. PS1209	2724914	S	5092	1309	6401	0.00027
Leifsonia shinshuensis	150026	S	7401	1898	9299	0.00039
Leifsonia xyli	1575	S	3694	472	4166	0.00018
Clavibacter michiganensis	28447	S	22783	23604	46387	0.00197
Clavibacter zhangzhiyongii	2768071	S	2925	1296	4221	0.00018
Clavibacter sp. A6099	2860285	S	1643	989	2632	0.00011
Leucobacter sp. H25R-14	2932245	S	3691	559	4250	0.00018
Leucobacter sp. NB 10	2873270	S	3374	851	4225	0.00018
Leucobacter sp. Psy1	2875729	S	2628	293	2921	0.00012
Leucobacter sp. CX169	2813744	S	2145	502	2647	0.00011
Leucobacter sp. H21R-36	2932246	S	1136	2715	3851	0.00016
Leucobacter sp. H21R-40	2932247	S	1002	2402	3404	0.00014
Leucobacter muris	1935379	S	3883	1288	5171	0.00022
Leucobacter triazinivorans	1784719	S	3518	2023	5541	0.00024
Leucobacter luti	340320	S	1292	115	1407	0.00006
Agrococcus sp. SGAir0287	2070347	S	5772	1605	7377	0.00031
Agrococcus sp. SCSIO52902	2933290	S	5206	2326	7532	0.00032
Agrococcus sp. Marseille-Q4369	2810513	S	5084	1630	6714	0.00029
Agrococcus jejuensis	399736	S	6241	1808	8049	0.00034
Agrococcus carbonis	684552	S	5350	2241	7591	0.00032
Protaetiibacter sp. SSC-01	2759943	S	5344	1811	7155	0.00030
Protaetiibacter intestinalis	2419774	S	5225	1731	6956	0.00030
Protaetiibacter larvae	2592654	S	3955	1161	5116	0.00022
Salinibacterium sp. ZJ450	2708338	S	3440	505	3945	0.00017
Salinibacterium sp. ZJ70	2708084	S	3280	780	4060	0.00017
Salinibacterium sp. dk2585	2603292	S	2210	362	2572	0.00011
Salinibacterium hongtaonis	2079791	S	1191	122	1313	0.00006
Cryobacterium sp. LW097	1978566	S	2694	540	3234	0.00014
Cryobacterium sp. PAMC25264	2861288	S	1585	911	2496	0.00011
Cryobacterium soli	2220095	S	2198	1080	3278	0.00014
Cryobacterium arcticum	670052	S	1820	1304	3124	0.00013
Frondihabitans sp. PAMC 28766	1795630	S	4966	611	5577	0.00024
Frondihabitans sp. 762G35	1446794	S	4230	818	5048	0.00021
Plantibacter sp. M259	2583822	S	1568	1380	2948	0.00013
Plantibacter sp. PA-3-X8	2480625	S	1473	1338	2811	0.00012
Plantibacter flavus	150123	S	1907	1521	3428	0.00015
Microterricola viridarii	412690	S	7991	1808	9799	0.00042
Microcella flavibacter	1804990	S	4701	2018	6719	0.00029
Microcella alkaliphila	279828	S	2627	410	3037	0.00013
Cnuibacter physcomitrellae	1619308	S	5873	1158	7031	0.00030
Herbiconiux sp. SALV-R1	2735133	S	5660	1036	6696	0.00028
Frigoribacterium sp. NBH87	2596916	S	5468	1466	6934	0.00029
Gryllotalpicola protaetiae	2419771	S	5175	920	6095	0.00026
Mycetocola sp. JXN-3	2116510	S	1809	253	2062	0.00009
Mycetocola zhujimingii	2079792	S	1639	185	1824	0.00008
Mycetocola spongiae	2859226	S	1421	178	1599	0.00007
Subtercola sp. AK-R2A1-2	2895559	S	2952	247	3199	0.00014
Subtercola sp. PAMC28395	2846775	S	1787	158	1945	0.00008
Humibacter sp. WJ7-1	2599293	S	4349	869	5218	0.00022
Amnibacterium sp. L3-i23	2905871	S	4182	916	5098	0.00022
Gulosibacter sediminis	1729695	S	3366	870	4236	0.00018
Marisediminicola antarctica	674079	S	3137	359	3496	0.00015
Diaminobutyricimonas sp. LJ205	2683590	S	2714	466	3180	0.00014
Agreia sp. COWG	2773266	S	2478	279	2757	0.00012
Glaciihabitans sp. INWT7	2596912	S	2462	179	2641	0.00011
Arthrobacter sp. NicSoilC5	2831000	S	16835	7405	24240	0.00103
Arthrobacter sp. FW305-BF8	2879617	S	14883	3772	18655	0.00079
Arthrobacter sp. QXT-31	1357915	S	13723	3578	17301	0.00073
Arthrobacter sp. NicSoilB8	2830998	S	6225	1474	7699	0.00033
Arthrobacter sp. PM3	2017685	S	5678	727	6405	0.00027
Arthrobacter sp. NtRootA1	2830983	S	4852	1235	6087	0.00026
Arthrobacter sp. KBS0702	2578107	S	4553	1636	6189	0.00026
Arthrobacter sp. NicSoilB11	2830999	S	4343	11972	16315	0.00069
Arthrobacter sp. StoSoilB19	2830994	S	4196	13294	17490	0.00074
Arthrobacter sp. UKPF54-2	2600159	S	4176	1584	5760	0.00024
Arthrobacter sp. QL17	2895818	S	3866	846	4712	0.00020
Arthrobacter sp. 24S4-2	2575374	S	3647	750	4397	0.00019
Arthrobacter sp. PAMC25564	2565366	S	3641	915	4556	0.00019
Arthrobacter sp. NicSoilB4	2830997	S	3592	1029	4621	0.00020
Arthrobacter sp. U41	1849032	S	3476	890	4366	0.00019
Arthrobacter sp. FB24	290399	S	3289	885	4174	0.00018
Arthrobacter sp. PGP41	2079227	S	2933	840	3773	0.00016
Arthrobacter sp. ERGS1:01	1704044	S	2646	498	3144	0.00013
Arthrobacter sp. FW306-2-2C-D06B	2879618	S	2525	469	2994	0.00013
Arthrobacter sp. PAMC25284	2861279	S	2422	599	3021	0.00013
Arthrobacter sp. Helios	2828862	S	1923	308	2231	0.00009
Arthrobacter sp. FW306-06-A	2879621	S	1866	4545	6411	0.00027
Arthrobacter sp. zg-Y462	2886936	S	1640	329	1969	0.00008
Arthrobacter sp. StoSoilB5	2830992	S	1463	368	1831	0.00008
Arthrobacter sp. PAMC 25486	1494608	S	1451	237	1688	0.00007
Arthrobacter sp. zg-Y809	2886940	S	1333	461	1794	0.00008
Arthrobacter sp. StoSoilB20	2830995	S	1291	308	1599	0.00007
Arthrobacter sp. FW306-07-I	2879622	S	1237	4782	6019	0.00026
Arthrobacter sp. FW306-05-C	2879620	S	1159	4193	5352	0.00023
Arthrobacter sp. D5-1	1477518	S	1035	586	1621	0.00007
Arthrobacter agilis	37921	S	5823	775	6598	0.00028
Arthrobacter crystallopoietes	37928	S	4634	800	5434	0.00023
Arthrobacter sulfonylureivorans	2486855	S	2955	441	3396	0.00014
Arthrobacter woluwensis	156980	S	2902	618	3520	0.00015
Arthrobacter dokdonellae	2211210	S	2386	394	2780	0.00012
Arthrobacter jiangjiafuii	2817475	S	1850	490	2340	0.00010
Arthrobacter alpinus	656366	S	1720	2485	4205	0.00018
Arthrobacter sunyaminii	2816859	S	1250	401	1651	0.00007
Pseudarthrobacter sp. BIM B-2242	2772401	S	2509	564	3073	0.00013
Pseudarthrobacter sp. L1SW	2851598	S	2440	804	3244	0.00014
Pseudarthrobacter sp. NIBRBAC000502770	2590785	S	1544	4023	5567	0.00024
Pseudarthrobacter sp. NIBRBAC000502771	2590774	S	1517	4536	6053	0.00026
Pseudarthrobacter sp. NBSH8	2596911	S	1423	490	1913	0.00008
Pseudarthrobacter sp. NIBRBAC000502772	2590775	S	1266	845	2111	0.00009
Pseudarthrobacter sp. SSS035	2931399	S	1244	1024	2268	0.00010
Pseudarthrobacter phenanthrenivorans	361575	S	2684	1053	3737	0.00016
Pseudarthrobacter chlorophenolicus	85085	S	2594	854	3448	0.00015
Pseudarthrobacter equi	728066	S	2416	849	3265	0.00014
Pseudarthrobacter psychrotolerans	2697569	S	1787	652	2439	0.00010
Pseudarthrobacter sulfonivorans	121292	S	1088	1097	2185	0.00009
Kocuria rosea	1275	S	5428	1578	7006	0.00030
Kocuria turfanensis	388357	S	4702	1505	6207	0.00026
Kocuria flava	446860	S	4653	2029	6682	0.00028
Kocuria palustris	71999	S	2924	1000	3924	0.00017
Kocuria rhizophila	72000	S	2328	4728	7056	0.00030
Kocuria varians	1272	S	1859	1160	3019	0.00013
Micrococcus luteus	1270	S	6716	10148	16864	0.00072
Micrococcus sp. KD337-16	2856555	S	2674	1421	4095	0.00017
Sinomonas atrocyanea	37927	S	7070	1993	9063	0.00038
Sinomonas sp. R1AF57	2020377	S	5198	1019	6217	0.00026
Glutamicibacter protophormiae	37930	S	1825	1828	3653	0.00016
Glutamicibacter creatinolyticus	162496	S	1775	529	2304	0.00010
Glutamicibacter halophytocola	1933880	S	1009	727	1736	0.00007
Paenarthrobacter ureafaciens	37931	S	1846	4173	6019	0.00026
Paenarthrobacter aurescens	43663	S	1342	857	2199	0.00009
Rothia kristinae	37923	S	3258	1708	4966	0.00021
Citricoccus sp. SGAir0253	2567881	S	4499	1072	5571	0.00024
Nesterenkonia sp. NBAIMH1	2600320	S	1615	96	1711	0.00007
Cellulomonas sp. Y8	2591145	S	10038	4108	14146	0.00060
Cellulomonas sp. H30R-01	2704467	S	9384	3480	12864	0.00055
Cellulomonas sp. zg-ZUI188	2819978	S	7690	2033	9723	0.00041
Cellulomonas sp. C5510	2871170	S	7364	2803	10167	0.00043
Cellulomonas sp. JZ18	2654191	S	7353	2986	10339	0.00044
Cellulomonas sp. zg-ZUI157	2819979	S	6374	2098	8472	0.00036
Cellulomonas sp. zg-ZUI222	2816956	S	6219	2237	8456	0.00036
Cellulomonas sp. EW123	2608402	S	5917	3344	9261	0.00039
Cellulomonas sp. PSBB021	2003551	S	5290	3983	9273	0.00039
Cellulomonas fimi	1708	S	8441	7094	15535	0.00066
Cellulomonas iranensis	76862	S	7139	3147	10286	0.00044
Cellulomonas shaoxiangyii	2566013	S	6932	2717	9649	0.00041
Cellulomonas flavigena	1711	S	6343	2264	8607	0.00037
Cellulomonas gilvus	11	S	5869	2412	8281	0.00035
Cellulomonas taurus	2729175	S	4457	1358	5815	0.00025
Actinotalea sp. JY-7876	2758442	S	7250	2426	9676	0.00041
Oerskovia sp. KBS0722	1179673	S	6139	1839	7978	0.00034
Pseudactinotalea sp. HY158	2654547	S	4958	680	5638	0.00024
Paraoerskovia marina	545619	S	3992	979	4971	0.00021
Janibacter melonis	262209	S	8850	2873	11723	0.00050
Janibacter limosus	53458	S	5879	1492	7371	0.00031
Janibacter indicus	857417	S	3144	4652	7796	0.00033
Janibacter sp. YB324	2761047	S	1765	3572	5337	0.00023
Phycicoccus sp. HDW14	2714941	S	12648	4033	16681	0.00071
Phycicoccus endophyticus	1690220	S	9137	2595	11732	0.00050
Pedococcus dokdonensis	443156	S	18413	5301	23714	0.00101
Intrasporangium calvum	53358	S	14737	3666	18403	0.00078
Tetrasphaera sp. HKS02	1813880	S	13673	3492	17165	0.00073
Arsenicicoccus sp. oral taxon 190	1658671	S	7511	2708	10219	0.00043
Cellulosimicrobium cellulans	1710	S	13821	16227	30048	0.00128
Cellulosimicrobium sp. BI34T	2587808	S	5814	2726	8540	0.00036
Cellulosimicrobium sp. JZ28	1906273	S	1257	3780	5037	0.00021
Xylanimonas protaetiae	2509457	S	6607	2750	9357	0.00040
Xylanimonas cellulosilytica	186189	S	5686	1922	7608	0.00032
Xylanimonas allomyrinae	2509459	S	5607	1680	7287	0.00031
Isoptericola variabilis	139208	S	7279	3595	10874	0.00046
Isoptericola dokdonensis	372663	S	6836	2511	9347	0.00040
Ornithinimicrobium avium	2283195	S	7392	1843	9235	0.00039
Ornithinimicrobium sp. HY006	2508882	S	5234	1700	6934	0.00029
Ornithinimicrobium flavum	1288636	S	5473	1668	7141	0.00030
Ornithinimicrobium ciconiae	2594265	S	4308	636	4944	0.00021
Ornithinimicrobium pratense	2593973	S	3897	1081	4978	0.00021
Serinicoccus chungangensis	767452	S	5665	1790	7455	0.00032
Serinicoccus hydrothermalis	1758689	S	5093	2152	7245	0.00031
Serinicoccus profundi	1078471	S	4737	1575	6312	0.00027
Serinicoccus marinus	247333	S	4345	1924	6269	0.00027
Brachybacterium sp. CBA3105	2887346	S	5313	1111	6424	0.00027
Brachybacterium sp. SGAir0954	2571029	S	5040	1267	6307	0.00027
Brachybacterium sp. P6-10-X1	1903186	S	4319	689	5008	0.00021
Brachybacterium saurashtrense	556288	S	4199	1095	5294	0.00022
Brachybacterium ginsengisoli	1331682	S	4150	1114	5264	0.00022
Brachybacterium faecium	43669	S	4026	1123	5149	0.00022
Brachybacterium vulturis	2017484	S	2896	970	3866	0.00016
Brachybacterium avium	2017485	S	2690	897	3587	0.00015
Dermabacter vaginalis	1630135	S	1121	681	1802	0.00008
Dermabacter jinjuensis	1667168	S	1038	824	1862	0.00008
Brevibacterium sp. CS2	2575923	S	4464	1676	6140	0.00026
Brevibacterium sp. SMBL_HHYL_HB1	2777556	S	2019	538	2557	0.00011
Brevibacterium casei	33889	S	4903	4608	9511	0.00040
Brevibacterium linens	1703	S	2491	2284	4775	0.00020
Brevibacterium luteolum	199591	S	2463	924	3387	0.00014
Brevibacterium atlanticum	2697563	S	1746	515	2261	0.00010
Brevibacterium oceani	358099	S	1669	534	2203	0.00009
Brevibacterium aurantiacum	273384	S	1531	1250	2781	0.00012
Brevibacterium sandarakinum	629680	S	1386	354	1740	0.00007
Brevibacterium limosum	2697565	S	1255	668	1923	0.00008
Brevibacterium siliguriense	1136497	S	1046	471	1517	0.00006
Georgenia yuyongxinii	2589797	S	7192	1665	8857	0.00038
Georgenia sp. TF02-10	2917725	S	7139	2426	9565	0.00041
Georgenia wutianyii	2585135	S	6495	2115	8610	0.00037
Georgenia faecalis	2483799	S	6023	1550	7573	0.00032
Dermacoccus nishinomiyaensis	1274	S	5192	2084	7276	0.00031
Dermacoccus sp. PAMC28757	2762331	S	3576	1225	4801	0.00020
Luteipulveratus mongoliensis	571913	S	7412	980	8392	0.00036
Allobranchiibius sp. GilTou73	2904523	S	5764	1195	6959	0.00030
Yimella sp. cx-51	2770551	S	3340	638	3978	0.00017
Haloactinobacterium kanbiaonis	2675754	S	7830	1066	8896	0.00038
Ruania sp. LR1S40	2897774	S	4149	816	4965	0.00021
Ruania sp. M4N3S171	2897773	S	2535	341	2876	0.00012
Ruania zhangjianzhongii	2603206	S	4518	427	4945	0.00021
Ruania alkalisoli	2779775	S	2999	487	3486	0.00015
Pengzhenrongella sicca	2819238	S	8481	2224	10705	0.00045
Luteimicrobium xylanilyticum	1133546	S	7454	2139	9593	0.00041
Beutenbergia cavernae	84757	S	9202	1420	10622	0.00045
Miniimonas sp. S16	2171623	S	6341	3039	9380	0.00040
Sanguibacter keddieii	60920	S	5874	1646	7520	0.00032
Sanguibacter sp. HDW7	2714931	S	5186	1524	6710	0.00028
Gephyromycinifex aptenodytis	2716227	S	2392	275	2667	0.00011
Austwickia chelonae	100225	S	1802	138	1940	0.00008
Kytococcus sedentarius	1276	S	4614	2081	6695	0.00028
Demequina sp. TMPB413	2881056	S	1682	123	1805	0.00008
Mycolicibacterium litorale	758802	S	10156	2939	13095	0.00056
Mycolicibacterium smegmatis	1772	S	8052	3556	11608	0.00049
Mycolicibacterium sp. YH-1	2908837	S	5354	2953	8307	0.00035
Mycolicibacterium arabiense	1286181	S	6851	1011	7862	0.00033
Mycolicibacterium fluoranthenivorans	258505	S	6785	865	7650	0.00032
Mycolicibacterium rhodesiae	36814	S	6781	1184	7965	0.00034
Mycolicibacterium madagascariense	212765	S	6708	967	7675	0.00033
Mycolicibacterium sediminis	1286180	S	6615	1173	7788	0.00033
Mycolicibacterium rutilum	370526	S	6394	1996	8390	0.00036
Mycolicibacterium gadium	1794	S	6310	917	7227	0.00031
Mycolicibacterium mageritense	53462	S	6282	1129	7411	0.00031
Mycolicibacterium neoaurum	1795	S	6166	1444	7610	0.00032
Mycolicibacterium phlei	1771	S	6090	2074	8164	0.00035
Mycolicibacterium chubuense	1800	S	5983	1418	7401	0.00031
Mycolicibacterium vaccae	1810	S	5773	1146	6919	0.00029
Mycolicibacterium hassiacum	46351	S	5700	1577	7277	0.00031
Mycolicibacterium moriokaense	39691	S	5659	693	6352	0.00027
Mycolicibacterium psychrotolerans	216929	S	5486	1264	6750	0.00029
Mycolicibacterium parafortuitum	39692	S	5468	1074	6542	0.00028
Mycolicibacterium aurum	1791	S	5400	692	6092	0.00026
Mycolicibacterium chitae	1792	S	5346	1265	6611	0.00028
Mycolicibacterium fortuitum	1766	S	5171	2117	7288	0.00031
Mycolicibacterium duvalii	39688	S	4975	978	5953	0.00025
Mycolicibacterium monacense	85693	S	4949	1770	6719	0.00029
Mycolicibacterium pulveris	36813	S	4946	841	5787	0.00025
Mycolicibacterium tokaiense	39695	S	4909	774	5683	0.00024
Mycolicibacterium poriferae	39694	S	4788	1062	5850	0.00025
Mycolicibacterium thermoresistibile	1797	S	4739	1045	5784	0.00025
Mycolicibacterium phocaicum	319706	S	4615	2761	7376	0.00031
Mycolicibacterium helvum	1534349	S	4598	566	5164	0.00022
Mycolicibacterium gilvum	1804	S	4577	1902	6479	0.00028
Mycolicibacterium baixiangningiae	2761578	S	4551	744	5295	0.00022
Mycolicibacterium celeriflavum	1249101	S	4446	919	5365	0.00023
Mycolicibacterium confluentis	28047	S	4373	643	5016	0.00021
Mycolicibacterium fallax	1793	S	4308	1726	6034	0.00026
Mycolicibacterium aichiense	1799	S	4119	735	4854	0.00021
Mycolicibacterium boenickei	146017	S	3997	6749	10746	0.00046
Mycolicibacterium insubricum	444597	S	3995	1152	5147	0.00022
Mycolicibacterium mengxianglii	2736649	S	3974	415	4389	0.00019
Mycolicibacterium anyangense	1431246	S	3838	623	4461	0.00019
Mycolicibacterium austroafricanum	39687	S	3473	17420	20893	0.00089
Mycolicibacterium mucogenicum	56689	S	3047	1401	4448	0.00019
Mycobacterium doricum	126673	S	2965	718	3683	0.00016
Mycolicibacterium sarraceniae	1534348	S	2918	390	3308	0.00014
Mycolicibacterium alvei	67081	S	2697	837	3534	0.00015
Mycolicibacterium septicum	98668	S	2690	2238	4928	0.00021
Mycolicibacterium farcinogenes	1802	S	1481	6251	7732	0.00033
Mycobacterium sp. JS623	212767	S	17905	2367	20272	0.00086
Mycobacterium sp. IDR2000157661	2867005	S	4597	1423	6020	0.00026
Mycobacterium sp. YC-RL4	1682113	S	4411	1965	6376	0.00027
Mycobacterium sp. EPa45	1545728	S	4223	1521	5744	0.00024
Mycobacterium sp. MS1601	1936029	S	4112	741	4853	0.00021
Mycobacterium sp. DL592	2675524	S	3686	1024	4710	0.00020
Mycobacterium sp. DL440	2675523	S	3140	1008	4148	0.00018
Mycobacterium sp. TY59	2775496	S	2652	1072	3724	0.00016
Mycobacterium saskatchewanense	220927	S	5009	919	5928	0.00025
Mycobacterium parmense	185642	S	4641	790	5431	0.00023
Mycobacterium kubicae	120959	S	3836	601	4437	0.00019
Mycobacterium florentinum	292462	S	3773	791	4564	0.00019
Mycobacterium shigaense	722731	S	3580	484	4064	0.00017
Mycobacterium simiae	1784	S	3375	273	3648	0.00015
Mycobacterium stomatepiae	470076	S	3355	634	3989	0.00017
Mycobacterium lentiflavum	141349	S	3342	761	4103	0.00017
Mycobacterium heidelbergense	53376	S	3081	670	3751	0.00016
Mycobacterium avium	1764	S	6766	5626	12392	0.00053
Mycobacterium intracellulare	1767	S	3505	46320	49825	0.00212
Mycobacterium mantenii	560555	S	3226	364	3590	0.00015
Mycobacterium colombiense	339268	S	3219	507	3726	0.00016
Mycobacterium marseillense	701042	S	2955	658	3613	0.00015
Mycobacterium rufum	318424	S	7552	2324	9876	0.00042
Mycobacterium frederiksbergense	117567	S	6928	2300	9228	0.00039
Mycobacterium grossiae	1552759	S	6842	2039	8881	0.00038
Mycobacterium dioxanotrophicus	482462	S	5347	1386	6733	0.00029
Mycobacterium holsaticum	152142	S	4654	734	5388	0.00023
Mycobacterium conspicuum	44010	S	4525	510	5035	0.00021
Mycobacterium branderi	43348	S	4404	527	4931	0.00021
Mycobacterium diernhoferi	1801	S	4370	851	5221	0.00022
Mycobacterium paragordonae	1389713	S	4302	506	4808	0.00020
Mycobacterium goodii	134601	S	4284	1761	6045	0.00026
Mycobacterium canettii	78331	S	1358	2743	4101	0.00017
Mycobacterium gordonae	1778	S	3652	310	3962	0.00017
Mycobacterium cookii	1775	S	3613	340	3953	0.00017
Mycobacterium paraterrae	577492	S	3389	373	3762	0.00016
Mycobacterium koreense	1069220	S	3302	998	4300	0.00018
Mycobacterium heckeshornense	110505	S	3117	223	3340	0.00014
Mycobacterium riyadhense	486698	S	3109	121	3230	0.00014
Mycobacterium paraseoulense	590652	S	2939	531	3470	0.00015
Mycobacterium noviomagense	459858	S	2932	218	3150	0.00013
Mycobacterium kansasii	1768	S	2842	265	3107	0.00013
Mycobacterium vicinigordonae	1719132	S	2842	141	2983	0.00013
Mycobacterium lacus	169765	S	2709	185	2894	0.00012
Mycobacterium malmoense	1780	S	2691	383	3074	0.00013
Mycobacterium shinjukuense	398694	S	2631	236	2867	0.00012
Mycobacterium ostraviense	2738409	S	2581	230	2811	0.00012
Mycobacterium virginiense	1795032	S	2565	759	3324	0.00014
Mycobacterium seoulense	386911	S	2537	531	3068	0.00013
Mycobacterium xenopi	1789	S	2461	282	2743	0.00012
Mycobacterium basiliense	2094119	S	2212	73	2285	0.00010
Mycobacterium spongiae	886343	S	2119	54	2173	0.00009
Mycobacterium crocinum	388459	S	1977	1043	3020	0.00013
Mycobacterium haemophilum	29311	S	1477	67	1544	0.00007
Mycolicibacter sp. MYC340	2855503	S	2336	934	3270	0.00014
Mycolicibacter sp. MYC098	2872309	S	2214	917	3131	0.00013
Mycolicibacter sp. MYC017	2875777	S	1509	3032	4541	0.00019
Mycolicibacter hiberniae	29314	S	2812	622	3434	0.00015
Mycolicibacter terrae	1788	S	2787	969	3756	0.00016
Mycolicibacter minnesotensis	1118379	S	2026	369	2395	0.00010
Mycobacteroides abscessus	36809	S	4566	4916	9482	0.00040
Mycobacteroides chelonae	1774	S	2867	979	3846	0.00016
Mycobacteroides saopaulense	1578165	S	1816	268	2084	0.00009
Mycobacteroides immunogenum	83262	S	1745	416	2161	0.00009
Mycobacteroides salmoniphilum	404941	S	1449	163	1612	0.00007
Mycolicibacillus parakoreensis	1069221	S	3748	1178	4926	0.00021
Hoyosella subflava	639313	S	1681	89	1770	0.00008
Rhodococcus sp. X156	2499145	S	6615	2058	8673	0.00037
Rhodococcus sp. MTM3W5.2	1805827	S	5881	1329	7210	0.00031
Rhodococcus sp. SGAir0479	2567884	S	5036	1438	6474	0.00027
Rhodococcus sp. W8901	2742603	S	4903	1270	6173	0.00026
Rhodococcus sp. PBTS 1	1653478	S	4572	1097	5669	0.00024
Rhodococcus sp. R79	2811421	S	3085	3063	6148	0.00026
Rhodococcus sp. ABRD24	2507582	S	3004	521	3525	0.00015
Rhodococcus sp. USK10	2789739	S	2625	2730	5355	0.00023
Rhodococcus sp. P1Y	1302308	S	2279	206	2485	0.00011
Rhodococcus sp. B7740	1564114	S	2183	304	2487	0.00011
Rhodococcus sp. WMMA185	679318	S	1873	231	2104	0.00009
Rhodococcus sp. WAY2	2663121	S	1612	2482	4094	0.00017
Rhodococcus sp. USK13	2806442	S	1529	1898	3427	0.00015
Rhodococcus sp. RDE2	2885078	S	1166	1362	2528	0.00011
Rhodococcus opacus	37919	S	15603	19661	35264	0.00150
Rhodococcus equi	43767	S	7821	2747	10568	0.00045
Rhodococcus fascians	1828	S	6412	1394	7806	0.00033
Rhodococcus rhodochrous	1829	S	4578	2988	7566	0.00032
Rhodococcus triatomae	300028	S	3905	1069	4974	0.00021
Rhodococcus koreensis	99653	S	3890	1366	5256	0.00022
Rhodococcus coprophilus	38310	S	3180	526	3706	0.00016
Rhodococcus qingshengii	334542	S	1643	11538	13181	0.00056
Rhodococcus erythropolis	1833	S	1159	6484	7643	0.00032
Rhodococcus jostii	132919	S	2933	1459	4392	0.00019
Rhodococcus globerulus	33008	S	2683	309	2992	0.00013
Rhodococcus pyridinivorans	103816	S	2307	10465	12772	0.00054
Rhodococcus ruber	1830	S	2197	8517	10714	0.00045
Nocardia asteroides	1824	S	28771	9099	37870	0.00161
Nocardia brasiliensis	37326	S	17115	4327	21442	0.00091
Nocardia terpenica	455432	S	11705	1937	13642	0.00058
Nocardia cyriacigeorgica	135487	S	11150	4475	15625	0.00066
Nocardia farcinica	37329	S	8973	5142	14115	0.00060
Nocardia arthritidis	228602	S	7264	850	8114	0.00034
Nocardia wallacei	480035	S	6911	1844	8755	0.00037
Nocardia nova	37330	S	6202	814	7016	0.00030
Nocardia yamanashiensis	209247	S	6087	1135	7222	0.00031
Nocardia huaxiensis	2755382	S	6012	1106	7118	0.00030
Nocardia gipuzkoensis	2749991	S	5985	2064	8049	0.00034
Nocardia sp. CS682	1047172	S	5913	1325	7238	0.00031
Nocardia otitidiscaviarum	1823	S	5723	1053	6776	0.00029
Nocardia tengchongensis	2055889	S	5704	1334	7038	0.00030
Nocardia yunnanensis	2382165	S	5647	1295	6942	0.00029
Nocardia iowensis	204891	S	5418	1101	6519	0.00028
Nocardia seriolae	37332	S	5388	1359	6747	0.00029
Nocardia mangyaensis	2213200	S	5189	1279	6468	0.00027
Corynebacterium cyclohexanicum	322009	S	5186	1682	6868	0.00029
Corynebacterium frankenforstense	1230998	S	3646	1099	4745	0.00020
Corynebacterium xerosis	1725	S	3428	2094	5522	0.00023
Corynebacterium sphenisci	191493	S	3302	950	4252	0.00018
Corynebacterium bovis	36808	S	3163	723	3886	0.00017
Corynebacterium halotolerans	225326	S	2641	681	3322	0.00014
Corynebacterium freneyi	134034	S	2480	1213	3693	0.00016
Corynebacterium nuruki	1032851	S	2473	617	3090	0.00013
Corynebacterium vitaeruminis	38305	S	2109	665	2774	0.00012
Corynebacterium maris	575200	S	1957	340	2297	0.00010
Corynebacterium humireducens	1223514	S	1852	618	2470	0.00010
Corynebacterium variabile	1727	S	1843	1060	2903	0.00012
Corynebacterium doosanense	1121358	S	1658	769	2427	0.00010
Corynebacterium timonense	441500	S	1658	440	2098	0.00009
Corynebacterium yudongzhengii	2080740	S	1621	360	1981	0.00008
Corynebacterium marinum	349751	S	1611	796	2407	0.00010
Corynebacterium liangguodongii	2079535	S	1437	371	1808	0.00008
Corynebacterium comes	2675218	S	1421	454	1875	0.00008
Corynebacterium mycetoides	38302	S	1387	890	2277	0.00010
Corynebacterium sanguinis	2594913	S	1348	1094	2442	0.00010
Corynebacterium provencense	1737425	S	1332	329	1661	0.00007
Corynebacterium terpenotabidum	89154	S	1328	444	1772	0.00008
Corynebacterium uterequi	1072256	S	1279	226	1505	0.00006
Corynebacterium atypicum	191610	S	1250	367	1617	0.00007
Corynebacterium imitans	156978	S	1249	849	2098	0.00009
Corynebacterium glyciniphilum	1404244	S	1207	155	1362	0.00006
Corynebacterium jeikeium	38289	S	1174	4404	5578	0.00024
Corynebacterium urealyticum	43771	S	1163	1195	2358	0.00010
Corynebacterium uberis	2883169	S	1034	135	1169	0.00005
Corynebacterium lujinxingii	2763010	S	1023	406	1429	0.00006
Gordonia sp. PP30	2935861	S	4599	1386	5985	0.00025
Gordonia sp. YC-JH1	2059875	S	3321	2419	5740	0.00024
Gordonia sp. KTR9	337191	S	3175	1425	4600	0.00020
Gordonia sp. PDNC005	2811424	S	2638	413	3051	0.00013
Gordonia polyisoprenivorans	84595	S	7449	1954	9403	0.00040
Gordonia terrae	2055	S	5005	8432	13437	0.00057
Gordonia insulae	2420509	S	4688	1047	5735	0.00024
Gordonia phthalatica	1136941	S	3959	1692	5651	0.00024
Gordonia amarae	36821	S	3863	843	4706	0.00020
Gordonia bronchialis	2054	S	3774	1312	5086	0.00022
Gordonia jinghuaiqii	2758710	S	3609	857	4466	0.00019
Gordonia iterans	1004901	S	3460	1181	4641	0.00020
Gordonia rubripertincta	36822	S	3285	4521	7806	0.00033
Gordonia pseudoamarae	2831662	S	3025	704	3729	0.00016
Gordonia otitidis	249058	S	2911	688	3599	0.00015
Gordonia zhaorongruii	2597659	S	2223	398	2621	0.00011
Skermania piniformis	39122	S	3994	445	4439	0.00019
Tsukamurella paurometabola	2061	S	7729	3476	11205	0.00048
Tsukamurella tyrosinosolvens	57704	S	6676	2703	9379	0.00040
Tsukamurella pulmonis	47312	S	4781	1563	6344	0.00027
Tsukamurella sp. PLM1	2929795	S	4699	1402	6101	0.00026
Dietzia sp. oral taxon 368	712270	S	2572	4400	6972	0.00030
Dietzia psychralcaliphila	139021	S	2987	795	3782	0.00016
Dietzia lutea	546160	S	2837	1510	4347	0.00018
Dietzia timorensis	499555	S	2274	1180	3454	0.00015
Tomitella gaofuii	2760083	S	4421	1272	5693	0.00024
Tomitella fengzijianii	2597660	S	4056	1257	5313	0.00023
Segniliparus rotundus	286802	S	2202	116	2318	0.00010
Nocardioides sp. G188	2849501	S	130764	38572	169336	0.00719
Nocardioides sp. LMS-CY	2840457	S	23801	7542	31343	0.00133
Nocardioides sp. JS614	196162	S	22619	6518	29137	0.00124
Nocardioides sp. S5	2017486	S	20939	10261	31200	0.00132
Nocardioides sp. zg-1228	2763008	S	18938	8103	27041	0.00115
Nocardioides sp. HDW12B	2714939	S	18028	5670	23698	0.00101
Nocardioides sp. W7	2931390	S	17807	5880	23687	0.00101
Nocardioides sp. TF02-7	2917724	S	15973	4982	20955	0.00089
Nocardioides sp. zg-579	2663857	S	15668	7693	23361	0.00099
Nocardioides sp. cx-173	2898796	S	15074	5026	20100	0.00085
Nocardioides sp. S-1144	2582905	S	14883	5553	20436	0.00087
Nocardioides sp. InS609-2	2760705	S	13815	3095	16910	0.00072
Nocardioides sp. 603	2483798	S	12805	5741	18546	0.00079
Nocardioides sp. SCSIO 67246	2872154	S	12403	3176	15579	0.00066
Nocardioides sp. CF8	110319	S	11948	4816	16764	0.00071
Nocardioides sp. MC1495	2736757	S	10854	3743	14597	0.00062
Nocardioides sp. JQ2195	2592334	S	10264	2076	12340	0.00052
Nocardioides sp. zg-536	2803858	S	9250	3884	13134	0.00056
Nocardioides sp. dk884	2662361	S	8793	9228	18021	0.00077
Nocardioides sp. ZJ1313	2685869	S	8532	9031	17563	0.00075
Nocardioides sp. WS12	2486272	S	8275	1422	9697	0.00041
Nocardioides sp. Kera G14	2884264	S	7696	1572	9268	0.00039
Nocardioides ungokensis	1643322	S	47136	15949	63085	0.00268
Nocardioides mesophilus	433659	S	37672	10946	48618	0.00206
Nocardioides anomalus	2712223	S	22663	6633	29296	0.00124
Nocardioides okcheonensis	2894081	S	20488	9169	29657	0.00126
Nocardioides cynanchi	2558918	S	19097	4401	23498	0.00100
Nocardioides euryhalodurans	2518370	S	15536	4596	20132	0.00085
Nocardioides humi	449461	S	14684	4714	19398	0.00082
Nocardioides dongkuii	2760089	S	14159	6825	20984	0.00089
Nocardioides aromaticivorans	200618	S	13219	4857	18076	0.00077
Nocardioides aquaticus	160826	S	12576	3738	16314	0.00069
Nocardioides rotundus	1774216	S	11791	4331	16122	0.00068
Nocardioides marinisabuli	419476	S	11508	6238	17746	0.00075
Nocardioides dokdonensis	450734	S	10756	4897	15653	0.00066
Nocardioides sambongensis	2589074	S	10022	2778	12800	0.00054
Nocardioides seonyuensis	2518371	S	9398	2456	11854	0.00050
Nocardioides piscis	2714938	S	8186	3038	11224	0.00048
Nocardioides panacisoli	627624	S	8174	1954	10128	0.00043
Nocardioides houyundeii	2045452	S	8107	2408	10515	0.00045
Nocardioides daphniae	402297	S	6637	2933	9570	0.00041
Nocardioides jishulii	2575440	S	5552	1966	7518	0.00032
Nocardioides yefusunii	2500546	S	4235	1209	5444	0.00023
Nocardioides baekrokdamisoli	1804624	S	3798	471	4269	0.00018
Aeromicrobium sp. Leaf245	1736306	S	6291	1814	8105	0.00034
Aeromicrobium sp. zg-629	2663859	S	4989	1535	6524	0.00028
Aeromicrobium sp. A1-2	2107713	S	4320	577	4897	0.00021
Aeromicrobium erythreum	2041	S	7030	1971	9001	0.00038
Aeromicrobium chenweiae	2079793	S	6740	2128	8868	0.00038
Aeromicrobium choanae	1736691	S	6534	1846	8380	0.00036
Aeromicrobium yanjiei	2662028	S	5779	1697	7476	0.00032
Aeromicrobium marinum	219314	S	5339	1092	6431	0.00027
Marmoricola scoriae	642780	S	14988	5351	20339	0.00086
Pimelobacter simplex	2045	S	12848	4533	17381	0.00074
Friedmanniella luteola	546871	S	12177	2266	14443	0.00061
Mumia sp. ZJ1417	2708082	S	8233	1371	9604	0.00041
Micropruina glycogenica	75385	S	4337	591	4928	0.00021
Microlunatus sagamiharensis	546874	S	11085	2362	13447	0.00057
Microlunatus soli	630515	S	7368	689	8057	0.00034
Microlunatus phosphovorus	29405	S	6964	766	7730	0.00033
Microlunatus elymi	2596828	S	6332	665	6997	0.00030
Microlunatus sp. Gsoil 973	2672569	S	5308	397	5705	0.00024
Tessaracoccus sp. J1M15	2829499	S	4074	1124	5198	0.00022
Tessaracoccus sp. MC1865	2760310	S	2878	694	3572	0.00015
Tessaracoccus defluvii	1285901	S	4085	2350	6435	0.00027
Tessaracoccus aquimaris	1332264	S	3983	1666	5649	0.00024
Tessaracoccus flavescens	399497	S	3393	2339	5732	0.00024
Tessaracoccus flavus	1610493	S	2905	1933	4838	0.00021
Tessaracoccus timonensis	2161816	S	1810	763	2573	0.00011
Brevilactibacter coleopterorum	2714937	S	5749	2315	8064	0.00034
Brevilactibacter sp. MC1595	2819349	S	5268	1887	7155	0.00030
Acidipropionibacterium acidipropionici	1748	S	3551	1986	5537	0.00024
Acidipropionibacterium jensenii	1749	S	3281	1806	5087	0.00022
Acidipropionibacterium virtanenii	2057246	S	2279	407	2686	0.00011
Propionibacterium acidifaciens	556499	S	3627	768	4395	0.00019
Propionibacterium australiense	119981	S	2720	429	3149	0.00013
Propionibacterium freudenreichii	1744	S	2718	2077	4795	0.00020
Auraticoccus monumenti	675864	S	7346	1243	8589	0.00036
Cutibacterium avidum	33010	S	1953	595	2548	0.00011
Cutibacterium granulosum	33011	S	1008	253	1261	0.00005
Raineyella fluvialis	2662261	S	4303	550	4853	0.00021
Arachnia propionica	1750	S	2647	1395	4042	0.00017
Arachnia rubra	1547448	S	1436	107	1543	0.00007
Kribbella flavida	182640	S	55633	11789	67422	0.00286
Kribbella qitaiheensis	1544730	S	48687	7062	55749	0.00237
Actinopolymorpha singaporensis	117157	S	20914	2182	23096	0.00098
Amycolatopsis sp. WQ 127309	2932773	S	37405	9414	46819	0.00199
Amycolatopsis sp. Hca4	2742131	S	32995	10710	43705	0.00186
Amycolatopsis sp. DSM 110486	2865832	S	23191	4329	27520	0.00117
Amycolatopsis sp. FDAARGOS 1241	2778070	S	17103	3504	20607	0.00088
Amycolatopsis sp. CA-230715	2745196	S	14860	2082	16942	0.00072
Amycolatopsis sp. YIM 10	2653857	S	13507	3519	17026	0.00072
Amycolatopsis sp. FU40	2914159	S	9848	4180	14028	0.00060
Amycolatopsis sp. AA4	1896961	S	8564	4228	12792	0.00054
Amycolatopsis sp. BJA-103	1911175	S	7577	2712	10289	0.00044
Amycolatopsis sp. TNS106	2861750	S	5935	3114	9049	0.00038
Amycolatopsis sp. EV170708-02-1	2919322	S	4993	4280	9273	0.00039
Amycolatopsis pretoriensis	218821	S	66766	18801	85567	0.00363
Amycolatopsis mediterranei	33910	S	32213	24884	57097	0.00242
Amycolatopsis acidiphila	715473	S	18065	3499	21564	0.00092
Amycolatopsis keratiniphila	129921	S	7570	5482	13052	0.00055
Amycolatopsis japonica	208439	S	3917	3258	7175	0.00030
Amycolatopsis thermalba	944492	S	12118	4485	16603	0.00070
Amycolatopsis methanolica	1814	S	12087	4240	16327	0.00069
Amycolatopsis albispora	1804986	S	11712	5994	17706	0.00075
Amycolatopsis aidingensis	2842453	S	9989	1078	11067	0.00047
Amycolatopsis orientalis	31958	S	8019	2353	10372	0.00044
Pseudonocardia sp. DSM 110487	2865833	S	118283	15772	134055	0.00569
Pseudonocardia sp. CGMCC 4.1532	2761535	S	19807	11288	31095	0.00132
Pseudonocardia sp. HH130630-07	1690815	S	14145	11639	25784	0.00109
Pseudonocardia sp. AL041005-10	445576	S	11838	9268	21106	0.00090
Pseudonocardia sp. HH130629-09	1641402	S	9605	13351	22956	0.00097
Pseudonocardia broussonetiae	2736640	S	28224	8939	37163	0.00158
Pseudonocardia dioxanivorans	240495	S	27682	6835	34517	0.00147
Pseudonocardia abyssalis	2792008	S	15477	7767	23244	0.00099
Pseudonocardia autotrophica	2074	S	15208	3877	19085	0.00081
Saccharopolyspora erythraea	1836	S	21465	5502	26967	0.00115
Saccharopolyspora gregorii	33914	S	11012	2075	13087	0.00056
Saccharopolyspora spinosa	60894	S	5733	3188	8921	0.00038
Saccharopolyspora pogona	333966	S	5016	4962	9978	0.00042
Saccharopolyspora sp. ASAGF58	2719023	S	3419	3755	7174	0.00030
Saccharothrix syringae	103733	S	18074	5785	23859	0.00101
Saccharothrix sp. 6-C	2781735	S	17366	5460	22826	0.00097
Saccharothrix espanaensis	103731	S	14259	3886	18145	0.00077
Kutzneria sp. CA-103260	2802641	S	18802	3759	22561	0.00096
Kutzneria albida	43357	S	12979	2761	15740	0.00067
Saccharomonospora marina	632569	S	7816	1714	9530	0.00040
Saccharomonospora azurea	40988	S	5557	1631	7188	0.00031
Saccharomonospora cyanea	40989	S	5006	1781	6787	0.00029
Saccharomonospora xinjiangensis	75294	S	4296	694	4990	0.00021
Saccharomonospora glauca	40990	S	3725	1317	5042	0.00021
Saccharomonospora viridis	1852	S	3313	495	3808	0.00016
Actinoalloteichus hoggarensis	1470176	S	6175	6107	12282	0.00052
Actinoalloteichus hymeniacidonis	340345	S	5521	1836	7357	0.00031
Actinosynnema pretiosum	42197	S	6108	15973	22081	0.00094
Lentzea guizhouensis	1586287	S	17669	3447	21116	0.00090
Allokutzneria albata	211114	S	15815	3497	19312	0.00082
Kibdelosporangium phytohabitans	860235	S	14995	1663	16658	0.00071
Alloactinosynnema sp. L-07	1653480	S	11349	2321	13670	0.00058
Prauserella marina	530584	S	6682	566	7248	0.00031
Allosaccharopolyspora coralli	2665642	S	5337	1070	6407	0.00027
Micromonospora sp. WMMC415	2675222	S	10094	3438	13532	0.00057
Micromonospora sp. WMMA2032	2039870	S	8372	5006	13378	0.00057
Micromonospora sp. HM134	2583243	S	8110	3344	11454	0.00049
Micromonospora sp. B006	2201999	S	6873	4937	11810	0.00050
Micromonospora terminaliae	1914461	S	17775	8235	26010	0.00110
Micromonospora carbonacea	47853	S	11787	4782	16569	0.00070
Micromonospora inositola	47865	S	11611	5243	16854	0.00072
Micromonospora krabiensis	307121	S	11420	3572	14992	0.00064
Micromonospora echinofusca	47858	S	11164	4615	15779	0.00067
Micromonospora echinaurantiaca	47857	S	11039	4866	15905	0.00068
Micromonospora viridifaciens	1881	S	9917	3971	13888	0.00059
Micromonospora auratinigra	261654	S	9456	4575	14031	0.00060
Micromonospora purpureochromogenes	47872	S	9235	4489	13724	0.00058
Micromonospora coriariae	285665	S	9216	3016	12232	0.00052
Micromonospora ferruginea	2749844	S	9175	4878	14053	0.00060
Micromonospora siamensis	299152	S	8985	3942	12927	0.00055
Micromonospora echinospora	1877	S	8836	2826	11662	0.00050
Micromonospora coxensis	356852	S	8802	4465	13267	0.00056
Micromonospora narathiwatensis	299146	S	8347	3617	11964	0.00051
Micromonospora zamorensis	709883	S	8039	2371	10410	0.00044
Micromonospora sagamiensis	47875	S	7879	2769	10648	0.00045
Micromonospora chokoriensis	356851	S	7566	2253	9819	0.00042
Micromonospora maris	1003110	S	7415	2059	9474	0.00040
Micromonospora endophytica (Xie et al. 2001) Li et al. 2019	515350	S	7381	2061	9442	0.00040
Micromonospora rifamycinica	291594	S	7205	2993	10198	0.00043
Micromonospora craniellae	2294034	S	5780	3350	9130	0.00039
Micromonospora tulbaghiae	479978	S	5005	5114	10119	0.00043
Micromonospora aurantiaca	47850	S	3778	25187	28965	0.00123
Actinoplanes sp. L3-i22	2836373	S	30616	19986	50602	0.00215
Actinoplanes sp. N902-109	649831	S	23165	6418	29583	0.00126
Actinoplanes sp. OR16	946334	S	20889	9131	30020	0.00127
Actinoplanes friuliensis	196914	S	25326	3825	29151	0.00124
Actinoplanes ianthinogenes	122358	S	22612	8404	31016	0.00132
Actinoplanes missouriensis	1866	S	18407	5594	24001	0.00102
Actinoplanes teichomyceticus	1867	S	17521	6851	24372	0.00103
Actinoplanes derwentensis	113562	S	15585	2229	17814	0.00076
Phytohabitans suffuscus	624315	S	20799	4872	25671	0.00109
Phytohabitans flavus	1076124	S	17098	3098	20196	0.00086
Dactylosporangium vinaceum	53362	S	38193	3991	42184	0.00179
Couchioplanes caeruleus	56438	S	31279	7449	38728	0.00164
Plantactinospora sp. KBS50	2024580	S	11943	2778	14721	0.00063
Plantactinospora sp. BB1	2071627	S	2673	7411	10084	0.00043
Plantactinospora sp. BC1	2108470	S	2654	7438	10092	0.00043
Actinocatenispora thailandica	227318	S	12407	3188	15595	0.00066
Actinocatenispora sera	390989	S	11780	3185	14965	0.00064
Catellatospora sp. IY07-71	2728827	S	21229	4401	25630	0.00109
Polymorphospora rubra	338584	S	14419	2994	17413	0.00074
Natronosporangium hydrolyticum	2811111	S	8000	518	8518	0.00036
Verrucosispora sp. NA02020	2742132	S	6302	4559	10861	0.00046
Salinispora tropica	168695	S	4724	754	5478	0.00023
Actinomadura sp. WMMA1423	2591108	S	72096	18968	91064	0.00387
Actinomadura sp. NAK00032	2742128	S	52949	16595	69544	0.00295
Actinomadura sp. WMMB 499	1219491	S	28178	6010	34188	0.00145
Actinomadura madurae	1993	S	110132	28256	138388	0.00588
Actinomadura verrucosospora	46165	S	69422	18157	87579	0.00372
Actinomadura graeca	2750812	S	25490	5166	30656	0.00130
Thermomonospora amylolytica	1411117	S	14463	4780	19243	0.00082
Thermomonospora curvata	2020	S	9201	2482	11683	0.00050
Nonomuraea sp. ATCC 55076	1909395	S	32815	10146	42961	0.00182
Nonomuraea nitratireducens	2656914	S	30726	6278	37004	0.00157
Nonomuraea gerenzanensis	93944	S	29793	9667	39460	0.00168
Nonomuraea coxensis	404386	S	27750	7546	35296	0.00150
Streptosporangium roseum	2001	S	24055	6046	30101	0.00128
Streptosporangium sp. 'caverna'	2202249	S	19893	3966	23859	0.00101
Thermobispora bispora	2006	S	10016	2140	12156	0.00052
Nocardiopsis sp. MT53	2865672	S	9405	2081	11486	0.00049
Nocardiopsis sp. HDS12	2831968	S	3113	2673	5786	0.00025
Nocardiopsis gilva	280236	S	6845	1283	8128	0.00035
Nocardiopsis dassonvillei	2014	S	5580	4953	10533	0.00045
Nocardiopsis alba	53437	S	5071	861	5932	0.00025
Thermobifida halotolerans	483545	S	5231	1551	6782	0.00029
Thermobifida alba	53522	S	5077	1847	6924	0.00029
Thermobifida fusca	2021	S	2543	403	2946	0.00013
Streptomonospora litoralis	2498135	S	7618	1393	9011	0.00038
Spiractinospora alimapuensis	2820884	S	5156	314	5470	0.00023
Blastococcus sp. PRF04-17	2933797	S	52110	17182	69292	0.00294
Blastococcus saxobsidens	138336	S	39379	11654	51033	0.00217
Modestobacter marinus	477641	S	39825	13423	53248	0.00226
Modestobacter sp. L9-4	2851567	S	22748	8459	31207	0.00133
Geodermatophilus obscurus	1861	S	45943	14815	60758	0.00258
Frankia inefficax	298654	S	20563	2311	22874	0.00097
Frankia sp. QA3	710111	S	7734	2888	10622	0.00045
Frankia sp. ArI3	1858	S	5977	3509	9486	0.00040
Candidatus Frankia datiscae	2716812	S	7170	1039	8209	0.00035
Frankia alni	1859	S	6487	3987	10474	0.00044
Frankia casuarinae	106370	S	6422	638	7060	0.00030
Actinomyces sp. oral taxon 414	712122	S	2908	1099	4007	0.00017
Actinomyces sp. MAS-1	2755559	S	1920	525	2445	0.00010
Actinomyces sp. Z16	2079536	S	1751	1209	2960	0.00013
Actinomyces sp. Chiba101	1851395	S	1532	865	2397	0.00010
Actinomyces sp. 432	2057798	S	1268	666	1934	0.00008
Actinomyces radicidentis	111015	S	3639	1374	5013	0.00021
Actinomyces howellii	52771	S	2789	424	3213	0.00014
Actinomyces respiraculi	2744574	S	1970	492	2462	0.00010
Actinomyces slackii	52774	S	1891	318	2209	0.00009
Actinomyces procaprae	2560010	S	1662	640	2302	0.00010
Actinomyces viscosus	1656	S	1490	649	2139	0.00009
Actinomyces faecalis	2722820	S	1414	200	1614	0.00007
Actinomyces qiguomingii	2057800	S	1346	190	1536	0.00007
Actinomyces weissii	675090	S	1325	259	1584	0.00007
Actinomyces naeslundii	1655	S	1266	710	1976	0.00008
Actinomyces marmotae	2737173	S	1105	637	1742	0.00007
Actinomyces gaoshouyii	1960083	S	1051	565	1616	0.00007
Actinomyces oris	544580	S	1045	3141	4186	0.00018
Schaalia sp. 19OD2882	2794089	S	1253	166	1419	0.00006
Schaalia odontolytica	1660	S	1842	468	2310	0.00010
Flaviflexus salsibiostraticola	1282737	S	1731	438	2169	0.00009
Trueperella pecoris	2733571	S	1339	387	1726	0.00007
Pauljensenia hongkongensis	178339	S	1561	488	2049	0.00009
Nanchangia anserum	2692125	S	1485	160	1645	0.00007
Jiangella sp. DSM 45060	1798224	S	21349	5627	26976	0.00115
Jiangella alkaliphila	419479	S	16410	4155	20565	0.00087
Nakamurella multipartita	53461	S	14036	2434	16470	0.00070
Nakamurella panacisegetis	1090615	S	5751	721	6472	0.00027
Nakamurella sp. PAMC28650	2762325	S	5639	543	6182	0.00026
Bifidobacterium pseudolongum	1694	S	2178	868	3046	0.00013
Bifidobacterium choerinum	35760	S	2150	963	3113	0.00013
Bifidobacterium scardovii	158787	S	1944	197	2141	0.00009
Bifidobacterium longum	216816	S	1772	3649	5421	0.00023
Bifidobacterium bifidum	1681	S	1311	1550	2861	0.00012
Bifidobacterium pullorum	78448	S	1127	506	1633	0.00007
Bifidobacterium adolescentis	1680	S	1107	317	1424	0.00006
Bifidobacterium animalis	28025	S	1045	1044	2089	0.00009
Catenulispora acidiphila	304895	S	15170	2046	17216	0.00073
Jatrophihabitans telluris	2038343	S	5616	466	6082	0.00026
Jatrophihabitans sp. GAS493	1907575	S	5498	488	5986	0.00025
Stackebrandtia nassauensis	283811	S	7838	673	8511	0.00036
Natronoglycomyces albus	2811108	S	1160	41	1201	0.00005
Kineococcus radiotolerans	131568	S	8433	2166	10599	0.00045
Epidermidibacterium keratini	1891644	S	5009	2161	7170	0.00030
Actinopolyspora erythraea	414996	S	4198	400	4598	0.00020
Acidothermus cellulolyticus	28049	S	2636	134	2770	0.00012
Conexibacter sp. SYSU D00693	2812560	S	103840	24780	128620	0.00546
Conexibacter sp. DBS9H8	2937801	S	25831	2493	28324	0.00120
Conexibacter sp. S30A1	2937800	S	25799	2775	28574	0.00121
Conexibacter woesei	191495	S	112266	20009	132275	0.00562
Miltoncostaea marina	2843215	S	26899	6776	33675	0.00143
Miltoncostaea oceani	2843216	S	26403	3960	30363	0.00129
Baekduia soli	496014	S	109806	17415	127221	0.00540
Rubrobacter xylanophilus	49319	S	16067	2030	18097	0.00077
Rubrobacter marinus	2653852	S	10856	885	11741	0.00050
Rubrobacter tropicus	2653851	S	10327	713	11040	0.00047
Rubrobacter radiotolerans	42256	S	5081	609	5690	0.00024
Rubrobacter indicoceani	2051957	S	2635	191	2826	0.00012
Aquihabitans sp. Kera 3	2884263	S	21344	3285	24629	0.00105
Aquihabitans sp. G128	2849779	S	18879	3627	22506	0.00096
Iamia sp. SCSIO 61187	2722752	S	19321	2921	22242	0.00094
Actinomarinicola tropica	2789776	S	18771	3532	22303	0.00095
Ilumatobacter coccineus	467094	S	9066	554	9620	0.00041
Acidimicrobium ferrooxidans	53635	S	3268	258	3526	0.00015
Eggerthella lenta	84112	S	2515	1720	4235	0.00018
Eggerthella guodeyinii	2690837	S	2291	947	3238	0.00014
Gordonibacter urolithinfaciens	1335613	S	1418	978	2396	0.00010
Gordonibacter pamelaeae	471189	S	1221	1105	2326	0.00010
Adlercreutzia equolifaciens	446660	S	1222	1077	2299	0.00010
Arabiibacter massiliensis	1870985	S	2651	492	3143	0.00013
Raoultibacter timonensis	1907662	S	1334	97	1431	0.00006
Berryella intestinalis	1531429	S	1070	1098	2168	0.00009
Olsenella timonensis	1805478	S	2240	671	2911	0.00012
Olsenella uli	133926	S	1063	115	1178	0.00005
Parolsenella massiliensis	1871022	S	1222	570	1792	0.00008
Parolsenella catena	2003188	S	1097	536	1633	0.00007
Parafannyhessea umbonata	604330	S	1499	852	2351	0.00010
Thermophilibacter immobilis	2779519	S	1463	545	2008	0.00009
Collinsella aerofaciens	74426	S	2143	998	3141	0.00013
Collinsella stercoris	147206	S	1443	175	1618	0.00007
Egibacter rhizosphaerae	1670831	S	9764	535	10299	0.00044
Egicoccus halophilus	1670830	S	8731	1246	9977	0.00042
Euzebya pacifica	1608957	S	8624	655	9279	0.00039
Priestia megaterium	1404	S	38128	42062	80190	0.00341
Bacillus sp. 1NLA3E	666686	S	2655	1353	4008	0.00017
Bacillus sp. S3	486398	S	1127	459	1586	0.00007
Bacillus wiedmannii	1890302	S	1026	11453	12479	0.00053
[Brevibacterium] frigoritolerans	450367	S	2861	1359	4220	0.00018
Neobacillus drentensis	220684	S	6042	3367	9409	0.00040
Peribacillus simplex	1478	S	1854	1347	3201	0.00014
Peribacillus asahii	228899	S	1444	962	2406	0.00010
Hydrogenibacillus sp. N12	2866627	S	3143	714	3857	0.00016
Anoxybacillus sediminis	2613334	S	1345	652	1997	0.00008
Paenibacillus sp. B01	2660554	S	3795	4074	7869	0.00033
Paenibacillus sp. RUD330	2023772	S	2042	500	2542	0.00011
Paenibacillus sp. HWE-109	1306526	S	1746	349	2095	0.00009
Paenibacillus sp. 32O-W	1695218	S	1688	276	1964	0.00008
Paenibacillus sp. JZ16	1906272	S	1324	2025	3349	0.00014
Paenibacillus sp. R14(2021)	2859228	S	1062	324	1386	0.00006
Paenibacillus mucilaginosus	61624	S	3337	400	3737	0.00016
Paenibacillus albicereus	2726185	S	3220	3256	6476	0.00027
Paenibacillus lycopersici	2704462	S	2560	633	3193	0.00014
Paenibacillus rhizovicinus	2704463	S	1462	399	1861	0.00008
Paenibacillus konkukensis	2020716	S	1392	317	1709	0.00007
Paenibacillus cellulositrophicus	562959	S	1251	283	1534	0.00007
Paenibacillus macerans	44252	S	1185	212	1397	0.00006
Paenibacillus albus	2495582	S	1183	282	1465	0.00006
Paenibacillus dendritiformis	130049	S	1158	746	1904	0.00008
Paenibacillus beijingensis	1126833	S	1106	237	1343	0.00006
Brevibacillus choshinensis	54911	S	1391	1423	2814	0.00012
Brevibacillus marinus	2496837	S	1263	378	1641	0.00007
Cohnella sp. LGH	1619153	S	1310	641	1951	0.00008
Cohnella candidum	2674991	S	1873	362	2235	0.00009
Thermobacillus composti	377615	S	2810	526	3336	0.00014
Saccharibacillus brassicae	2583377	S	2168	342	2510	0.00011
Alicyclobacillus acidocaldarius	405212	S	3456	364	3820	0.00016
Tumebacillus avium	1903704	S	2003	1060	3063	0.00013
Faecalibacterium prausnitzii	853	S	2815	4322	7137	0.00030
Dysosmobacter sp. Marseille-Q4140	2830675	S	1001	674	1675	0.00007
Flavonifractor plautii	292800	S	1679	761	2440	0.00010
Thermaerobacter sp. FW80	2546351	S	3803	856	4659	0.00020
Thermaerobacter sp. PB12/4term	2293838	S	2654	670	3324	0.00014
Thermaerobacter marianensis	73919	S	3142	736	3878	0.00016
Symbiobacterium thermophilum	2734	S	4476	417	4893	0.00021
Candidatus Desulforudis audaxviator	471827	S	1162	90	1252	0.00005
Christensenella sp. Marseille-P3954	2086585	S	1146	705	1851	0.00008
Heliomicrobium modesticaldum	35701	S	1235	743	1978	0.00008
Gelria sp. Kuro-4	2796927	S	1514	205	1719	0.00007
Selenomonas sputigena	69823	S	1572	668	2240	0.00010
Limnochorda pilosa	1555112	S	4417	195	4612	0.00020
Deinococcus sp. NW-56	2080419	S	2579	334	2913	0.00012
Deinococcus sp. TS-293	2737050	S	2567	245	2812	0.00012
Deinococcus sp. KNUC1210	2917691	S	2016	82	2098	0.00009
Deinococcus sp. AJ005	2652443	S	1415	111	1526	0.00006
Deinococcus sp. QL22	2939437	S	1024	77	1101	0.00005
Deinococcus gobiensis	502394	S	3569	445	4014	0.00017
Deinococcus maricopensis	309887	S	3534	300	3834	0.00016
Deinococcus actinosclerus	1768108	S	3368	1765	5133	0.00022
Deinococcus metallilatus	1211322	S	3089	323	3412	0.00014
Deinococcus ficus	317577	S	2971	256	3227	0.00014
Deinococcus irradiatisoli	2202254	S	2305	198	2503	0.00011
Deinococcus peraridilitoris	432329	S	2013	96	2109	0.00009
Deinococcus wulumuqiensis	980427	S	1992	667	2659	0.00011
Deinococcus radiopugnans	57497	S	1846	209	2055	0.00009
Deinococcus radiodurans	1299	S	1689	1844	3533	0.00015
Deinococcus geothermalis	68909	S	1597	222	1819	0.00008
Deinococcus soli (ex Cha et al. 2016)	1309411	S	1476	1194	2670	0.00011
Deinococcus psychrotolerans	2489213	S	1225	33	1258	0.00005
Deinococcus proteolyticus	55148	S	1133	217	1350	0.00006
Deinococcus deserti	310783	S	1012	67	1079	0.00005
Thermus thermophilus	274	S	1594	2685	4279	0.00018
Oceanithermus profundus	187137	S	4150	429	4579	0.00019
Meiothermus silvanus	52022	S	1317	243	1560	0.00007
Meiothermus taiwanensis	172827	S	1063	544	1607	0.00007
Marinithermus hydrothermalis	186192	S	2580	403	2983	0.00013
Truepera radiovictrix	332249	S	3708	190	3898	0.00017
Synechococcus sp. CBW1004	1353136	S	1794	3570	5364	0.00023
Synechococcus sp. RSCCF101	2511069	S	1508	626	2134	0.00009
Synechococcus sp. CBW1107	2789857	S	1292	1866	3158	0.00013
Cyanobium sp. NIES-981	1851505	S	1587	726	2313	0.00010
Cyanobium sp. NS01	261284	S	1278	664	1942	0.00008
Cyanobium gracile	59930	S	2082	626	2708	0.00012
Leptolyngbya sp. 7M	2812896	S	2021	317	2338	0.00010
Gloeobacter kilaueensis	1416614	S	2225	109	2334	0.00010
Gloeobacter violaceus	33072	S	1555	690	2245	0.00010
Gloeobacter morelensis	2907343	S	1524	607	2131	0.00009
Geitlerinema sp. PCC 7407	1173025	S	1234	847	2081	0.00009
Sphaerobacter thermophilus	2057	S	10341	516	10857	0.00046
Thermomicrobium roseum	500	S	2510	41	2551	0.00011
Roseiflexus sp. RS-1	357808	S	3621	475	4096	0.00017
Roseiflexus castenholzii	120962	S	3521	496	4017	0.00017
Chloroflexus aurantiacus	1108	S	1260	84	1344	0.00006
Chloroflexus aggregans	152260	S	1157	129	1286	0.00005
Tepidiforma bonchosmolovskayae	2601677	S	6231	259	6490	0.00028
Candidatus Promineofilum breve	1806508	S	6050	121	6171	0.00026
Caldilinea aerophila	133453	S	3044	157	3201	0.00014
Ktedonosporobacter rubrisoli	2509675	S	2868	69	2937	0.00012
Anaerolinea thermophila	167964	S	1077	105	1182	0.00005
Thermobaculum terrenum	166501	S	1199	158	1357	0.00006
Fimbriimonas ginsengisoli	1005039	S	3810	23	3833	0.00016
Bradyrhizobium sp. 200	2782665	S	71130	16706	87836	0.00373
Bradyrhizobium sp. 170	2782641	S	58402	15737	74139	0.00315
Bradyrhizobium sp. CCBAU 051011	858422	S	33443	6196	39639	0.00168
Bradyrhizobium sp. 195	2782662	S	24949	9128	34077	0.00145
Bradyrhizobium sp. CCBAU 53351	1325114	S	23957	11732	35689	0.00152
Bradyrhizobium sp. CCBAU 51753	1325100	S	22962	4791	27753	0.00118
Bradyrhizobium sp. SK17	2057741	S	15788	4960	20748	0.00088
Bradyrhizobium sp. A19	2898149	S	14507	2428	16935	0.00072
Bradyrhizobium sp. CCBAU 53421	1325120	S	14154	4383	18537	0.00079
Bradyrhizobium sp. BTAi1	288000	S	14131	2487	16618	0.00071
Bradyrhizobium sp. 186	2782654	S	13901	3901	17802	0.00076
Bradyrhizobium sp. ORS 278	114615	S	13665	3063	16728	0.00071
Bradyrhizobium sp. ORS 285	115808	S	13352	2969	16321	0.00069
Bradyrhizobium sp. CCBAU 53338	1325111	S	10526	4138	14664	0.00062
Bradyrhizobium sp. 1(2017)	1404888	S	10502	3243	13745	0.00058
Bradyrhizobium sp. 6(2017)	1197460	S	10393	4929	15322	0.00065
Bradyrhizobium sp. CCBAU 53340	1325112	S	10176	3802	13978	0.00059
Bradyrhizobium sp. S2-11-2	2840472	S	8500	7424	15924	0.00068
Bradyrhizobium sp. 41S5	1404443	S	7779	5177	12956	0.00055
Bradyrhizobium sp. CCGE-LA001	1223566	S	7414	2716	10130	0.00043
Bradyrhizobium sp. S2-20-1	2840469	S	7199	6756	13955	0.00059
Bradyrhizobium sp. S2-11-4	2840473	S	6748	6984	13732	0.00058
Bradyrhizobium sp. I71	2590772	S	6113	6048	12161	0.00052
Bradyrhizobium sp. 191	2782659	S	5924	6595	12519	0.00053
Bradyrhizobium sp. CCBAU 51765	1325102	S	5890	5987	11877	0.00050
Bradyrhizobium sp. C-145	574727	S	4227	4047	8274	0.00035
Bradyrhizobium sp.	376	S	3218	10285	13503	0.00057
Bradyrhizobium sp. 192	2782660	S	2783	6724	9507	0.00040
Bradyrhizobium sp. 144S4	2823807	S	2671	6682	9353	0.00040
Bradyrhizobium sp. 40	2782674	S	2660	6925	9585	0.00041
Bradyrhizobium sp. 323S2	1404649	S	2459	6240	8699	0.00037
Bradyrhizobium sp. 4	2782678	S	2371	6963	9334	0.00040
Bradyrhizobium sp. LCT2	2493093	S	1469	3927	5396	0.00023
Bradyrhizobium sp. 187	2782655	S	1088	5648	6736	0.00029
Bradyrhizobium erythrophlei	1437360	S	61754	4601	66355	0.00282
Bradyrhizobium diazoefficiens	1355477	S	43106	67437	110543	0.00469
Bradyrhizobium paxllaeri	190148	S	28379	4870	33249	0.00141
Bradyrhizobium icense	1274631	S	26546	3423	29969	0.00127
Bradyrhizobium lablabi	722472	S	20165	21795	41960	0.00178
Bradyrhizobium canariense	255045	S	18242	27350	45592	0.00194
Bradyrhizobium japonicum	375	S	16606	23528	40134	0.00170
Bradyrhizobium genosp. L	83637	S	15830	2941	18771	0.00080
Bradyrhizobium arachidis	858423	S	13563	3632	17195	0.00073
Bradyrhizobium oligotrophicum	44255	S	12605	2027	14632	0.00062
Bradyrhizobium guangdongense	1325090	S	12415	4379	16794	0.00071
Bradyrhizobium symbiodeficiens	1404367	S	11910	16953	28863	0.00123
Bradyrhizobium quebecense	2748629	S	10926	5809	16735	0.00071
Bradyrhizobium genosp. B	83627	S	10222	2024	12246	0.00052
Bradyrhizobium guangxiense	1325115	S	10205	4174	14379	0.00061
Bradyrhizobium cosmicum	1404864	S	9813	2984	12797	0.00054
Bradyrhizobium vignae	1549949	S	9729	2128	11857	0.00050
Bradyrhizobium guangzhouense	1325095	S	9533	3407	12940	0.00055
Bradyrhizobium septentrionale	1404411	S	9164	5251	14415	0.00061
Bradyrhizobium amphicarpaeae	1404768	S	8013	3118	11131	0.00047
Bradyrhizobium elkanii	29448	S	7233	20519	27752	0.00118
Bradyrhizobium betae	244734	S	6280	3230	9510	0.00040
Bradyrhizobium daqingense	993502	S	6216	3161	9377	0.00040
Bradyrhizobium zhanjiangense	1325107	S	3811	3616	7427	0.00032
Bradyrhizobium ottawaense	931866	S	2251	13212	15463	0.00066
Rhodopseudomonas palustris	1076	S	44638	14339	58977	0.00250
Rhodopseudomonas sp. SK50-23	340268	S	7285	1384	8669	0.00037
Rhodopseudomonas boonkerdii	475937	S	6728	1616	8344	0.00035
Nitrobacter hamburgensis	912	S	19206	2941	22147	0.00094
Nitrobacter winogradskyi	913	S	8296	1277	9573	0.00041
Tardiphaga sp. 37S4	1404741	S	4272	12930	17202	0.00073
Tardiphaga robiniae	943830	S	4231	2697	6928	0.00029
Afipia carboxidovorans	40137	S	9711	1924	11635	0.00049
Afipia sp. GAS231	1882747	S	9012	5571	14583	0.00062
Variibacter gotjawalensis	1333996	S	12754	920	13674	0.00058
Mesorhizobium sp. B2-8-5	2589903	S	17804	5349	23153	0.00098
Mesorhizobium sp. J8	2777475	S	11566	3383	14949	0.00063
Mesorhizobium sp. 8	2584466	S	7822	1689	9511	0.00040
Mesorhizobium sp. M1B.F.Ca.ET.045.04.1.1	2493673	S	6794	2375	9169	0.00039
Mesorhizobium sp. M4B.F.Ca.ET.058.02.1.1	2493675	S	6117	2360	8477	0.00036
Mesorhizobium sp. B1-1-8	2589976	S	6079	1383	7462	0.00032
Mesorhizobium sp. M1E.F.Ca.ET.045.02.1.1	2493672	S	6045	2749	8794	0.00037
Mesorhizobium sp. M1D.F.Ca.ET.043.01.1.1	2493669	S	6043	3301	9344	0.00040
Mesorhizobium sp. B2-1-1	2589974	S	5988	1244	7232	0.00031
Mesorhizobium sp. 131-2-1	2744518	S	5983	2897	8880	0.00038
Mesorhizobium sp. DCY119	2108445	S	5982	1245	7227	0.00031
Mesorhizobium sp. M2A.F.Ca.ET.043.05.1.1	2493671	S	5945	4624	10569	0.00045
Mesorhizobium sp. M3A.F.Ca.ET.080.04.2.1	2493676	S	5656	1571	7227	0.00031
Mesorhizobium sp. M1A.F.Ca.IN.022.06.1.1	2493680	S	5510	1613	7123	0.00030
Mesorhizobium sp. Pch-S	2082387	S	5396	670	6066	0.00026
Mesorhizobium sp. INR15	2654248	S	4694	615	5309	0.00023
Mesorhizobium sp. PAMC28654	2880934	S	4497	767	5264	0.00022
Mesorhizobium sp. 113-3-3	2744516	S	4124	2123	6247	0.00027
Mesorhizobium sp. B4-1-4	2589888	S	3724	824	4548	0.00019
Mesorhizobium sp. M9A.F.Ca.ET.002.03.1.2	2493668	S	3611	1520	5131	0.00022
Mesorhizobium sp. L-2-11	2744521	S	3576	1263	4839	0.00021
Mesorhizobium sp. B2-1-8	2589967	S	3576	1007	4583	0.00019
Mesorhizobium sp. M7D.F.Ca.US.005.01.1.1	2493678	S	3495	1122	4617	0.00020
Mesorhizobium sp. NZP2298	2483403	S	3345	1875	5220	0.00022
Mesorhizobium sp. M6A.T.Cr.TU.016.01.1.1	2493677	S	3307	1020	4327	0.00018
Mesorhizobium sp. M8A.F.Ca.ET.057.01.1.1	2493679	S	3229	1130	4359	0.00019
Mesorhizobium sp. NZP2077	2483404	S	3179	981	4160	0.00018
Mesorhizobium sp. 113-1-2	2744515	S	3099	1439	4538	0.00019
Mesorhizobium sp. M2A.F.Ca.ET.043.02.1.1	2493670	S	2858	6643	9501	0.00040
Mesorhizobium sp. M2A.F.Ca.ET.046.03.2.1	2493674	S	2772	6773	9545	0.00041
Mesorhizobium sp. M7A.F.Ce.TU.012.03.2.1	2493681	S	2633	914	3547	0.00015
Mesorhizobium sp. 113-3-9	2744517	S	2365	1659	4024	0.00017
Mesorhizobium sp. L-8-10	2744523	S	2023	5865	7888	0.00033
Mesorhizobium sp. L-8-3	2744522	S	2015	5999	8014	0.00034
Mesorhizobium sp. NBSH29	2654249	S	1996	127	2123	0.00009
Mesorhizobium sp. AA22	1854057	S	1752	1064	2816	0.00012
Mesorhizobium opportunistum	593909	S	5207	2007	7214	0.00031
Mesorhizobium terrae	2725666	S	5159	1516	6675	0.00028
Mesorhizobium amorphae	71433	S	4677	1030	5707	0.00024
Mesorhizobium loti	381	S	3757	31875	35632	0.00151
Mesorhizobium huakuii	28104	S	3116	2678	5794	0.00025
Mesorhizobium ciceri	39645	S	2968	7685	10653	0.00045
Mesorhizobium erdmanii	1777866	S	2754	741	3495	0.00015
Mesorhizobium japonicum	2066070	S	2697	1963	4660	0.00020
Mesorhizobium australicum	536018	S	2653	792	3445	0.00015
Aquibium microcysteis	675281	S	8947	2306	11253	0.00048
Aquibium oceanicum	1670800	S	6476	1375	7851	0.00033
Aminobacter sp. MSH1	374606	S	5293	3135	8428	0.00036
Aminobacter sp. SR38	2774562	S	1630	10855	12485	0.00053
Nitratireductor sp. SY7	2599600	S	5721	959	6680	0.00028
Nitratireductor sp. OM-1	1756988	S	2867	450	3317	0.00014
Nitratireductor kimnyeongensis	430679	S	1656	225	1881	0.00008
Phyllobacterium sp. T1018	555316	S	2284	277	2561	0.00011
Phyllobacterium sp. 628	2718938	S	1155	179	1334	0.00006
Phyllobacterium zundukense	1867719	S	2246	288	2534	0.00011
Roseitalea porphyridii	1852022	S	4803	749	5552	0.00024
Hoeflea sp. IMCC20628	1620421	S	1997	176	2173	0.00009
Hoeflea phototrophica	244596	S	1796	195	1991	0.00008
Oricola thermophila	2742145	S	3453	438	3891	0.00017
Salaquimonas pukyongi	2712698	S	1438	60	1498	0.00006
Rhizobium sp. BG4	2613770	S	4508	919	5427	0.00023
Rhizobium sp. WYJ-E13	2849093	S	3929	555	4484	0.00019
Rhizobium sp. NXC24	2048897	S	2736	463	3199	0.00014
Rhizobium sp. ACO-34A	1571470	S	2492	552	3044	0.00013
Rhizobium sp. SL42	2806346	S	2221	408	2629	0.00011
Rhizobium sp. WL3	2603277	S	2140	431	2571	0.00011
Rhizobium sp. C104	2917727	S	2071	1732	3803	0.00016
Rhizobium sp. NZLR1	2731096	S	2056	996	3052	0.00013
Rhizobium sp. 11515TR	2028343	S	2049	1118	3167	0.00013
Rhizobium sp. CIAT894	2020312	S	1952	1266	3218	0.00014
Rhizobium sp. AB2/73	2795216	S	1947	1778	3725	0.00016
Rhizobium sp. NXC14	1981173	S	1568	1072	2640	0.00011
Rhizobium sp. K102	2918527	S	1488	1576	3064	0.00013
Rhizobium sp. NLR16a	2731112	S	1475	1135	2610	0.00011
Rhizobium sp. L51/94	2819999	S	1054	4913	5967	0.00025
Rhizobium leguminosarum	384	S	20566	31448	52014	0.00221
Rhizobium etli	29449	S	4333	6132	10465	0.00044
Rhizobium jaguaris	1312183	S	3247	408	3655	0.00016
Rhizobium phaseoli	396	S	2948	7188	10136	0.00043
Rhizobium pseudoryzae	379684	S	2854	594	3448	0.00015
Rhizobium gallicum	56730	S	2584	3893	6477	0.00028
Rhizobium bangladeshense	1138189	S	2267	591	2858	0.00012
Rhizobium lentis	1138194	S	2058	696	2754	0.00012
Rhizobium tropici	398	S	1904	546	2450	0.00010
Rhizobium binae	1138190	S	1829	761	2590	0.00011
Rhizobium daejeonense	240521	S	1620	574	2194	0.00009
Rhizobium rosettiformans	1368430	S	1612	748	2360	0.00010
Rhizobium indicum	2583231	S	1580	1637	3217	0.00014
Rhizobium acidisoli	1538158	S	1445	1390	2835	0.00012
Rhizobium rhizoryzae	451876	S	1376	189	1565	0.00007
Agrobacterium tumefaciens	358	S	8208	13768	21976	0.00093
Agrobacterium vitis	373	S	4564	567	5131	0.00022
Agrobacterium vaccinii	2735528	S	1607	227	1834	0.00008
Agrobacterium larrymoorei	160699	S	1177	204	1381	0.00006
Agrobacterium rubi	28099	S	1063	331	1394	0.00006
Agrobacterium rhizogenes	359	S	1015	2808	3823	0.00016
Neorhizobium galegae	399	S	9107	2445	11552	0.00049
Neorhizobium sp. NCHU2750	1825976	S	2710	664	3374	0.00014
Neorhizobium sp. SOG26	2060726	S	2255	437	2692	0.00011
Pseudorhizobium banfieldiae	1125847	S	1521	859	2380	0.00010
Pseudorhizobium flavum	1335061	S	1464	921	2385	0.00010
Sinorhizobium fredii	380	S	9614	13077	22691	0.00096
Sinorhizobium meliloti	382	S	7715	2782	10497	0.00045
Sinorhizobium sp. BG8	2613773	S	3034	498	3532	0.00015
Sinorhizobium americanum	194963	S	3356	1207	4563	0.00019
Sinorhizobium medicae	110321	S	2972	417	3389	0.00014
Ensifer adhaerens	106592	S	10237	8340	18577	0.00079
Ensifer mexicanus	375549	S	4533	685	5218	0.00022
Ensifer sp. PDNC004	2811423	S	2975	1396	4371	0.00019
Ensifer alkalisoli	1752398	S	3119	628	3747	0.00016
Ensifer sojae	716925	S	2842	1126	3968	0.00017
Shinella sp. HZN7	879274	S	5276	4404	9680	0.00041
Shinella sp. PSBB067	2715959	S	4318	3242	7560	0.00032
Shinella sp. XGS7	2877941	S	3555	3379	6934	0.00029
Shinella sp. H4-D48	2925841	S	1975	745	2720	0.00012
Shinella zoogloeoides	352475	S	4593	6167	10760	0.00046
Shinella oryzae	2871820	S	2501	1053	3554	0.00015
Ciceribacter thiooxidans	1969821	S	3247	648	3895	0.00017
Georhizobium profundi	2341112	S	2907	589	3496	0.00015
Peteryoungia desertarenae	1813451	S	1140	209	1349	0.00006
Methylobacterium sp. 17Sr1-1	2202826	S	6096	3317	9413	0.00040
Methylobacterium sp. WL1	2603276	S	5787	1290	7077	0.00030
Methylobacterium nodulans	114616	S	12862	1669	14531	0.00062
Methylobacterium aquaticum	270351	S	12798	6420	19218	0.00082
Methylobacterium durans	2202825	S	8586	1243	9829	0.00042
Methylobacterium currus	2051553	S	8151	3822	11973	0.00051
Methylobacterium radiodurans	2202828	S	7434	1847	9281	0.00039
Methylobacterium organophilum	410	S	6409	3275	9684	0.00041
Methylobacterium tardum	374432	S	6278	2549	8827	0.00037
Methylobacterium terrae	2202827	S	6278	3299	9577	0.00041
Methylobacterium brachiatum	269660	S	6092	2297	8389	0.00036
Methylobacterium mesophilicum	39956	S	5964	1404	7368	0.00031
Methylobacterium indicum	1775910	S	5587	3215	8802	0.00037
Methylobacterium oryzae	334852	S	5329	9634	14963	0.00064
Methylobacterium radiotolerans	31998	S	2258	15397	17655	0.00075
Microvirga sp. VF16	2807101	S	17623	2667	20290	0.00086
Microvirga sp. 17 mud 1-3	2082949	S	6729	1372	8101	0.00034
Microvirga ossetica	1882682	S	19378	3334	22712	0.00096
Microvirga thermotolerans	2651334	S	8375	2245	10620	0.00045
Methylorubrum populi	223967	S	11079	4698	15777	0.00067
Methylorubrum extorquens	408	S	8725	14001	22726	0.00097
Methylorubrum sp. B1-46	2897334	S	3878	1505	5383	0.00023
Pseudolabrys taiwanensis	331696	S	47446	7902	55348	0.00235
Pseudolabrys sp. FHR47	2562284	S	30814	5459	36273	0.00154
Starkeya sp. ORNL1	2709380	S	12477	2430	14907	0.00063
Starkeya novella	921	S	8834	3201	12035	0.00051
Xanthobacter dioxanivorans	2528964	S	9162	3120	12282	0.00052
Xanthobacter sp. YC-JY1	2419844	S	2957	3040	5997	0.00025
Xanthobacter autotrophicus	280	S	2781	3101	5882	0.00025
Ancylobacter polymorphus	223390	S	6798	3315	10113	0.00043
Ancylobacter sp. TS-1	1850374	S	6621	2692	9313	0.00040
Ancylobacter pratisalsi	1745854	S	5307	1166	6473	0.00027
Labrys sp. KNU-23	2789216	S	7895	778	8673	0.00037
Azorhizobium caulinodans	7	S	6766	1376	8142	0.00035
Rhodoplanes sp. Z2-YC6860	674703	S	85838	7833	93671	0.00398
Hyphomicrobium denitrificans	53399	S	9544	1071	10615	0.00045
Hyphomicrobium nitrativorans	1427356	S	5841	479	6320	0.00027
Hyphomicrobium sp. MC1	717785	S	4167	304	4471	0.00019
Methyloceanibacter sp. wino2	2170729	S	3679	872	4551	0.00019
Methyloceanibacter caenitepidi	1384459	S	3592	797	4389	0.00019
Methyloligella sp. GL2	2742204	S	5563	627	6190	0.00026
Aquabacter sp. L1I39	2820278	S	5495	855	6350	0.00027
Rhodomicrobium vannielii	1069	S	4018	259	4277	0.00018
Caenibius sp. WL	2872646	S	1627	309	1936	0.00008
Caenibius tardaugens	169176	S	1278	953	2231	0.00009
Candidatus Filomicrobium marinum	1608628	S	1661	43	1704	0.00007
Bosea sp. AS-1	2015316	S	29825	7561	37386	0.00159
Bosea sp. ANAM02	2020412	S	12570	3703	16273	0.00069
Bosea sp. F3-2	2599640	S	10263	2651	12914	0.00055
Bosea sp. Tri-49	1867715	S	9406	1828	11234	0.00048
Bosea sp. RAC05	1842539	S	8673	2351	11024	0.00047
Bosea sp. PAMC 26642	1792307	S	6519	1158	7677	0.00033
Bosea vaviloviae	1526658	S	7925	1673	9598	0.00041
Devosia sp. A16	1736675	S	14875	1667	16542	0.00070
Devosia sp. JXJ CY 41	2917991	S	3006	483	3489	0.00015
Devosia sp. SL43	2806348	S	2982	483	3465	0.00015
Devosia sp. 1566	2499144	S	2714	271	2985	0.00013
Devosia sp. I507	2083786	S	2061	557	2618	0.00011
Devosia sp. MC521	2759954	S	1057	160	1217	0.00005
Devosia ginsengisoli	400770	S	3454	571	4025	0.00017
Devosia beringensis	2657486	S	3057	414	3471	0.00015
Devosia salina	2860336	S	2879	863	3742	0.00016
Devosia oryziradicis	2801335	S	2842	477	3319	0.00014
Devosia rhizoryzae	2774137	S	2553	249	2802	0.00012
Paradevosia shaoguanensis	1335043	S	4596	1587	6183	0.00026
Youhaiella tibetensis	1447062	S	4472	907	5379	0.00023
Pelagibacterium halotolerans	531813	S	2307	274	2581	0.00011
Aureimonas sp. SA4125	2826993	S	5667	986	6653	0.00028
Aureimonas sp. AU20	1349819	S	5116	685	5801	0.00025
Aureimonas sp. OT7	2816454	S	2659	1978	4637	0.00020
Aureimonas populi	1701758	S	4471	812	5283	0.00022
Aureimonas mangrovi	2758041	S	3993	790	4783	0.00020
Aureimonas altamirensis	370622	S	2614	790	3404	0.00014
Martelella sp. AD-3	686597	S	1615	4515	6130	0.00026
Martelella mediterranea	293089	S	2906	974	3880	0.00016
Martelella endophytica	1486262	S	2646	547	3193	0.00014
Martelella lutilitoris	2583532	S	1565	1211	2776	0.00012
Aurantimonas sp. HBX-1	2906072	S	7062	1967	9029	0.00038
Nordella sp. HKS 07	2712222	S	21869	1143	23012	0.00098
Pseudorhodoplanes sinuspersici	1235591	S	18541	1281	19822	0.00084
Terrihabitans soli	708113	S	4712	499	5211	0.00022
Methylocystis parvus	134	S	4494	500	4994	0.00021
Methylocystis bryophila	655015	S	4213	401	4614	0.00020
Methylocystis heyeri	391905	S	3850	408	4258	0.00018
Methylocystis sp. SC2	187303	S	2660	674	3334	0.00014
Methylocystis sp. SB2	743836	S	1022	1583	2605	0.00011
Methylocystis rosea	173366	S	2920	2198	5118	0.00022
Methylosinus trichosporium	426	S	6297	1166	7463	0.00032
Methylosinus sp. C49	2699395	S	5097	927	6024	0.00026
Phreatobacter stygius	1940610	S	11700	1668	13368	0.00057
Phreatobacter cathodiphilus	1868589	S	9194	2594	11788	0.00050
Phreatobacter sp. NMCR1094	2570229	S	6847	1233	8080	0.00034
Stappia indica	538381	S	6989	1587	8576	0.00036
Stappia sp. ES.058	1881061	S	3769	457	4226	0.00018
Roseibium aggregatum	187304	S	4175	555	4730	0.00020
Roseibium alexandrii	388408	S	1193	109	1302	0.00006
Pannonibacter phragmitetus	121719	S	4944	3192	8136	0.00035
Labrenzia sp. VG12	2021862	S	2415	281	2696	0.00011
Labrenzia sp. PHM005	2590016	S	1055	80	1135	0.00005
Blastochloris tepida	2233851	S	9090	2966	12056	0.00051
Blastochloris viridis	1079	S	7849	2084	9933	0.00042
Methylocella silvestris	199596	S	4538	499	5037	0.00021
Methylocella tundrae	227605	S	3879	364	4243	0.00018
Methylovirgula ligni	569860	S	3889	444	4333	0.00018
Methylovirgula sp. HY1	2822761	S	3094	179	3273	0.00014
Beijerinckia indica	533	S	2049	156	2205	0.00009
Kaustia mangrovi	2593653	S	8748	809	9557	0.00041
Parvibaculum lavamentivorans	256618	S	4093	2812	6905	0.00029
Pyruvatibacter mobilis	1712261	S	2672	301	2973	0.00013
Candidatus Phaeomarinobacter ectocarpi	1458461	S	1182	52	1234	0.00005
Chelatococcus sp. CO-6	1702325	S	7531	4401	11932	0.00051
Chelatococcus daeguensis	444444	S	4230	2490	6720	0.00029
Kaistia sp. 32K	2795690	S	10232	2403	12635	0.00054
Acuticoccus sp. I52.16.1	2928472	S	9588	1012	10600	0.00045
Brucella anthropi	529	S	1728	2129	3857	0.00016
Brucella intermedia	94625	S	1351	1478	2829	0.00012
Lichenihabitans psoromatis	2528642	S	2060	1130	3190	0.00014
Lichenihabitans sp. PAMC28606	2880932	S	1794	1143	2937	0.00012
Hartmannibacter diazotrophicus	1482074	S	5810	980	6790	0.00029
Breoghania sp. L-A4	2304600	S	5780	726	6506	0.00028
Cohaesibacter sp. ES.047	1798205	S	1092	44	1136	0.00005
Sphingomonas sp. DM2-R-LB4	2899123	S	7807	2270	10077	0.00043
Sphingomonas sp. S8-45	2938948	S	6391	678	7069	0.00030
Sphingomonas sp. CL5.1	2653203	S	6058	1775	7833	0.00033
Sphingomonas sp. AK-PDB1-5	2872652	S	5794	803	6597	0.00028
Sphingomonas sp. Cra20	1327635	S	5512	721	6233	0.00026
Sphingomonas sp. LM7	1938607	S	5149	928	6077	0.00026
Sphingomonas sp. HDW15A	2714942	S	4999	366	5365	0.00023
Sphingomonas sp. MM-1	745310	S	4908	5624	10532	0.00045
Sphingomonas sp. AP4-R1	2735134	S	4897	548	5445	0.00023
Sphingomonas sp. AAP5	1523415	S	4443	984	5427	0.00023
Sphingomonas sp. NBWT7	2596913	S	4191	1222	5413	0.00023
Sphingomonas sp. FARSPH	2219696	S	4133	2873	7006	0.00030
Sphingomonas sp. S2-65	2903960	S	4042	705	4747	0.00020
Sphingomonas sp. PAMC26645	2565555	S	3547	947	4494	0.00019
Sphingomonas sp. HMP9	1517554	S	3272	1169	4441	0.00019
Sphingomonas sp. HMP6	1517551	S	2872	463	3335	0.00014
Sphingomonas sp. KC8	1030157	S	2816	318	3134	0.00013
Sphingomonas sp. LK11	1390395	S	2155	1634	3789	0.00016
Sphingomonas sp. NIC1	1961362	S	1863	4244	6107	0.00026
Sphingomonas sediminicola	386874	S	15993	1326	17319	0.00074
Sphingomonas lutea	1045317	S	15071	1728	16799	0.00071
Sphingomonas daechungensis	1176646	S	13591	1132	14723	0.00063
Sphingomonas sabuli	2764186	S	9494	1041	10535	0.00045
Sphingomonas ginsengisoli An et al. 2013	363835	S	9292	1111	10403	0.00044
Sphingomonas sinipercae	2714944	S	8577	1025	9602	0.00041
Sphingomonas alpina	653931	S	7569	531	8100	0.00034
Sphingomonas sanxanigenens	397260	S	6835	2742	9577	0.00041
Sphingomonas profundi	2681549	S	6505	897	7402	0.00031
Sphingomonas rhizophila	2071607	S	6387	1283	7670	0.00033
Sphingomonas piscis	2714943	S	6317	523	6840	0.00029
Sphingomonas hengshuiensis	1609977	S	5392	582	5974	0.00025
Sphingomonas taxi	1549858	S	5033	1276	6309	0.00027
Sphingomonas panacis	1560345	S	4916	615	5531	0.00023
Sphingomonas koreensis	93064	S	4673	2760	7433	0.00032
Sphingomonas xanthus	2594473	S	4570	791	5361	0.00023
Sphingomonas panacisoli	1813879	S	3911	445	4356	0.00018
Sphingomonas changnyeongensis	2698679	S	3859	674	4533	0.00019
Sphingomonas radiodurans	2890321	S	3711	422	4133	0.00018
Sphingomonas suaedae	2599297	S	3659	393	4052	0.00017
Sphingomonas insulae	424800	S	3160	731	3891	0.00017
Sphingomonas paucimobilis	13689	S	3127	1574	4701	0.00020
Sphingomonas aliaeris	2759526	S	2974	322	3296	0.00014
Sphingomonas sanguinis	33051	S	2366	1562	3928	0.00017
Sphingomonas melonis	152682	S	2197	7146	9343	0.00040
Sphingomonas lacunae	2698828	S	1375	187	1562	0.00007
Sphingomonas paeninsulae	2319844	S	1280	54	1334	0.00006
Sphingobium sp. TKS	1315974	S	7798	10932	18730	0.00080
Sphingobium sp. SYK-6	627192	S	3716	910	4626	0.00020
Sphingobium sp. CAP-1	2676077	S	2567	1490	4057	0.00017
Sphingobium sp. YG1	2082188	S	2546	1004	3550	0.00015
Sphingobium sp. EP60837	1855519	S	2331	681	3012	0.00013
Sphingobium sp. KCTC 72723	2733867	S	2169	390	2559	0.00011
Sphingobium sp. RAC03	1843368	S	2159	405	2564	0.00011
Sphingobium sp. Cam5-1	2789327	S	1866	767	2633	0.00011
Sphingobium sp. SCG-1	2072936	S	1836	140	1976	0.00008
Sphingobium sp. MI1205	407020	S	1632	2311	3943	0.00017
Sphingobium yanoikuyae	13690	S	4942	9220	14162	0.00060
Sphingobium indicum	332055	S	3903	3000	6903	0.00029
Sphingobium chlorophenolicum	46429	S	3423	1439	4862	0.00021
Sphingobium amiense	135719	S	2670	2973	5643	0.00024
Sphingobium phenoxybenzoativorans	1592790	S	2432	908	3340	0.00014
Sphingobium cloacae	120107	S	2378	3121	5499	0.00023
Sphingobium xenophagum	121428	S	2364	1397	3761	0.00016
Sphingobium baderi	1332080	S	1730	1617	3347	0.00014
Sphingobium herbicidovorans	76947	S	1628	1361	2989	0.00013
Sphingobium fuliginis	336203	S	1619	6309	7928	0.00034
Sphingopyxis sp. QXT-31	1357916	S	3983	996	4979	0.00021
Sphingopyxis sp. OPL5	2486273	S	3905	676	4581	0.00019
Sphingopyxis sp. YF1	2482763	S	3725	783	4508	0.00019
Sphingopyxis sp. BSN-002	2911495	S	3100	511	3611	0.00015
Sphingopyxis sp. PAMC25046	2565556	S	2998	1249	4247	0.00018
Sphingopyxis sp. 113P3	292913	S	2833	962	3795	0.00016
Sphingopyxis sp. FD7	1914525	S	2549	967	3516	0.00015
Sphingopyxis sp. EG6	1874061	S	2323	1094	3417	0.00015
Sphingopyxis macrogoltabida	33050	S	7832	3548	11380	0.00048
Sphingopyxis terrae	33052	S	3348	1829	5177	0.00022
Sphingopyxis lindanitolerans	2054227	S	3233	1435	4668	0.00020
Sphingopyxis fribergensis	1515612	S	2721	983	3704	0.00016
Sphingopyxis granuli	267128	S	2649	7129	9778	0.00042
Sphingopyxis alaskensis	117207	S	2183	480	2663	0.00011
Novosphingobium sp. Sx8-5	2896849	S	5442	697	6139	0.00026
Novosphingobium sp. Gsoil 351	2675225	S	4311	355	4666	0.00020
Novosphingobium sp. EMRT-2	2571749	S	4178	2209	6387	0.00027
Novosphingobium sp. P6W	1609758	S	3760	607	4367	0.00019
Novosphingobium sp. ES2-1	2780074	S	3286	1501	4787	0.00020
Novosphingobium sp. THN1	1016987	S	2742	870	3612	0.00015
Novosphingobium sp. PP1Y	702113	S	1650	1693	3343	0.00014
Novosphingobium sp. KA1	164608	S	1154	4700	5854	0.00025
Novosphingobium resinovorum	158500	S	5078	2213	7291	0.00031
Novosphingobium aromaticivorans	48935	S	3399	1394	4793	0.00020
Novosphingobium decolorationis	2698673	S	3329	1615	4944	0.00021
Novosphingobium ginsenosidimutans	1176536	S	2940	287	3227	0.00014
Novosphingobium pentaromativorans	205844	S	1705	2561	4266	0.00018
Rhizorhabdus wittichii	160791	S	9361	4894	14255	0.00061
Rhizorhabdus dicambivorans	1850238	S	4915	3453	8368	0.00036
Rhizorhabdus phycosphaerae	2711156	S	3900	442	4342	0.00018
Sphingosinithalassobacter sp. CS137	2762748	S	3882	712	4594	0.00020
Sphingosinithalassobacter tenebrarum	2711215	S	3406	907	4313	0.00018
Allosphingosinicella indica	941907	S	5414	621	6035	0.00026
Parasphingopyxis algicola	2026624	S	3358	202	3560	0.00015
Parasphingopyxis sp. CP4	2724527	S	1060	45	1105	0.00005
Sphingorhabdus sp. YGSMI21	2077182	S	1152	198	1350	0.00006
Sphingorhabdus sp. SMR4y	2584094	S	1026	180	1206	0.00005
Hankyongella ginsenosidimutans	1763828	S	2930	503	3433	0.00015
Tardibacter chloracetimidivorans	1921510	S	2676	1811	4487	0.00019
Citromicrobium sp. JL477	1634516	S	2250	889	3139	0.00013
Novosphingopyxis iocasae	2762729	S	1840	883	2723	0.00012
Aquisediminimonas profunda	1550733	S	1086	42	1128	0.00005
Erythrobacter sp. HL-111	1798193	S	2884	494	3378	0.00014
Erythrobacter sp. JK5	2829500	S	2098	539	2637	0.00011
Erythrobacter sp. HKB08	2502843	S	2036	400	2436	0.00010
Erythrobacter sp. SDW2	2907154	S	1779	421	2200	0.00009
Erythrobacter sp. THAF29	2587851	S	1155	236	1391	0.00006
Erythrobacter sp. A30-3	2785907	S	1019	688	1707	0.00007
Erythrobacter sp. LQ02-29	2920384	S	1013	1019	2032	0.00009
Erythrobacter sp. 3-20A1M	2653850	S	1005	1389	2394	0.00010
Erythrobacter sp. KY5	2011159	S	1003	73	1076	0.00005
Erythrobacter litoralis	39960	S	3826	1398	5224	0.00022
Erythrobacter neustonensis	1112	S	1852	390	2242	0.00010
Erythrobacter mangrovi	2739433	S	1476	454	1930	0.00008
Erythrobacter aureus	2182384	S	1293	218	1511	0.00006
Porphyrobacter sp. CACIAM 03H1	2003315	S	3135	806	3941	0.00017
Porphyrobacter sp. LM 6	1896196	S	1817	566	2383	0.00010
Porphyrobacter sp. HT-58-2	2023229	S	1588	334	1922	0.00008
Porphyrobacter sp. GA68	2883480	S	1277	540	1817	0.00008
Qipengyuania flava	192812	S	4283	2324	6607	0.00028
Qipengyuania sediminis	1532023	S	2218	324	2542	0.00011
Qipengyuania soli	2782568	S	1687	369	2056	0.00009
Qipengyuania aurantiaca	2867233	S	1507	727	2234	0.00009
Qipengyuania gelatinilytica	2867231	S	1233	510	1743	0.00007
Qipengyuania seohaensis	266951	S	1017	316	1333	0.00006
Croceicoccus sp. YJ47	2798724	S	1978	1767	3745	0.00016
Croceicoccus marinus	450378	S	3708	1775	5483	0.00023
Croceicoccus naphthovorans	1348774	S	1513	1549	3062	0.00013
Tsuneonella amylolytica	2338327	S	2886	756	3642	0.00015
Tsuneonella dongtanensis	692370	S	2732	509	3241	0.00014
Tsuneonella mangrovi	1982042	S	1929	275	2204	0.00009
Tsuneonella flava	2055955	S	1017	266	1283	0.00005
Altererythrobacter sp. B11	2060312	S	2858	1180	4038	0.00017
Altererythrobacter sp. TH136	2067415	S	2130	365	2495	0.00011
Altererythrobacter sp. BO-6	2604537	S	1409	202	1611	0.00007
Altererythrobacter epoxidivorans	361183	S	1197	305	1502	0.00006
Aurantiacibacter gangjinensis	502682	S	1298	121	1419	0.00006
Pelagerythrobacter marensis	543877	S	1662	216	1878	0.00008
Paraurantiacibacter namhicola	645517	S	1536	188	1724	0.00007
Croceibacterium atlanticum	1267766	S	1433	538	1971	0.00008
Sphingosinicella sp. BN140058	1892855	S	7285	628	7913	0.00034
Sphingosinicella microcystinivorans	335406	S	3425	393	3818	0.00016
Sphingosinicella flava	2771430	S	2863	378	3241	0.00014
Polymorphobacter sp. PAMC 29362	2835787	S	2607	1557	4164	0.00018
Polymorphobacter sp. PAMC 29334	2862331	S	2412	1486	3898	0.00017
Sandaracinobacter sp. M6	2759707	S	3100	206	3306	0.00014
Azospirillum sp. B510	137722	S	4877	1620	6497	0.00028
Azospirillum sp. TSH100	652764	S	4004	1637	5641	0.00024
Azospirillum sp. TSA2s	709810	S	3846	2551	6397	0.00027
Azospirillum sp. TSH58	664962	S	2876	3287	6163	0.00026
Azospirillum brasilense	192	S	15674	11835	27509	0.00117
Azospirillum thermophilum	2202148	S	9547	1988	11535	0.00049
Azospirillum thiophilum	528244	S	5842	1685	7527	0.00032
Azospirillum ramasamyi	682998	S	3581	1804	5385	0.00023
Azospirillum humicireducens	1226968	S	3071	1549	4620	0.00020
Azospirillum lipoferum	193	S	3048	1946	4994	0.00021
Azospirillum oryzae	286727	S	2946	2194	5140	0.00022
Azospirillum baldaniorum	1064539	S	1879	3257	5136	0.00022
Skermanella mucosa	1789672	S	6654	3993	10647	0.00045
Skermanella sp. TT6	2775420	S	6264	5601	11865	0.00050
Skermanella rosea	1817965	S	5605	4401	10006	0.00042
Skermanella pratensis	2233999	S	5224	2509	7733	0.00033
Nitrospirillum amazonense	28077	S	6484	690	7174	0.00030
Indioceanicola profundi	2220096	S	4741	592	5333	0.00023
Niveispirillum cyanobacteriorum	1612173	S	2552	253	2805	0.00012
Roseomonas sp. OT10	2897332	S	9967	2597	12564	0.00053
Roseomonas sp. S08	1750527	S	9752	613	10365	0.00044
Roseomonas gilardii	257708	S	7889	8505	16394	0.00070
Roseomonas haemaphysalidis	2768162	S	6639	863	7502	0.00032
Roseomonas marmotae	2768161	S	5843	785	6628	0.00028
Rhodovastum atsumiense	504468	S	11899	1193	13092	0.00056
Komagataeibacter xylinus	28448	S	2251	4872	7123	0.00030
Acidiphilium multivorum	62140	S	1821	8154	9975	0.00042
Roseococcus microcysteis	2771361	S	6195	558	6753	0.00029
Acidibrevibacterium fodinaquatile	1969806	S	5180	442	5622	0.00024
Sediminicoccus rosea	1225128	S	5081	254	5335	0.00023
Lichenicola cladoniae	1484109	S	4983	236	5219	0.00022
Acetobacter aceti	435	S	1792	1341	3133	0.00013
Gluconobacter oxydans	442	S	1167	1210	2377	0.00010
Gluconacetobacter diazotrophicus	33996	S	3100	650	3750	0.00016
Granulibacter bethesdensis	364410	S	1987	179	2166	0.00009
Asaia bogorensis	91915	S	1371	233	1604	0.00007
Neoasaia chiangmaiensis	320497	S	1271	262	1533	0.00007
Kozakia baliensis	153496	S	1012	363	1375	0.00006
Hypericibacter adhaerens	2602016	S	12444	1979	14423	0.00061
Hypericibacter terrae	2602015	S	10846	1355	12201	0.00052
Magnetospirillum sp. XM-1	1663591	S	3102	929	4031	0.00017
Magnetospirillum sp. ME-1	1639348	S	2787	904	3691	0.00016
Magnetospirillum gryphiswaldense	55518	S	3705	295057	298762	0.01269
Magnetospirillum magneticum	84159	S	3123	323	3446	0.00015
Rhodospirillum centenum	34018	S	5998	798	6796	0.00029
Rhodospirillum rubrum	1085	S	3302	239	3541	0.00015
Tistrella mobilis	171437	S	7019	3153	10172	0.00043
Ferrovibrio terrae	2594003	S	5316	321	5637	0.00024
Defluviicoccus vanus	111831	S	3773	320	4093	0.00017
Pararhodospirillum photometricum	1084	S	2036	152	2188	0.00009
Stella humosa	94	S	14258	944	15202	0.00065
Elioraea tepida	2843330	S	6754	331	7085	0.00030
Magnetospira sp. QH-2	1288970	S	1390	46	1436	0.00006
Paracoccus sp. MC1862	2760307	S	2434	240	2674	0.00011
Paracoccus sp. MA	2895796	S	2369	1342	3711	0.00016
Paracoccus sp. AK26	2589076	S	1737	274	2011	0.00009
Paracoccus sp. H4-D09	2812658	S	1372	301	1673	0.00007
Paracoccus sp. S8-55	2903900	S	1206	148	1354	0.00006
Paracoccus sanguinis	1545044	S	3882	966	4848	0.00021
Paracoccus yeei	147645	S	3058	5225	8283	0.00035
Paracoccus denitrificans	266	S	2825	1799	4624	0.00020
Paracoccus liaowanqingii	2560053	S	2800	303	3103	0.00013
Paracoccus zhejiangensis	1077935	S	2609	584	3193	0.00014
Paracoccus aminovorans	34004	S	2560	708	3268	0.00014
Paracoccus pantotrophus	82367	S	2349	1425	3774	0.00016
Paracoccus suum	2259340	S	2234	378	2612	0.00011
Paracoccus jeotgali	2065379	S	2114	360	2474	0.00011
Paracoccus aminophilus	34003	S	2065	175	2240	0.00010
Paracoccus contaminans	1945662	S	2038	440	2478	0.00011
Paracoccus kondratievae	135740	S	1203	241	1444	0.00006
Paracoccus tegillarcae	1529068	S	1185	67	1252	0.00005
Cereibacter sphaeroides	1063	S	8968	7085	16053	0.00068
Rhodobacter sp. CZR27	2033869	S	3565	877	4442	0.00019
Rhodobacter sp. N10	2807096	S	2741	269	3010	0.00013
Rhodobacter sp. LPB0142	1850250	S	2710	1771	4481	0.00019
Rhodobacter capsulatus	1061	S	3745	650	4395	0.00019
Rhodovulum sp. P5	1564506	S	1929	183	2112	0.00009
Rhodovulum sp. MB263	308754	S	1785	574	2359	0.00010
Rhodovulum sulfidophilum	35806	S	2958	1510	4468	0.00019
Polymorphum gilvum	991904	S	5883	1335	7218	0.00031
Paroceanicella profunda	2579971	S	5673	1319	6992	0.00030
Pikeienuella piscinae	2748098	S	4105	353	4458	0.00019
Thioclava electrotropha	1549850	S	1855	401	2256	0.00010
Thioclava nitratireducens	1915078	S	1708	507	2215	0.00009
Pontivivens ytuae	2789856	S	3677	254	3931	0.00017
Silicimonas algicola	1826607	S	3187	166	3353	0.00014
Pelagovum pacificum	2588711	S	3168	350	3518	0.00015
Frigidibacter mobilis	1335048	S	2760	1040	3800	0.00016
Pukyongiella litopenaei	2605946	S	2598	534	3132	0.00013
Brevirhabdus pacifica	1267768	S	2329	957	3286	0.00014
Fuscovulum blasticum	1075	S	1929	203	2132	0.00009
Haematobacter massiliensis	195105	S	1907	668	2575	0.00011
Gymnodinialimonas ceratoperidinii	2856823	S	1880	158	2038	0.00009
Pseudopuniceibacterium antarcticum	2613965	S	1676	115	1791	0.00008
Falsirhodobacter sp. PG104	2692330	S	1666	206	1872	0.00008
Gemmobacter aquarius	2169400	S	1662	325	1987	0.00008
Pacificitalea manganoxidans	1411902	S	1660	312	1972	0.00008
Pseudooceanicola algae	1537215	S	1554	134	1688	0.00007
Tabrizicola piscis	2494374	S	1461	110	1571	0.00007
Monaibacterium sp. h42	2758038	S	1295	260	1555	0.00007
Roseicitreum antarcticum	564137	S	1248	57	1305	0.00006
Tritonibacter mobilis	379347	S	1113	438	1551	0.00007
Yoonia vestfoldensis	245188	S	1055	209	1264	0.00005
Roseovarius sp. SCSIO 43702	2823043	S	2668	263	2931	0.00012
Roseovarius sp. THAF9	2587847	S	1451	2089	3540	0.00015
Roseovarius indicus	540747	S	3439	1450	4889	0.00021
Roseovarius faecimaris	2494550	S	1414	122	1536	0.00007
Sulfitobacter sp. JK7-1	2829501	S	1566	174	1740	0.00007
Sulfitobacter sp. THAF37	2587855	S	1434	1275	2709	0.00012
Sulfitobacter alexandrii	1917485	S	2128	1526	3654	0.00016
Sulfitobacter mediterraneus	83219	S	1088	156	1244	0.00005
Salipiger profundus	1229727	S	4078	1608	5686	0.00024
Salipiger abyssi	1250539	S	3206	1131	4337	0.00018
Salipiger sp. CCB-MM3	1792508	S	2819	366	3185	0.00014
Roseivivax sp. THAF30	2587852	S	1992	2125	4117	0.00017
Roseivivax marinus	1379903	S	3773	548	4321	0.00018
Celeribacter indicus	1208324	S	3336	1426	4762	0.00020
Celeribacter ethanolicus	1758178	S	1213	361	1574	0.00007
Phaeobacter gallaeciensis	60890	S	1459	838	2297	0.00010
Phaeobacter inhibens	221822	S	1419	817	2236	0.00009
Leisingera aquaemixtae	1396826	S	1707	324	2031	0.00009
Leisingera methylohalidivorans	133924	S	1129	283	1412	0.00006
Ruegeria pomeroyi	89184	S	1907	325	2232	0.00009
Sulfitobacter pseudonitzschiae	1402135	S	2558	835	3393	0.00014
Yangia pacifica	311180	S	3475	541	4016	0.00017
Sagittula sp. P11	2009329	S	3421	1263	4684	0.00020
Ponticoccus alexandrii	1943633	S	2583	352	2935	0.00012
Mameliella alba	561184	S	2370	395	2765	0.00012
Dinoroseobacter shibae	215813	S	2211	711	2922	0.00012
Ketogulonicigenium vulgare	92945	S	1069	151	1220	0.00005
Roseibacterium elongatum	159346	S	1857	145	2002	0.00009
Actibacterium sp. EMB200-NS6	1609966	S	1844	785	2629	0.00011
Oceanicola sp. D3	2587163	S	1693	80	1773	0.00008
Antarctobacter heliothermus	74033	S	1263	59	1322	0.00006
Maribius sp. THAF1	2587842	S	1262	61	1323	0.00006
Thalassococcus sp. S3	2017482	S	1256	29	1285	0.00005
Tateyamaria omphalii	299262	S	1237	37	1274	0.00005
Jannaschia sp. CCS1	290400	S	1189	29	1218	0.00005
Caulobacter sp. S6	2823693	S	8363	810	9173	0.00039
Caulobacter sp. FWC26	69665	S	3179	1071	4250	0.00018
Caulobacter segnis	88688	S	10744	3279	14023	0.00060
Caulobacter mirabilis	69666	S	7559	1216	8775	0.00037
Caulobacter flavus	1679497	S	6956	1564	8520	0.00036
Caulobacter vibrioides	155892	S	6589	4799	11388	0.00048
Caulobacter rhizosphaerae	2010972	S	6317	1416	7733	0.00033
Caulobacter soli	2708539	S	6274	1534	7808	0.00033
Caulobacter henricii	69395	S	2838	388	3226	0.00014
Brevundimonas sp. M20	2591463	S	2584	582	3166	0.00013
Brevundimonas sp. LM2	1938605	S	2555	905	3460	0.00015
Brevundimonas sp. PAMC22021	2861285	S	2512	1396	3908	0.00017
Brevundimonas sp. MF30-B	2561924	S	2272	653	2925	0.00012
Brevundimonas sp. AJA228-03	2752515	S	1840	537	2377	0.00010
Brevundimonas naejangsanensis	588932	S	4451	1798	6249	0.00027
Brevundimonas goettingensis	2774190	S	3029	498	3527	0.00015
Brevundimonas albigilva	1312364	S	2840	1672	4512	0.00019
Brevundimonas subvibrioides	74313	S	2550	499	3049	0.00013
Brevundimonas diminuta	293	S	1947	5044	6991	0.00030
Brevundimonas pondensis	2774189	S	1915	660	2575	0.00011
Brevundimonas vitisensis	2800818	S	1753	222	1975	0.00008
Brevundimonas nasdae	172043	S	1719	1196	2915	0.00012
Brevundimonas mediterranea	74329	S	1717	829	2546	0.00011
Phenylobacterium zucineum	284016	S	16223	2989	19212	0.00082
Phenylobacterium parvum	2201350	S	4424	448	4872	0.00021
Asticcacaulis excentricus	78587	S	2155	308	2463	0.00010
Asticcacaulis sp. AND118	2840468	S	1971	273	2244	0.00010
Terricaulis silvestris	2686094	S	3751	121	3872	0.00016
Marinicauda algicola	2029849	S	4292	667	4959	0.00021
Maricaulis maris	74318	S	1458	88	1546	0.00007
Glycocaulis alkaliphilus	1434191	S	1356	65	1421	0.00006
Hyphomonas sp. CACIAM 19H1	1873716	S	1563	217	1780	0.00008
Hyphomonas neptunium	81032	S	1378	133	1511	0.00006
Candidatus Viadribacter manganicus	1759059	S	2325	58	2383	0.00010
Aquisalinus flavus	1526572	S	1821	81	1902	0.00008
Micavibrio aeruginosavorus	349221	S	1294	16	1310	0.00006
Burkholderia ubonensis	101571	S	11425	8422	19847	0.00084
Burkholderia multivorans	87883	S	11421	5608	17029	0.00072
Burkholderia cenocepacia	95486	S	9451	43314	52765	0.00224
Burkholderia cepacia	292	S	8008	13425	21433	0.00091
Burkholderia pyrrocinia	60550	S	5088	3457	8545	0.00036
Burkholderia contaminans	488447	S	4502	3349	7851	0.00033
Burkholderia ambifaria	152480	S	4220	6839	11059	0.00047
Burkholderia stagnalis	1503054	S	3868	1542	5410	0.00023
Burkholderia stabilis	95485	S	3724	3105	6829	0.00029
Burkholderia anthina	179879	S	3723	4089	7812	0.00033
Burkholderia lata	482957	S	3412	3620	7032	0.00030
Burkholderia dolosa	152500	S	3036	1682	4718	0.00020
Burkholderia territorii	1503055	S	2681	1574	4255	0.00018
Burkholderia seminalis	488731	S	2231	1248	3479	0.00015
Burkholderia vietnamiensis	60552	S	2080	7140	9220	0.00039
Burkholderia metallica	488729	S	1844	1059	2903	0.00012
Burkholderia diffusa	488732	S	1283	771	2054	0.00009
Burkholderia pseudomultivorans	1207504	S	1106	1454	2560	0.00011
Burkholderia pseudomallei	28450	S	5249	47275	52524	0.00223
Burkholderia mayonis	1385591	S	3686	930	4616	0.00020
Burkholderia thailandensis	57975	S	3581	9384	12965	0.00055
Burkholderia oklahomensis	342113	S	2551	1518	4069	0.00017
Burkholderia sp. DHOD12	2571746	S	5456	689	6145	0.00026
Burkholderia sp. Bp7605	1740163	S	3097	506	3603	0.00015
Burkholderia sp. NRF60-BP8	1637853	S	1459	1095	2554	0.00011
Burkholderia sp. MSMB0856	1637869	S	1333	2011	3344	0.00014
Burkholderia sp. LA-2-3-30-S1-D2	1637862	S	1244	1717	2961	0.00013
Burkholderia sp. JP2-270	2217913	S	1174	1545	2719	0.00012
Burkholderia gladioli	28095	S	13769	4988	18757	0.00080
Burkholderia glumae	337	S	4877	2172	7049	0.00030
Burkholderia plantarii	41899	S	4001	1789	5790	0.00025
Burkholderia perseverans	2615214	S	3206	1548	4754	0.00020
Cupriavidus taiwanensis	164546	S	20524	19645	40169	0.00171
Cupriavidus pauculus	82633	S	16036	7416	23452	0.00100
Cupriavidus campinensis	151783	S	10200	4077	14277	0.00061
Cupriavidus basilensis	68895	S	8934	5028	13962	0.00059
Cupriavidus necator	106590	S	8703	9054	17757	0.00075
Cupriavidus oxalaticus	96344	S	8311	4006	12317	0.00052
Cupriavidus sp. EM10	2839983	S	3882	2639	6521	0.00028
Cupriavidus sp. MP-37	2884455	S	1818	2371	4189	0.00018
Cupriavidus pinatubonensis	248026	S	7316	1361	8677	0.00037
Cupriavidus metallidurans	119219	S	5170	29497	34667	0.00147
Cupriavidus neocaledonicus	1040979	S	1677	2456	4133	0.00018
Cupriavidus gilardii	82541	S	1645	9691	11336	0.00048
Cupriavidus nantongensis	1796606	S	1422	4111	5533	0.00023
Paraburkholderia sp. SOS3	1926494	S	4312	645	4957	0.00021
Paraburkholderia sp. PGU16	2735433	S	2405	1257	3662	0.00016
Paraburkholderia sp. PGU19	2735434	S	1800	1445	3245	0.00014
Paraburkholderia graminis	60548	S	6420	1575	7995	0.00034
Paraburkholderia pallida	2547399	S	6078	1140	7218	0.00031
Paraburkholderia aromaticivorans	2026199	S	5670	2426	8096	0.00034
Paraburkholderia caribensis	75105	S	5238	3749	8987	0.00038
Paraburkholderia acidisoli	2571748	S	5108	962	6070	0.00026
Paraburkholderia tropica	92647	S	5031	1173	6204	0.00026
Paraburkholderia acidiphila	2571747	S	4451	905	5356	0.00023
Paraburkholderia phytofirmans	261302	S	4262	1868	6130	0.00026
Paraburkholderia edwinii	2861782	S	4175	584	4759	0.00020
Paraburkholderia terricola	169427	S	3750	1127	4877	0.00021
Paraburkholderia atlantica	2654982	S	3696	912	4608	0.00020
Paraburkholderia phymatum	148447	S	3545	884	4429	0.00019
Paraburkholderia sprentiae	948107	S	3518	777	4295	0.00018
Paraburkholderia fungorum	134537	S	3225	746	3971	0.00017
Paraburkholderia megapolitana	420953	S	3163	321	3484	0.00015
Paraburkholderia phenoliruptrix	252970	S	3132	883	4015	0.00017
Paraburkholderia terrae	311230	S	2914	3105	6019	0.00026
Paraburkholderia caledonica	134536	S	2875	522	3397	0.00014
Paraburkholderia ginsengisoli	311231	S	2855	870	3725	0.00016
Paraburkholderia hospita	169430	S	2607	2777	5384	0.00023
Paraburkholderia caffeinilytica	1761016	S	2512	644	3156	0.00013
Paraburkholderia xenovorans	36873	S	2401	3016	5417	0.00023
Paraburkholderia dokdonella	2211211	S	2178	599	2777	0.00012
Paraburkholderia dioscoreae	2604047	S	1696	1068	2764	0.00012
Pandoraea sp. XY-2	2518599	S	10572	5456	16028	0.00068
Pandoraea pnomenusa	93220	S	4450	2082	6532	0.00028
Pandoraea pulmonicola	93221	S	3373	685	4058	0.00017
Pandoraea thiooxydans	445709	S	3229	279	3508	0.00015
Pandoraea vervacti	656178	S	2511	639	3150	0.00013
Pandoraea norimbergensis	93219	S	2484	366	2850	0.00012
Pandoraea faecigallinarum	656179	S	2334	546	2880	0.00012
Pandoraea apista	93218	S	2123	1101	3224	0.00014
Pandoraea oxalativorans	573737	S	1896	737	2633	0.00011
Pandoraea fibrosis	1891094	S	1887	528	2415	0.00010
Pandoraea sputorum	93222	S	1647	594	2241	0.00010
Ralstonia solanacearum	305	S	11754	26756	38510	0.00164
Ralstonia insidiosa	190721	S	3036	2338	5374	0.00023
Ralstonia pickettii	329	S	2204	1026	3230	0.00014
Ralstonia mannitolilytica	105219	S	2196	2646	4842	0.00021
Ralstonia sp. 56D2	2842456	S	1942	320	2262	0.00010
Caballeronia sp. Lep1P3	2878150	S	3470	954	4424	0.00019
Caballeronia sp. TF1N1	2878153	S	3071	404	3475	0.00015
Caballeronia sp. SL2Y3	2878151	S	1747	1912	3659	0.00016
Caballeronia sp. Sq4a	2878152	S	1615	2443	4058	0.00017
Caballeronia sp. M1242	2814653	S	1555	2314	3869	0.00016
Caballeronia zhejiangensis	871203	S	4445	1096	5541	0.00024
Caballeronia insecticola	758793	S	4040	897	4937	0.00021
Caballeronia grimmiae	1071679	S	3933	2089	6022	0.00026
Lautropia mirabilis	47671	S	2196	432	2628	0.00011
Chitinimonas arctica	2594795	S	1972	171	2143	0.00009
Mycetohabitans rhizoxinica	412963	S	1594	120	1714	0.00007
Variovorax sp. HW608	1034889	S	11604	2108	13712	0.00058
Variovorax sp. PBS-H4	434008	S	7191	4915	12106	0.00051
Variovorax sp. RA8	662548	S	6541	5714	12255	0.00052
Variovorax sp. PBL-H6	434009	S	5953	6506	12459	0.00053
Variovorax sp. WDL1	207745	S	5610	9570	15180	0.00064
Variovorax sp. RKNM96	2681552	S	4945	2007	6952	0.00030
Variovorax sp. PAMC 28711	1795631	S	4817	878	5695	0.00024
Variovorax sp. PAMC26660	2762322	S	4301	1159	5460	0.00023
Variovorax sp. PAMC28562	2762323	S	3708	344	4052	0.00017
Variovorax sp. SRS16	282217	S	3281	8820	12101	0.00051
Variovorax sp. 38R	2774875	S	3023	4013	7036	0.00030
Variovorax sp. PBL-E5	434014	S	2687	8368	11055	0.00047
Variovorax paradoxus	34073	S	25016	23288	48304	0.00205
Variovorax boronicumulans	436515	S	3923	2999	6922	0.00029
Hydrogenophaga sp. BA0156	2716225	S	5587	4172	9759	0.00041
Hydrogenophaga sp. BPS33	2651974	S	5210	4415	9625	0.00041
Hydrogenophaga sp. YM1	2806262	S	5039	2673	7712	0.00033
Hydrogenophaga sp. PBC	795665	S	4744	5877	10621	0.00045
Hydrogenophaga sp. SL48	2806347	S	4005	1023	5028	0.00021
Hydrogenophaga sp. RAC07	1842537	S	3008	1028	4036	0.00017
Hydrogenophaga sp. PBL-H3	434010	S	2875	2755	5630	0.00024
Hydrogenophaga sp. PAMC20947	2565558	S	1588	114	1702	0.00007
Hydrogenophaga sp. NH-16	2184519	S	1403	3247	4650	0.00020
Hydrogenophaga taeniospiralis	65656	S	3289	1069	4358	0.00019
Hydrogenophaga crassostreae	1763535	S	1539	104	1643	0.00007
Hydrogenophaga pseudoflava	47421	S	1491	2695	4186	0.00018
Acidovorax sp. YS12	2738413	S	3550	3250	6800	0.00029
Acidovorax sp. RAC01	1842533	S	2185	1921	4106	0.00017
Acidovorax sp. KKS102	358220	S	2067	1573	3640	0.00015
Acidovorax sp. JMULE5	2518343	S	1969	573	2542	0.00011
Acidovorax sp. HDW3	2714923	S	1881	1446	3327	0.00014
Acidovorax sp. 1608163	2478662	S	1591	356	1947	0.00008
Acidovorax sp. T1	1858609	S	1284	5048	6332	0.00027
Acidovorax avenae	80867	S	7847	5245	13092	0.00056
Acidovorax monticola	1926868	S	4104	1715	5819	0.00025
Acidovorax antarcticus	2743470	S	3986	3263	7249	0.00031
Acidovorax carolinensis	553814	S	2444	2101	4545	0.00019
Acidovorax citrulli	80869	S	2204	2124	4328	0.00018
Acidovorax cattleyae	80868	S	1894	1378	3272	0.00014
Acidovorax radicis	758826	S	1559	339	1898	0.00008
Comamonas sp. NLF-7-7	2597701	S	2594	2125	4719	0.00020
Comamonas sp. NLF-1-9	2853163	S	2257	1423	3680	0.00016
Comamonas sp. B21-038	2918299	S	1617	410	2027	0.00009
Comamonas serinivorans	1082851	S	3649	1101	4750	0.00020
Comamonas aquatica	225991	S	3386	3589	6975	0.00030
Comamonas testosteroni	285	S	2443	3679	6122	0.00026
Comamonas koreensis	160825	S	1566	1034	2600	0.00011
Comamonas odontotermitis	379895	S	1317	279	1596	0.00007
Comamonas thiooxydans	363952	S	1246	2642	3888	0.00017
Comamonas piscis	1562974	S	1226	248	1474	0.00006
Ramlibacter tataouinensis	94132	S	27007	11253	38260	0.00162
Rhodoferax koreense	1842727	S	6790	3818	10608	0.00045
Rhodoferax sp. BAB1	2741720	S	3646	1064	4710	0.00020
Rhodoferax sp. AJA081-3	2752316	S	1397	107	1504	0.00006
Rhodoferax sediminis	2509614	S	4519	733	5252	0.00022
Rhodoferax ferrireducens	192843	S	1922	138	2060	0.00009
Rhodoferax saidenbachensis	1484693	S	1528	176	1704	0.00007
Polaromonas sp. JS666	296591	S	14550	5261	19811	0.00084
Polaromonas naphthalenivorans	216465	S	3176	487	3663	0.00016
Schlegelella thermodepolymerans	215580	S	7373	3817	11190	0.00048
Schlegelella brevitalea	413882	S	7036	1081	8117	0.00034
Diaphorobacter sp. HDW4A	2714924	S	2496	3189	5685	0.00024
Diaphorobacter sp. HDW4B	2714925	S	2281	956	3237	0.00014
Diaphorobacter ruginosibacter	1715720	S	2981	1368	4349	0.00018
Diaphorobacter aerolatus	1288495	S	2181	4453	6634	0.00028
Delftia tsuruhatensis	180282	S	3086	10045	13131	0.00056
Delftia acidovorans	80866	S	2796	6277	9073	0.00039
Kinneretia sp. DAIF2	2714952	S	7308	2838	10146	0.00043
Kinneretia sp. XES5	2877940	S	2911	3882	6793	0.00029
Ottowia sp. 27C	2816950	S	3272	658	3930	0.00017
Ottowia sp. oral taxon 894	1658672	S	1424	219	1643	0.00007
Ottowia oryzae	2109914	S	2719	618	3337	0.00014
Alicycliphilus denitrificans	179636	S	6947	12792	19739	0.00084
Melaminivora sp. SC2-9	2109913	S	3072	3821	6893	0.00029
Melaminivora jejuensis	1267217	S	2524	2081	4605	0.00020
Serpentinimonas maccroryi	1458426	S	2003	709	2712	0.00012
Serpentinimonas raichei	1458425	S	1763	692	2455	0.00010
Verminephrobacter eiseniae	364317	S	3430	442	3872	0.00016
Hylemonella gracilis	80880	S	2829	431	3260	0.00014
Pulveribacter suum	2116657	S	2669	1437	4106	0.00017
Simplicispira suum	2109915	S	2105	845	2950	0.00013
Limnohabitans sp. 63ED37-2	1678128	S	1016	119	1135	0.00005
Curvibacter sp. AEP1-3	1844971	S	1006	76	1082	0.00005
Massilia sp. WG5	1707785	S	12390	8124	20514	0.00087
Massilia sp. HC52	2852099	S	5843	3101	8944	0.00038
Massilia sp. LPB0304	2769491	S	5491	3681	9172	0.00039
Massilia sp. DM-R-R2A-13	2899220	S	4422	1864	6286	0.00027
Massilia sp. YMA4	1593482	S	4188	2948	7136	0.00030
Massilia sp. NP310	2861282	S	4139	3676	7815	0.00033
Massilia sp. PAMC28688	2861283	S	3128	817	3945	0.00017
Massilia putida	1141883	S	9898	3189	13087	0.00056
Massilia violaceinigra	2045208	S	8335	2330	10665	0.00045
Massilia flava	871742	S	6858	1714	8572	0.00036
Massilia umbonata	864828	S	4784	1906	6690	0.00028
Massilia albidiflava	321983	S	4763	1872	6635	0.00028
Massilia lutea	321985	S	4710	1442	6152	0.00026
Massilia armeniaca	2072590	S	4229	2169	6398	0.00027
Massilia plicata	321984	S	4092	1089	5181	0.00022
Massilia oculi	945844	S	3536	2181	5717	0.00024
Massilia antarctica	2765360	S	3514	1270	4784	0.00020
Duganella sp. GN2-R2	2728020	S	6926	2942	9868	0.00042
Duganella sp. AF9R3	2728021	S	4178	883	5061	0.00021
Janthinobacterium sp. 1_2014MBL_MicDiv	1644131	S	2537	1185	3722	0.00016
Janthinobacterium sp. 17J80-10	2497863	S	2443	390	2833	0.00012
Janthinobacterium sp. LM6	1938606	S	1287	1112	2399	0.00010
Janthinobacterium agaricidamnosum	55508	S	3684	7574	11258	0.00048
Herbaspirillum robiniae	2014887	S	4364	1679	6043	0.00026
Herbaspirillum seropedicae	964	S	3104	1421	4525	0.00019
Herbaspirillum hiltneri	341045	S	2963	526	3489	0.00015
Herbaspirillum frisingense	92645	S	2906	922	3828	0.00016
Herbaspirillum rubrisubalbicans	80842	S	2653	1213	3866	0.00016
Herbaspirillum huttiense	863372	S	1852	752	2604	0.00011
Herbaspirillum sp. meg3	2025949	S	1632	199	1831	0.00008
Collimonas fungivorans	158899	S	3537	998	4535	0.00019
Collimonas arenae	279058	S	2688	353	3041	0.00013
Collimonas pratensis	279113	S	2502	512	3014	0.00013
Noviherbaspirillum sp. UKPF54	2601898	S	5657	1031	6688	0.00028
Achromobacter xylosoxidans	85698	S	13200	24821	38021	0.00161
Achromobacter sp. AONIH1	1758194	S	4198	6425	10623	0.00045
Achromobacter sp. MFA1 R4	1881016	S	3301	2335	5636	0.00024
Achromobacter spanius	217203	S	6607	2998	9605	0.00041
Achromobacter denitrificans	32002	S	6064	5023	11087	0.00047
Achromobacter deleyi	1353891	S	4676	3746	8422	0.00036
Achromobacter insolitus	217204	S	3276	1040	4316	0.00018
Achromobacter pestifer	1353889	S	2371	1833	4204	0.00018
Achromobacter mucicolens	1389922	S	1193	2145	3338	0.00014
Bordetella sp. H567	1697043	S	4084	539	4623	0.00020
Bordetella sp. N	1746199	S	4072	506	4578	0.00019
Bordetella bronchialis	463025	S	4836	728	5564	0.00024
Bordetella genomosp. 13	463040	S	4598	3550	8148	0.00035
Bordetella genomosp. 8	1416806	S	4528	608	5136	0.00022
Bordetella flabilis	463014	S	4292	406	4698	0.00020
Bordetella genomosp. 9	1416803	S	3992	1120	5112	0.00022
Bordetella hinzii	103855	S	3679	1816	5495	0.00023
Bordetella petrii	94624	S	3250	4783	8033	0.00034
Bordetella trematum	123899	S	2670	1259	3929	0.00017
Bordetella bronchiseptica	518	S	2229	13738	15967	0.00068
Bordetella pseudohinzii	1331258	S	2145	1103	3248	0.00014
Bordetella holmesii	35814	S	1270	477	1747	0.00007
Bordetella avium	521	S	1221	179	1400	0.00006
Pigmentiphaga sp. H8	2488560	S	7754	1094	8848	0.00038
Pigmentiphaga aceris	1940612	S	2007	152	2159	0.00009
Orrella dioscoreae	1851544	S	3705	1439	5144	0.00022
Castellaniella defragrans	75697	S	4066	2986	7052	0.00030
Alcaligenes faecalis	511	S	1071	1608	2679	0.00011
Paralcaligenes sp. KSB-10	2901142	S	1315	60	1375	0.00006
Kerstersia gyiorum	206506	S	1268	293	1561	0.00007
Rhizobacter sp. AJA081-3	2753607	S	9685	2639	12324	0.00052
Rhizobacter gummiphilus	946333	S	9677	2081	11758	0.00050
Sphaerotilus sp. FB-5	2914710	S	6469	4442	10911	0.00046
Sphaerotilus natans	34103	S	6055	2563	8618	0.00037
Methylibium petroleiphilum	105560	S	3693	3684	7377	0.00031
Methylibium sp. Pch-M	2082386	S	3517	3190	6707	0.00028
Rubrivivax gelatinosus	28068	S	10089	3430	13519	0.00057
Thiomonas sp. X19	1050370	S	3132	2199	5331	0.00023
Thiomonas intermedia	926	S	2097	720	2817	0.00012
Aquincola tertiaricarbonis	391953	S	8010	3028	11038	0.00047
Mitsuaria sp. 7	1658665	S	7538	1624	9162	0.00039
Leptothrix cholodnii	34029	S	7021	2411	9432	0.00040
Xylophilus rhododendri	2697032	S	5874	1913	7787	0.00033
Ideonella dechloratans	36863	S	4144	2748	6892	0.00029
Tepidimonas taiwanensis	307486	S	3674	1479	5153	0.00022
Aquabacterium olei	1296669	S	3355	980	4335	0.00018
Roseateles depolymerans	76731	S	3126	651	3777	0.00016
Inhella inkyongensis	392593	S	2252	398	2650	0.00011
Paucibacter sp. KCTC 42545	1768242	S	2011	384	2395	0.00010
Sutterella megalosphaeroides	2494234	S	1341	243	1584	0.00007
Sutterella faecalis	2584944	S	1085	161	1246	0.00005
Thauera sp. MZ1T	85643	S	6265	6726	12991	0.00055
Thauera sp. K11	2005884	S	5748	3675	9423	0.00040
Thauera humireducens	1134435	S	3815	2395	6210	0.00026
Thauera chlorobenzoica	96773	S	2870	2653	5523	0.00023
Thauera aromatica	59405	S	2660	3864	6524	0.00028
Thauera hydrothermalis	2184083	S	1708	533	2241	0.00010
Azoarcus sp. KH32C	748247	S	6379	1226	7605	0.00032
Azoarcus sp. DD4	2027405	S	4851	3196	8047	0.00034
Azoarcus olearius	418699	S	5586	2110	7696	0.00033
Azoarcus communis	41977	S	4076	1661	5737	0.00024
Nitrogeniibacter mangrovi	2016596	S	4605	1043	5648	0.00024
Nitrogeniibacter aestuarii	2815343	S	2236	264	2500	0.00011
Aromatoleum petrolei	76116	S	5758	1458	7216	0.00031
Aromatoleum aromaticum	551760	S	4577	3261	7838	0.00033
Aromatoleum bremense	76115	S	3925	2254	6179	0.00026
Aromatoleum pumilum	2067960	S	3906	1570	5476	0.00023
Azospira restricta	404405	S	9587	7324	16911	0.00072
Niveibacterium microcysteis	2811415	S	3724	586	4310	0.00018
Oryzomicrobium terrae	1735038	S	2763	759	3522	0.00015
Dechloromonas denitrificans	281362	S	3909	1168	5077	0.00022
Dechloromonas sp. HYN0024	2231055	S	1101	226	1327	0.00006
Ferribacterium limneticum	76259	S	5154	883	6037	0.00026
Quatrionicoccus australiensis	138118	S	2314	678	2992	0.00013
Usitatibacter rugosus	2732067	S	23522	2925	26447	0.00112
Usitatibacter palustris	2732487	S	17632	2333	19965	0.00085
Nitrosospira lacus	1288494	S	3096	125	3221	0.00014
Nitrosospira multiformis	1231	S	2304	87	2391	0.00010
Nitrosospira sp. NRS527	155925	S	1161	780	1941	0.00008
Nitrosospira briensis	35799	S	1135	818	1953	0.00008
Nitrosomonas communis	44574	S	5287	170	5457	0.00023
Nitrosomonas ureae	44577	S	1453	54	1507	0.00006
Denitratisoma sp. DHT3	1981880	S	3447	2806	6253	0.00027
Denitratisoma oestradiolicum	311182	S	1742	321	2063	0.00009
Sulfuritalea hydrogenivorans	748811	S	4373	710	5083	0.00022
Methyloversatilis sp. RAC08	1842540	S	3904	581	4485	0.00019
Sterolibacterium denitrificans	157592	S	2689	817	3506	0.00015
Thiobacillus denitrificans	36861	S	5416	1156	6572	0.00028
Sulfuritortus calidifontis	1914471	S	3462	1629	5091	0.00022
Sideroxydans sp. MIZ01	2764705	S	2031	453	2484	0.00011
Sideroxydans lithotrophicus	63745	S	1643	268	1911	0.00008
Ferrigenium kumadai	1682490	S	2499	555	3054	0.00013
Sulfuriferula plumbiphila	171865	S	1683	324	2007	0.00009
Sulfurimicrobium lacus	2715678	S	2783	381	3164	0.00013
Sulfuricella denitrificans	649841	S	1459	142	1601	0.00007
Chromobacterium sp. ATCC 53434	2059672	S	2992	1742	4734	0.00020
Chromobacterium violaceum	536	S	3026	3669	6695	0.00028
Chromobacterium vaccinii	1108595	S	3008	2650	5658	0.00024
Chromobacterium phragmitis	2202141	S	1798	1684	3482	0.00015
Chromobacterium paludis	2605945	S	1586	1150	2736	0.00012
Jeongeupia sp. USM3	1906741	S	3838	1068	4906	0.00021
Jeongeupia sp. HS-3	1009682	S	1915	395	2310	0.00010
Paludibacterium yongneupense	400061	S	1906	291	2197	0.00009
Paludibacterium paludis	1225769	S	1842	394	2236	0.00009
Paludibacterium sp. B53371	2806263	S	1248	274	1522	0.00006
Pseudogulbenkiania sp. NH8B	748280	S	3427	1249	4676	0.00020
Vogesella sp. LIG4	1192162	S	2286	651	2937	0.00012
Vogesella sp. XCS3	2877939	S	1061	315	1376	0.00006
Microvirgula aerodenitrificans	57480	S	2536	525	3061	0.00013
Laribacter hongkongensis	168471	S	1801	1809	3610	0.00015
Aquaspirillum sp. LM1	1938604	S	1168	187	1355	0.00006
Crenobacter cavernae	2290923	S	4281	2185	6466	0.00027
Chitinolyticbacter meiyuanensis	682798	S	2700	628	3328	0.00014
Vitreoscilla filiformis	63	S	1215	414	1629	0.00007
Casimicrobium huifangae	2591109	S	3074	1551	4625	0.00020
Pseudomonas sp. S34	1573718	S	12889	7456	20345	0.00086
Pseudomonas sp. PDNC002	2811422	S	6649	3159	9808	0.00042
Pseudomonas sp. ATCC 13867	1294143	S	6152	4251	10403	0.00044
Pseudomonas sp. SCB32	2653853	S	5559	2693	8252	0.00035
Pseudomonas sp. UW4	1207075	S	3016	3809	6825	0.00029
Pseudomonas sp. LAB-08	143813	S	2298	879	3177	0.00013
Pseudomonas sp. KNUC1026	2893890	S	1773	217	1990	0.00008
Pseudomonas sp. TCU-HL1	1856685	S	1746	432	2178	0.00009
Pseudomonas sp. Ost2	2678260	S	1726	427	2153	0.00009
Pseudomonas sp. L5B5	2883205	S	1659	733	2392	0.00010
Pseudomonas sp. DY-1	1755504	S	1618	362	1980	0.00008
Pseudomonas sp. LPB0260	2614442	S	1562	440	2002	0.00009
Pseudomonas sp. CC6-YY-74	1930532	S	1452	232	1684	0.00007
Pseudomonas sp. StFLB209	1028989	S	1181	352	1533	0.00007
Pseudomonas sp. Pc102	2678261	S	1164	824	1988	0.00008
Pseudomonas sp. MM211	2866808	S	1154	146	1300	0.00006
Pseudomonas sp. MTM4	2705472	S	1131	246	1377	0.00006
Pseudomonas sp. ABC1	2748080	S	1101	192	1293	0.00005
Pseudomonas sp. 7SR1	1881017	S	1095	315	1410	0.00006
Pseudomonas sp. URMO17WK12:I11	1283291	S	1092	1601	2693	0.00011
Pseudomonas sp. MPC6	2498848	S	1063	475	1538	0.00007
Pseudomonas sp. p1(2021b)	2874628	S	1042	920	1962	0.00008
Pseudomonas sp. CMR5c	658630	S	1014	937	1951	0.00008
Pseudomonas sp. MM213	2866807	S	1004	517	1521	0.00006
Pseudomonas aeruginosa	287	S	12476	124564	137040	0.00582
Pseudomonas multiresinivorans	95301	S	5100	1834	6934	0.00029
Pseudomonas nitroreducens	46680	S	2290	5321	7611	0.00032
Pseudomonas mendocina	300	S	4462	1726	6188	0.00026
Pseudomonas alcaligenes	43263	S	3848	2596	6444	0.00027
Pseudomonas furukawaii	1149133	S	2474	765	3239	0.00014
Pseudomonas resinovorans	53412	S	2517	575	3092	0.00013
Pseudomonas citronellolis	53408	S	1474	2484	3958	0.00017
Pseudomonas fluorescens	294	S	14743	14102	28845	0.00122
Pseudomonas protegens	380021	S	2857	11280	14137	0.00060
Pseudomonas orientalis	76758	S	1963	636	2599	0.00011
Pseudomonas azotoformans	47878	S	1604	764	2368	0.00010
Pseudomonas synxantha	47883	S	1459	1272	2731	0.00012
Pseudomonas rhodesiae	76760	S	1267	537	1804	0.00008
Pseudomonas poae	200451	S	1005	635	1640	0.00007
Pseudomonas putida	303	S	15917	24034	39951	0.00170
Pseudomonas oryzihabitans	47885	S	4030	956	4986	0.00021
Pseudomonas fulva	47880	S	2775	8297	11072	0.00047
Pseudomonas plecoglossicida	70775	S	1070	958	2028	0.00009
Pseudomonas stutzeri	316	S	15280	10594	25874	0.00110
Pseudomonas balearica	74829	S	2579	3211	5790	0.00025
Pseudomonas syringae	317	S	3508	15163	18671	0.00079
Pseudomonas viridiflava	33069	S	2022	233	2255	0.00010
Pseudomonas cichorii	36746	S	1133	106	1239	0.00005
Pseudomonas chlororaphis	587753	S	7272	8979	16251	0.00069
Pseudomonas umsongensis	198618	S	7664	1365	9029	0.00038
Pseudomonas koreensis	198620	S	5882	2647	8529	0.00036
Pseudomonas knackmussii	65741	S	4457	4085	8542	0.00036
Pseudomonas otitidis	319939	S	4132	988	5120	0.00022
Pseudomonas psychrotolerans	237610	S	3941	958	4899	0.00021
Pseudomonas oryzae	1392877	S	3336	1135	4471	0.00019
Pseudomonas entomophila	312306	S	3067	1520	4587	0.00019
Pseudomonas azerbaijanoriens	2842350	S	2643	2058	4701	0.00020
Pseudomonas cavernae	2320867	S	2569	435	3004	0.00013
Pseudomonas guangdongensis	1245526	S	2324	804	3128	0.00013
Pseudomonas lalkuanensis	2604832	S	2254	451	2705	0.00011
Pseudomonas campi	2731681	S	1829	272	2101	0.00009
Pseudomonas vancouverensis	95300	S	1636	288	1924	0.00008
Pseudomonas parafulva	157782	S	1633	529	2162	0.00009
Pseudomonas vanderleydeniana	2745495	S	1628	249	1877	0.00008
Pseudomonas frederiksbergensis	104087	S	1623	555	2178	0.00009
Pseudomonas qingdaonensis	2056231	S	1611	353	1964	0.00008
Pseudomonas eucalypticola	2599595	S	1602	222	1824	0.00008
Pseudomonas alkylphenolica	237609	S	1238	263	1501	0.00006
Pseudomonas rhizosphaerae	216142	S	1228	162	1390	0.00006
Pseudomonas cremoricolorata	157783	S	1209	198	1407	0.00006
Pseudomonas muyukensis	2842357	S	1168	384	1552	0.00007
Pseudomonas brassicacearum	930166	S	1159	2577	3736	0.00016
Pseudomonas tohonis	2725477	S	1155	1046	2201	0.00009
Pseudomonas nanhaiensis	2830842	S	1145	134	1279	0.00005
Pseudomonas argentinensis	289370	S	1142	290	1432	0.00006
Pseudomonas yamanorum	515393	S	1131	288	1419	0.00006
Pseudomonas arsenicoxydans	702115	S	1015	253	1268	0.00005
Azotobacter chroococcum	353	S	3319	2115	5434	0.00023
Azotobacter vinelandii	354	S	2372	0	2372	0.00010
Azotobacter salinestris	69964	S	1971	1043	3014	0.00013
Marinobacter sp. CA1	2817656	S	1012	1677	2689	0.00011
Lysobacter sp. KIS68-7	2904252	S	13798	3146	16944	0.00072
Lysobacter sp. TY2-98	2290922	S	6957	1241	8198	0.00035
Lysobacter sp. 5GHs7-4	2904253	S	4966	1864	6830	0.00029
Lysobacter sp. S4-A87	2925843	S	4209	1873	6082	0.00026
Lysobacter sp. CECT 30171	2822368	S	4117	1134	5251	0.00022
Lysobacter sp. K5869	2820808	S	3800	2710	6510	0.00028
Lysobacter sp. CW239	2762611	S	3193	1973	5166	0.00022
Lysobacter enzymogenes	69	S	15402	7672	23074	0.00098
Lysobacter capsici	435897	S	9714	16907	26621	0.00113
Lysobacter soli	453783	S	9000	2164	11164	0.00047
Lysobacter solisilvae (ex Woo and Kim 2022)	2865112	S	8430	2880	11310	0.00048
Lysobacter solisilvae (ex Kim et al. 2021)	2763317	S	6313	1445	7758	0.00033
Lysobacter antibioticus	84531	S	5980	1620	7600	0.00032
Lysobacter lycopersici	1324796	S	5652	1321	6973	0.00030
Lysobacter maris	1605891	S	4804	1318	6122	0.00026
Lysobacter arenosi	2795387	S	4256	1843	6099	0.00026
Lysobacter alkalisoli	2591633	S	3675	745	4420	0.00019
Lysobacter oculi	2698682	S	3439	1000	4439	0.00019
Stenotrophomonas maltophilia	40324	S	16035	29479	45514	0.00193
Stenotrophomonas sp. ESTM1D_MKCIP4_1	2072414	S	1133	932	2065	0.00009
Stenotrophomonas sp. SAU14A_NAIMI4_5	2072413	S	1095	1475	2570	0.00011
Stenotrophomonas sp. LM091	1904944	S	1998	1100	3098	0.00013
Stenotrophomonas sp. 169	2770322	S	1620	326	1946	0.00008
Stenotrophomonas sp. 364	2691571	S	1366	823	2189	0.00009
Stenotrophomonas rhizophila	216778	S	7067	2283	9350	0.00040
Stenotrophomonas acidaminiphila	128780	S	3628	9689	13317	0.00057
Xanthomonas translucens	343	S	6363	8371	14734	0.00063
Xanthomonas campestris	339	S	4976	4086	9062	0.00038
Xanthomonas sacchari	56458	S	3442	1220	4662	0.00020
Xanthomonas arboricola	56448	S	3030	3411	6441	0.00027
Xanthomonas theicola	56464	S	2374	803	3177	0.00013
Xanthomonas oryzae	347	S	2343	1145	3488	0.00015
Xanthomonas citri	346	S	2110	22193	24303	0.00103
Xanthomonas hyacinthi	56455	S	1782	1120	2902	0.00012
Xanthomonas vesicatoria	56460	S	1469	867	2336	0.00010
Xanthomonas albilineans	29447	S	1428	238	1666	0.00007
Xanthomonas hortorum	56454	S	1409	1041	2450	0.00010
Xanthomonas cucurbitae	56453	S	1349	256	1605	0.00007
Xanthomonas fragariae	48664	S	1286	255	1541	0.00007
Xanthomonas vasicola	56459	S	1068	408	1476	0.00006
Luteimonas sp. S4-F44	2925842	S	4095	811	4906	0.00021
Luteimonas sp. MC1750	2799326	S	3983	1474	5457	0.00023
Luteimonas sp. D4P002	2901869	S	3654	963	4617	0.00020
Luteimonas sp. YGD11-2	2508168	S	3267	1365	4632	0.00020
Luteimonas sp. MC1572	2799325	S	3193	1511	4704	0.00020
Luteimonas sp. JM171	1896164	S	3144	652	3796	0.00016
Luteimonas sp. MC1825	2761107	S	3129	1519	4648	0.00020
Luteimonas granuli	1176533	S	3996	1369	5365	0.00023
Luteimonas chenhongjianii	2006110	S	3173	682	3855	0.00016
Luteimonas yindakuii	2565782	S	3084	1160	4244	0.00018
Pseudoxanthomonas suwonensis	314722	S	7925	4214	12139	0.00052
Pseudoxanthomonas mexicana	128785	S	4382	6833	11215	0.00048
Pseudoxanthomonas sp. X-1	2571115	S	4293	3965	8258	0.00035
Pseudoxanthomonas daejeonensis	266062	S	3202	844	4046	0.00017
Pseudoxanthomonas spadix	415229	S	2491	931	3422	0.00015
Thermomonas sp. XSG	2771436	S	2904	1277	4181	0.00018
Thermomonas sp. HDW16	2714945	S	2277	622	2899	0.00012
Thermomonas brevis	215691	S	4248	1766	6014	0.00026
Thermomonas aquatica	2202149	S	3801	2062	5863	0.00025
Thermomonas carbonis	1463158	S	3180	686	3866	0.00016
Arenimonas daejeonensis	370777	S	5114	1083	6197	0.00026
Pseudolysobacter antarcticus	2511995	S	3271	94	3365	0.00014
Luteibacter sp. 321	2911537	S	3957	1094	5051	0.00021
Luteibacter sp. EIF3	2780091	S	2886	419	3305	0.00014
Luteibacter sp. 335	2911538	S	2694	537	3231	0.00014
Luteibacter sp. 353	2911539	S	2413	679	3092	0.00013
Luteibacter pinisoli	2589080	S	3047	718	3765	0.00016
Luteibacter rhizovicinus	242606	S	3023	393	3416	0.00015
Luteibacter anthropi	564369	S	2236	372	2608	0.00011
Rhodanobacter denitrificans	666685	S	6175	2401	8576	0.00036
Rhodanobacter sp. FDAARGOS 1247	2778082	S	5010	1703	6713	0.00029
Rhodanobacter thiooxydans	416169	S	3610	1700	5310	0.00023
Rhodanobacter glycinis	582702	S	2784	492	3276	0.00014
Dyella thiooxydans	445710	S	7892	2338	10230	0.00043
Dyella japonica	231455	S	2955	848	3803	0.00016
Dyella telluris	2763498	S	2749	698	3447	0.00015
Dyella terrae	522259	S	2176	297	2473	0.00011
Dyella caseinilytica	1849581	S	1697	129	1826	0.00008
Dyella sp. M7H15-1	2501295	S	1047	107	1154	0.00005
Frateuria sp. 5GH9-34	2898793	S	6271	1938	8209	0.00035
Frateuria sp. 5GH9-11	1542730	S	4505	1764	6269	0.00027
Frateuria aurantia	81475	S	1350	176	1526	0.00006
Dokdonella koreensis	323415	S	9723	1747	11470	0.00049
Aerosticca soli	2010829	S	4023	5392	9415	0.00040
Ahniella affigens	2021234	S	2139	59	2198	0.00009
Klebsiella pneumoniae	573	S	1668	65234	66902	0.00284
Klebsiella quasipneumoniae	1463165	S	1207	4807	6014	0.00026
Enterobacter cloacae	550	S	1648	7994	9642	0.00041
Salmonella enterica	28901	S	2033	93751	95784	0.00407
Pluralibacter gergoviae	61647	S	1455	428	1883	0.00008
Escherichia coli	562	S	1445	40992	42437	0.00180
Cedecea neteri	158822	S	1125	298	1423	0.00006
Serratia marcescens	615	S	3319	12122	15441	0.00066
Serratia plymuthica	82996	S	1176	1046	2222	0.00009
Nissabacter sp. SGAir0207	2126321	S	1303	241	1544	0.00007
Pantoea sp. Z09	2886821	S	1046	694	1740	0.00007
Pantoea agglomerans	549	S	2329	1900	4229	0.00018
Pantoea dispersa	59814	S	1828	838	2666	0.00011
Thioalkalivibrio nitratireducens	186931	S	2569	673	3242	0.00014
Thioalkalivibrio paradoxus	108010	S	2551	739	3290	0.00014
Thioalkalivibrio sulfidiphilus	1033854	S	2504	1477	3981	0.00017
Thioalkalivibrio sp. K90mix	396595	S	2117	263	2380	0.00010
Thioalkalivibrio versutus	106634	S	2085	270	2355	0.00010
Spiribacter sp. E85	2182432	S	5368	539	5907	0.00025
Spiribacter curvatus	1335757	S	1273	101	1374	0.00006
Acidihalobacter aeolianus	2792603	S	2303	318	2621	0.00011
Acidihalobacter ferrooxydans	1765967	S	1981	208	2189	0.00009
Acidihalobacter yilgarnensis	2819280	S	1299	87	1386	0.00006
Halorhodospira halophila	1053	S	2342	274	2616	0.00011
Aquisalimonas sp. 2447	2740807	S	2537	172	2709	0.00012
Alkalilimnicola ehrlichii	351052	S	2407	305	2712	0.00012
Candidatus Thiodictyon syntrophicum	1166950	S	4866	255	5121	0.00022
Allochromatium tepidum	553982	S	2036	931	2967	0.00013
Allochromatium vinosum	1049	S	1888	700	2588	0.00011
Marichromatium purpuratum	37487	S	4309	816	5125	0.00022
Thioflavicoccus mobilis	80679	S	4209	385	4594	0.00020
Thiocapsa bogorovii	521689	S	3365	174	3539	0.00015
Thiocystis violascens	73141	S	2636	219	2855	0.00012
Thermochromatium tepidum	1050	S	1510	319	1829	0.00008
Caldichromatium japonicum	2699430	S	1167	129	1296	0.00006
Wenzhouxiangella marina	1579979	S	2659	177	2836	0.00012
Wenzhouxiangella sp. AB-CW3	2771012	S	1703	78	1781	0.00008
Guyparkeria halophila	47960	S	2667	675	3342	0.00014
Sulfurivermis fontis	1972068	S	2468	955	3423	0.00015
Halothiobacillus sp. LS2	1860122	S	1109	108	1217	0.00005
Woeseia oceani	1548547	S	1228	22	1250	0.00005
Halomonas sp. THAF5a	2587844	S	2669	2110	4779	0.00020
Halomonas sp. 1513	1883416	S	2083	1365	3448	0.00015
Halomonas sp. THAF12	2587849	S	1984	1967	3951	0.00017
Halomonas sp. HG01	1609967	S	1809	1342	3151	0.00013
Halomonas sp. YLGW01	2773308	S	1682	516	2198	0.00009
Halomonas sp. MCCC 1A13316	2733487	S	1546	506	2052	0.00009
Halomonas sp. JS92-SW72	2306583	S	1423	2343	3766	0.00016
Halomonas sp. PGE1	2730360	S	1210	2479	3689	0.00016
Halomonas beimenensis	475662	S	2789	1320	4109	0.00017
Halomonas aestuarii	1897729	S	2179	1225	3404	0.00014
Halomonas socia	1081866	S	1990	1212	3202	0.00014
Halomonas elongata	2746	S	1614	353	1967	0.00008
Halomonas tianxiuensis	2497861	S	1612	1263	2875	0.00012
Halomonas sulfidivorans	2733488	S	1594	1001	2595	0.00011
Halomonas chromatireducens	507626	S	1288	261	1549	0.00007
Halotalea alkalilenta	376489	S	2772	719	3491	0.00015
Salinicola tamaricis	1771309	S	2574	614	3188	0.00014
Chromohalobacter salexigens	158080	S	1757	423	2180	0.00009
Pistricoccus aurantiacus	1883414	S	1175	155	1330	0.00006
Alcanivorax sp. N3-2A	2014542	S	2088	3171	5259	0.00022
Alcanivorax pacificus	1306787	S	1512	600	2112	0.00009
Marinobacterium aestuarii	1821621	S	1066	134	1200	0.00005
Aeromonas hydrophila	644	S	2606	11618	14224	0.00060
Aeromonas veronii	654	S	1747	5579	7326	0.00031
Aeromonas encheleia	73010	S	1199	533	1732	0.00007
Aeromonas media	651	S	1157	2734	3891	0.00017
Aeromonas schubertii	652	S	1140	384	1524	0.00006
Aeromonas salmonicida	645	S	1075	1573	2648	0.00011
Zobellella denitrificans	347534	S	1867	499	2366	0.00010
Methylococcus sp. EFPC2	2812648	S	2391	238	2629	0.00011
Methylococcus sp. Mc7	2860258	S	2205	720	2925	0.00012
Methylococcus capsulatus	414	S	1990	526	2516	0.00011
Methylococcus geothermalis	2681310	S	1733	512	2245	0.00010
Methylomagnum ishizawai	1760988	S	2817	183	3000	0.00013
Methylomicrobium album	39775	S	1965	134	2099	0.00009
Methylogaea oryzae	1295382	S	2262	261	2523	0.00011
Methylocaldum marinum	1432792	S	2205	175	2380	0.00010
Solimonas sp. K1W22B-7	2303331	S	8626	897	9523	0.00040
Flagellatimonas centrodinii	2806210	S	2506	161	2667	0.00011
Sinimarinibacterium sp. NLF-5-8	2698684	S	1300	724	2024	0.00009
Steroidobacter denitrificans	465721	S	5417	1503	6920	0.00029
Microbulbifer sp. YPW16	2904242	S	1110	703	1813	0.00008
Kineobactrum salinum	2708301	S	1505	184	1689	0.00007
Sulfurifustis variabilis	1675686	S	9080	590	9670	0.00041
Sulfuricaulis limicola	1620215	S	3770	294	4064	0.00017
Acidiferrobacter sp. SPIII_3	1281578	S	1347	320	1667	0.00007
Acidiferrobacter thiooxydans	163359	S	1169	280	1449	0.00006
Candidatus Endoriftia persephone	393765	S	1307	87	1394	0.00006
Immundisolibacter cernigliae	1810504	S	4177	796	4973	0.00021
Salinisphaera sp. LB1	2183911	S	2886	127	3013	0.00013
endosymbiont of unidentified scaly snail isolate Monju	1248727	S	2135	188	2323	0.00010
Anaeromyxobacter sp. Red232	2918170	S	27742	3105	30847	0.00131
Anaeromyxobacter sp. Fw109-5	404589	S	20904	2848	23752	0.00101
Anaeromyxobacter sp. Red630	2918171	S	20055	2777	22832	0.00097
Anaeromyxobacter sp. K	447217	S	4773	9713	14486	0.00062
Anaeromyxobacter dehalogenans	161493	S	15548	11730	27278	0.00116
Myxococcus xanthus	34	S	13653	61879	75532	0.00321
Myxococcus hansupus	1297742	S	7541	620	8161	0.00035
Myxococcus stipitatus	83455	S	6420	683	7103	0.00030
Myxococcus sp. SCHIC003	2813577	S	5496	592	6088	0.00026
Corallococcus coralloides	184914	S	15368	5659	21027	0.00089
Corallococcus macrosporus	35	S	8344	1398	9742	0.00041
Corallococcus sp. EGB	1521117	S	8055	2693	10748	0.00046
Pyxidicoccus sp. SCPEA002	2813578	S	17805	840	18645	0.00079
Archangium violaceum	83451	S	31216	6264	37480	0.00159
Archangium gephyra	48	S	15187	3540	18727	0.00080
Stigmatella aurantiaca	41	S	13045	1084	14129	0.00060
Cystobacter fuscus	43	S	12573	3444	16017	0.00068
Melittangium boletus	83453	S	9380	2340	11720	0.00050
Vulgatibacter incomptus	1391653	S	11435	923	12358	0.00052
Sorangium cellulosum	56	S	134596	16021	150617	0.00640
Polyangium aurulentum	2567896	S	35043	3254	38297	0.00163
Chondromyces crocatus	52	S	16941	772	17713	0.00075
Sandaracinus amylolyticus	927083	S	54608	3236	57844	0.00246
Labilithrix luteola	1391654	S	26304	1161	27465	0.00117
Haliangium ochraceum	80816	S	21751	1160	22911	0.00097
Geomonas sp. RF6	2897342	S	3851	467	4318	0.00018
Geomonas paludis	2740185	S	2998	1353	4351	0.00018
Geomonas nitrogeniifigens	2847991	S	2924	1358	4282	0.00018
Geomonas subterranea	2847989	S	2518	1054	3572	0.00015
Geomonas oryzisoli	2847992	S	2326	1143	3469	0.00015
Geobacter sp. FeAm09	2597769	S	2435	298	2733	0.00012
Geobacter sp. SVR	2495594	S	1811	246	2057	0.00009
Geobacter sp. DSM 9736	1277350	S	1096	75	1171	0.00005
Geobacter sulfurreducens	35554	S	2787	555	3342	0.00014
Geobacter pickeringii	345632	S	2776	637	3413	0.00014
Geobacter metallireducens	28232	S	1609	331	1940	0.00008
Geobacter benzoatilyticus	2815309	S	1120	219	1339	0.00006
Citrifermentans bemidjiense	225194	S	2461	842	3303	0.00014
Citrifermentans bremense	60035	S	2402	896	3298	0.00014
Geotalea uraniireducens	351604	S	1508	115	1623	0.00007
Geoalkalibacter subterraneus	483547	S	1141	924	2065	0.00009
Desulfuromonas versatilis	2802975	S	4220	748	4968	0.00021
Desulfuromonas sp. DDH964	1823759	S	2893	532	3425	0.00015
Desulfuromonas soudanensis	1603606	S	2522	288	2810	0.00012
Pelobacter propionicus	29543	S	1689	580	2269	0.00010
Pseudodesulfovibrio mercurii	641491	S	2304	541	2845	0.00012
Pseudodesulfovibrio indicus	1716143	S	1998	419	2417	0.00010
Pseudodesulfovibrio aespoeensis	182210	S	1530	1018	2548	0.00011
Pseudodesulfovibrio cashew	2678688	S	1177	229	1406	0.00006
Pseudodesulfovibrio tunisiensis	463192	S	1051	105	1156	0.00005
Desulfovibrio sp. IOR2	2583823	S	1393	302	1695	0.00007
Desulfovibrio vulgaris	881	S	1691	67	1758	0.00007
Desulfovibrio sulfodismutans	63561	S	1589	390	1979	0.00008
Desulfovibrio desulfuricans	876	S	1397	430	1827	0.00008
Desulfovibrio piger	901	S	1179	259	1438	0.00006
Desulfovibrio fairfieldensis	44742	S	1054	110	1164	0.00005
Solidesulfovibrio carbinoliphilus	345370	S	2949	357	3306	0.00014
Solidesulfovibrio magneticus	184917	S	1343	740	2083	0.00009
Solidesulfovibrio carbinolicus	296842	S	1341	999	2340	0.00010
Oceanidesulfovibrio marinus	370038	S	2720	165	2885	0.00012
Desulfocurvibacter africanus	873	S	2098	155	2253	0.00010
Desulfolutivibrio sulfoxidireducens	2773299	S	1925	503	2428	0.00010
Megalodesulfovibrio gigas	879	S	1660	80	1740	0.00007
Desulfomicrobium baculatum	899	S	1417	105	1522	0.00006
Desulfosarcina ovata	83564	S	1782	88	1870	0.00008
Desulfosarcina alkanivorans	571177	S	1603	618	2221	0.00009
Desulfosarcina widdelii	947919	S	1368	140	1508	0.00006
Desulfococcus multivorans	897	S	1188	238	1426	0.00006
Desulfobulbus propionicus	894	S	1438	86	1524	0.00006
Desulfobulbus oralis	1986146	S	1004	204	1208	0.00005
Desulfurivibrio alkaliphilus	427923	S	1049	56	1105	0.00005
Desulfosudis oleivorans	181663	S	1091	63	1154	0.00005
Persicimonas caeni	2292766	S	8452	256	8708	0.00037
Bradymonas sediminis	1548548	S	2999	206	3205	0.00014
Syntrophobacter fumaroxidans	119484	S	1902	718	2620	0.00011
Desulfoglaeba alkanexedens	361111	S	1429	70	1499	0.00006
Desulfarculus baarsii	453230	S	3183	1704	4887	0.00021
Bdellovibrio bacteriovorus	959	S	1062	175	1237	0.00005
Hydrogenophilus thermoluteolus	297	S	1128	237	1365	0.00006
Gemmata obscuriglobus	114	S	21141	3111	24252	0.00103
Gemmata massiliana	1210884	S	9739	4065	13804	0.00059
Gemmata sp. SH-PL17	1630693	S	9009	4236	13245	0.00056
Urbifossiella limnaea	2528023	S	41379	3617	44996	0.00191
Frigoriglobus tundricola	2774151	S	25988	4231	30219	0.00128
Limnoglobus roseus	2598579	S	20690	963	21653	0.00092
Tuwongella immobilis	692036	S	2603	105	2708	0.00011
Telmatocola sphagniphila	1123043	S	2052	19	2071	0.00009
Aquisphaera giovannonii	406548	S	28218	4315	32533	0.00138
Tautonia plasticadhaerens	2527974	S	25815	2086	27901	0.00118
Paludisphaera borealis	1387353	S	20123	3887	24010	0.00102
Singulisphaera acidiphila	466153	S	18273	2358	20631	0.00088
Isosphaera pallida	128	S	2991	190	3181	0.00014
Lacipirellula parvula	2650471	S	11601	1199	12800	0.00054
Lacipirellula limnantheis	2528024	S	11010	1326	12336	0.00052
Pirellulimonas nuda	2528009	S	8844	881	9725	0.00041
Botrimarina mediterranea	2528022	S	7487	642	8129	0.00035
Aeoliella mucimassa	2527972	S	3066	230	3296	0.00014
Adhaeretor mobilis	1930276	S	1752	152	1904	0.00008
Bythopirellula goksoeyrii	1400387	S	1585	103	1688	0.00007
Stieleria neptunia	2527979	S	3293	310	3603	0.00015
Stieleria maiorica	2795974	S	3250	557	3807	0.00016
Lignipirellula cremea	2528010	S	6390	625	7015	0.00030
Rosistilla oblonga	2527990	S	1934	839	2773	0.00012
Rosistilla carotiformis	2528017	S	1325	505	1830	0.00008
Rosistilla ulvae	1930277	S	1144	615	1759	0.00007
Anatilimnocola aggregata	2528021	S	5606	519	6125	0.00026
Pirellula staleyi	125	S	3051	98	3149	0.00013
Pirellula sp. SH-Sr6A	1632865	S	1031	24	1055	0.00004
Bremerella volcania	2527984	S	3923	252	4175	0.00018
Roseimaritima ulvae	980254	S	2725	163	2888	0.00012
Rubripirellula lacrimiformis	1930273	S	1677	274	1951	0.00008
Mariniblastus fucicola	980251	S	1191	19	1210	0.00005
Rhodopirellula baltica	265606	S	1093	66	1159	0.00005
Aureliella helgolandensis	2527968	S	1067	73	1140	0.00005
Thermogutta terrifontis	1331910	S	1138	31	1169	0.00005
Planctomyces sp. SH-PL62	1636152	S	16677	5305	21982	0.00093
Planctomyces sp. SH-PL14	1632864	S	10278	590	10868	0.00046
Caulifigura coniformis	2527983	S	9731	590	10321	0.00044
Gimesia panareensis	2527978	S	2429	378	2807	0.00012
Gimesia chilikensis	2605989	S	1455	1565	3020	0.00013
Alienimonas californiensis	2527989	S	6553	450	7003	0.00030
Maioricimonas rarisocia	2528026	S	6477	748	7225	0.00031
Symmachiella dynata	2527995	S	3036	164	3200	0.00014
Fuerstiella marisgermanici	1891926	S	1785	28	1813	0.00008
Rubinisphaera brasiliensis	119	S	1644	149	1793	0.00008
Crateriforma conspicua	2527996	S	1508	272	1780	0.00008
Calycomorphotria hydatis	2528027	S	1332	45	1377	0.00006
Humisphaera borealis	2807512	S	11464	277	11741	0.00050
Phycisphaera mikurensis	547188	S	6130	482	6612	0.00028
Mucisphaera calidilacus	2527982	S	2663	138	2801	0.00012
Opitutus sp. GAS368	1882749	S	12886	1568	14454	0.00061
Opitutus terrae	107709	S	8971	350	9321	0.00040
Lacunisphaera limnophila	1838286	S	7681	890	8571	0.00036
Oleiharenicola sp. KSB-15	2862869	S	4245	193	4438	0.00019
Nibricoccus aquaticus	2576891	S	4079	153	4232	0.00018
Ereboglobus luteus	1796921	S	2643	111	2754	0.00012
Ruficoccus sp. ZRK36	2866311	S	1423	223	1646	0.00007
Roseimicrobium sp. ORNL1	2711231	S	11732	307	12039	0.00051
Verrucomicrobium sp. GAS474	1882831	S	4384	398	4782	0.00020
Verrucomicrobium spinosum	2736	S	2940	128	3068	0.00013
Luteolibacter ambystomatis	2824561	S	2842	166	3008	0.00013
Luteolibacter luteus	2728835	S	2607	103	2710	0.00012
Akkermansia muciniphila	239935	S	1785	206	1991	0.00008
Methylacidimicrobium sp. AP8	2730359	S	1197	134	1331	0.00006
Methylacidimicrobium sp. B4	2796139	S	1160	172	1332	0.00006
Kiritimatiella glycovorans	1307763	S	1624	1568	3192	0.00014
Hymenobacter sp. 5317J-9	2932250	S	1783	1103	2886	0.00012
Hymenobacter sp. PAMC 26628	1484118	S	1747	1105	2852	0.00012
Hymenobacter sp. PAMC 26554	1484116	S	1530	363	1893	0.00008
Hymenobacter sp. APR13	1356852	S	1488	1845	3333	0.00014
Hymenobacter sp. BRD128	2675878	S	1339	450	1789	0.00008
Hymenobacter sp. 5116S-3	2932248	S	1060	492	1552	0.00007
Hymenobacter sp. 5116S-27	2932249	S	1050	494	1544	0.00007
Hymenobacter monticola	1705399	S	1843	831	2674	0.00011
Hymenobacter busanensis	2607656	S	1534	387	1921	0.00008
Hymenobacter sedentarius	1411621	S	1444	508	1952	0.00008
Hymenobacter nivis	1850093	S	1309	837	2146	0.00009
Hymenobacter oligotrophus	2319843	S	1044	241	1285	0.00005
Pontibacter russatus	2694929	S	1391	423	1814	0.00008
Spirosoma sp. CJU-R4	2728024	S	1005	503	1508	0.00006
Chryseolinea soli	2321403	S	5570	260	5830	0.00025
Dyadobacter fermentans	94254	S	1243	177	1420	0.00006
Fibrella aestuarina	651143	S	1358	190	1548	0.00007
Niastella koreensis	354356	S	13746	1045	14791	0.00063
Flavisolibacter ginsenosidimutans	661481	S	1050	62	1112	0.00005
Panacibacter ginsenosidivorans	1813871	S	1385	53	1438	0.00006
Paraflavitalea soli	2315862	S	1099	62	1161	0.00005
Chryseobacterium sp. T16E-39	2015076	S	2373	1338	3711	0.00016
Alistipes communis	2585118	S	1217	2240	3457	0.00015
Alistipes dispar	2585119	S	1199	404	1603	0.00007
Alistipes onderdonkii	328813	S	1073	3210	4283	0.00018
Rhodothermus marinus	29549	S	6413	399	6812	0.00029
Rhodocaloribacter litoris	2558931	S	6321	735	7056	0.00030
Salinibacter ruber	146919	S	4369	90	4459	0.00019
Chlorobaculum limnaeum	274537	S	1503	580	2083	0.00009
Gemmatirosa kalamazoonesis	861299	S	97097	9321	106418	0.00452
Gemmatimonas groenlandica	2732249	S	12910	1351	14261	0.00061
Gemmatimonas aurantiaca	173480	S	8956	841	9797	0.00042
Gemmatimonas phototrophica	1379270	S	7764	980	8744	0.00037
Luteitalea sp. TBR-22	2802971	S	43464	7730	51194	0.00217
Luteitalea pratensis	1855912	S	39247	4418	43665	0.00185
Granulicella sp. WH15	2602070	S	4779	811	5590	0.00024
Granulicella sp. 5B5	1617967	S	3821	584	4405	0.00019
Granulicella mallensis	940614	S	3690	414	4104	0.00017
Granulicella tundricola	940615	S	2943	362	3305	0.00014
Terriglobus roseus	392734	S	5074	996	6070	0.00026
Terriglobus albidus	1592106	S	3895	353	4248	0.00018
Terriglobus saanensis	870903	S	2425	294	2719	0.00012
Candidatus Koribacter versatilis	658062	S	9114	309	9423	0.00040
Acidobacterium capsulatum	33075	S	4486	533	5019	0.00021
Acidobacterium sp. 4Y35	2763107	S	4446	295	4741	0.00020
Edaphobacter sp. 12200R-103	2703788	S	3447	552	3999	0.00017
Edaphobacter sp. 4G125	2763071	S	1699	231	1930	0.00008
Acidisarcina polymorpha	2211140	S	3319	233	3552	0.00015
Paludibaculum fermentans	1473598	S	12655	374	13029	0.00055
Chloracidobacterium aggregatum	2851959	S	1949	2264	4213	0.00018
Chloracidobacterium validum	2821543	S	1565	33	1598	0.00007
Sulfidibacter corallicola	2818388	S	3874	81	3955	0.00017
Nitrospira moscoviensis	42253	S	7148	439	7587	0.00032
Nitrospira japonica	1325564	S	3555	275	3830	0.00016
Candidatus Nitrospira inopinata	1715989	S	2404	143	2547	0.00011
Nitrospira sp. KM1	1936990	S	2162	127	2289	0.00010
Spirochaeta thermophila	154	S	1071	108	1179	0.00005
Pyramidobacter piscolens	638849	S	1305	91	1396	0.00006
Fretibacterium fastidiosum	651822	S	1130	18	1148	0.00005
Aminomonas paucivorans	81412	S	1017	131	1148	0.00005
Candidatus Bipolaricaulis anaerobius	2026885	S	1120	51	1171	0.00005
Fusarium acuminatum	5515	S	11919	2090	14009	0.00059
Fusarium decemcellulare	57161	S	1183	50	1233	0.00005
Trichoderma citrinoviride	58853	S	1086	3540	4626	0.00020
Beauveria felina	37994	S	1838	1690	3528	0.00015
Cordyceps fumosorosea	114497	S	2831	298	3129	0.00013
Metarhizium album	92629	S	1173	1510	2683	0.00011
Ustilaginoidea virens	1159556	S	1783	174	1957	0.00008
Purpureocillium lilacinum	33203	S	3684	479	4163	0.00018
Drechmeria coniospora	98403	S	2482	187	2669	0.00011
Clonostachys rosea	29856	S	1285	168	1453	0.00006
Colletotrichum higginsianum	80884	S	3513	860	4373	0.00019
Thermothielavioides terrestris	2587410	S	4662	279	4941	0.00021
Thermothelomyces thermophilus	78579	S	3620	160	3780	0.00016
Neurospora crassa	5141	S	1259	59	1318	0.00006
Pyricularia pennisetigena	1578925	S	1351	178	1529	0.00006
Pyricularia oryzae	318829	S	1292	289	1581	0.00007
Pyricularia grisea	148305	S	1040	133	1173	0.00005
Aspergillus chevalieri	182096	S	13700	1218	14918	0.00063
Aspergillus puulaauensis	1220207	S	3469	124	3593	0.00015
Talaromyces rugulosus	121627	S	1292	72	1364	0.00006
Paraphaeosphaeria minitans	565426	S	1363	464	1827	0.00008
Pseudozyma flocculosa	84751	S	4956	58	5014	0.00021
Sporisorium graminicola	280036	S	1155	199	1354	0.00006
Phlebiopsis gigantea	82310	S	1873	20	1893	0.00008
Phytophthora cinnamomi	4785	S	3491	500	3991	0.00017
Phytophthora fragariae	53985	S	2744	331	3075	0.00013
Phytophthora cryptogea	4786	S	1509	107	1616	0.00007
Phytophthora infestans	4787	S	1494	2301	3795	0.00016
Phytophthora cactorum	29920	S	1067	136	1203	0.00005
Pythium aphanidermatum	65070	S	1381	21	1402	0.00006
