name	taxonomy_id	taxonomy_lvl	kraken_assigned_reads	added_reads	new_est_reads	fraction_total_reads
Streptomycetales	85011	O	3599904	787155	4387059	0.12285
Micrococcales	85006	O	2786660	390248	3176908	0.08896
Propionibacteriales	85009	O	2402931	433071	2836002	0.07942
Corynebacteriales	85007	O	1898502	227429	2125931	0.05953
Pseudonocardiales	85010	O	1587861	232525	1820386	0.05098
Micromonosporales	85008	O	1413833	188890	1602723	0.04488
Streptosporangiales	85012	O	678715	106701	785416	0.02199
Geodermatophilales	1643682	O	554558	136492	691050	0.01935
Actinomycetales	2037	O	90043	12820	102863	0.00288
Frankiales	85013	O	82057	7971	90028	0.00252
Jiangellales	1217098	O	68099	11714	79813	0.00223
Nakamurellales	1643684	O	34945	4640	39585	0.00111
Bifidobacteriales	85004	O	31142	7968	39110	0.00110
Catenulisporales	414714	O	20393	2888	23281	0.00065
Jatrophihabitantales	2805415	O	15199	1300	16499	0.00046
Kineosporiales	622452	O	14208	3818	18026	0.00050
Glycomycetales	85014	O	13531	1072	14603	0.00041
Sporichthyales	2495578	O	7375	3411	10786	0.00030
Actinopolysporales	622450	O	7000	699	7699	0.00022
Acidothermales	1643683	O	3951	202	4153	0.00012
Candidatus Nanopelagicales	2039638	O	834	15	849	0.00002
Solirubrobacterales	588673	O	527125	77842	604967	0.01694
Miltoncostaeales	2843198	O	87851	11315	99166	0.00278
Rubrobacterales	84996	O	496012	39932	535944	0.01501
Acidimicrobiales	84993	O	182692	19853	202545	0.00567
Eggerthellales	1643822	O	26554	4278	30832	0.00086
Coriobacteriales	84999	O	19674	3794	23468	0.00066
Euzebyales	908621	O	14251	1178	15429	0.00043
Egibacterales	1747768	O	13469	800	14269	0.00040
Egicoccales	1755823	O	13083	2007	15090	0.00042
Bacillales	1385	O	342083	198254	540337	0.01513
Lactobacillales	186826	O	12138	6113	18251	0.00051
Eubacteriales	186802	O	64390	12651	77041	0.00216
Thermoanaerobacterales	68295	O	7341	1014	8355	0.00023
Halanaerobiales	53433	O	719	37	756	0.00002
Thermosediminibacterales	2770089	O	555	26	581	0.00002
Natranaerobiales	485256	O	165	6	171	0.00000
Koleobacterales	2786987	O	113	8	121	0.00000
Selenomonadales	909929	O	7462	397	7859	0.00022
Veillonellales	1843489	O	1919	562	2481	0.00007
Acidaminococcales	1843488	O	914	186	1100	0.00003
Limnochordales	1676649	O	5765	212	5977	0.00017
Erysipelotrichales	526525	O	1681	707	2388	0.00007
Tissierellales	1737405	O	1157	1308	2465	0.00007
Deinococcales	118964	O	64954	3513	68467	0.00192
Thermales	68933	O	24883	1415	26298	0.00074
Trueperales	2762275	O	5228	256	5484	0.00015
Synechococcales	1890424	O	37280	2343	39623	0.00111
Oscillatoriales	1150	O	11586	751	12337	0.00035
Chroococcales	1118	O	1906	210	2116	0.00006
Nostocales	1161	O	12898	1017	13915	0.00039
Pseudanabaenales	2881377	O	9644	510	10154	0.00028
Gloeobacterales	307595	O	8364	160	8524	0.00024
Chroococcidiopsidales	1890505	O	916	98	1014	0.00003
Pleurocapsales	52604	O	389	30	419	0.00001
Gloeomargaritales	1955042	O	208	5	213	0.00001
Thermostichales	2881383	O	160	70	230	0.00001
Sphaerobacterales	85001	O	16498	876	17374	0.00049
Thermomicrobiales	189776	O	3646	69	3715	0.00010
Chloroflexales	32064	O	11006	346	11352	0.00032
Tepidiformales	2682226	O	8000	313	8313	0.00023
Ardenticatenales	1382929	O	7463	139	7602	0.00021
Caldilineales	475963	O	3870	212	4082	0.00011
Anaerolineales	292629	O	2601	1774	4375	0.00012
Dehalococcoidales	1202465	O	570	1872	2442	0.00007
Ktedonobacterales	388448	O	1488	38	1526	0.00004
Phototrophicales	2364208	O	988	9	997	0.00003
Fimbriimonadales	1663425	O	3672	20	3692	0.00010
Chthonomonadales	1077263	O	786	6	792	0.00002
Mycoplasmatales	2085	O	580	125	705	0.00002
Acholeplasmatales	186329	O	316	28	344	0.00001
Entomoplasmatales	186328	O	309	24	333	0.00001
Hyphomicrobiales	356	O	3415082	205007	3620089	0.10137
Sphingomonadales	204457	O	1147511	104483	1251994	0.03506
Rhodospirillales	204441	O	756649	450631	1207280	0.03381
Rhodobacterales	204455	O	513094	36142	549236	0.01538
Caulobacterales	204458	O	232073	22522	254595	0.00713
Maricaulales	2800059	O	10845	1018	11863	0.00033
Hyphomonadales	2800060	O	8824	315	9139	0.00026
Parvularculales	255473	O	3145	188	3333	0.00009
Rickettsiales	766	O	1404	27	1431	0.00004
Emcibacterales	2066490	O	1341	1365	2706	0.00008
Holosporales	1921002	O	400	12	412	0.00001
Magnetococcales	1191478	O	389	10	399	0.00001
Pelagibacterales	54526	O	171	3	174	0.00000
Kordiimonadales	362534	O	171	3	174	0.00000
Burkholderiales	80840	O	2216383	532119	2748502	0.07696
Rhodocyclales	206389	O	144099	38653	182752	0.00512
Nitrosomonadales	32003	O	136224	12283	148507	0.00416
Neisseriales	206351	O	83485	20088	103573	0.00290
Xanthomonadales	135614	O	695237	113503	808740	0.02265
Pseudomonadales	72274	O	542182	173642	715824	0.02004
Enterobacterales	91347	O	166669	267389	434058	0.01215
Chromatiales	135613	O	106106	7696	113802	0.00319
Oceanospirillales	135619	O	101867	13770	115637	0.00324
Aeromonadales	135624	O	39264	25926	65190	0.00183
Methylococcales	135618	O	31865	1427	33292	0.00093
Nevskiales	1775403	O	21491	3459	24950	0.00070
Cellvibrionales	1706369	O	21001	988	21989	0.00062
Acidiferrobacterales	1692040	O	18645	871	19516	0.00055
Alteromonadales	135622	O	18424	2327	20751	0.00058
Vibrionales	135623	O	10631	2095	12726	0.00036
Moraxellales	2887326	O	6092	2463	8555	0.00024
Immundisolibacterales	1934945	O	4969	5784	10753	0.00030
Thiotrichales	72273	O	3770	229	3999	0.00011
Salinisphaerales	742030	O	3363	135	3498	0.00010
Legionellales	118969	O	2807	3076	5883	0.00016
Pasteurellales	135625	O	2181	956	3137	0.00009
Cardiobacteriales	135615	O	2039	264	2303	0.00006
Kangiellales	2887327	O	308	19	327	0.00001
Orbales	1240482	O	149	30	179	0.00001
Myxococcales	29	O	939128	55061	994189	0.02784
Desulfuromonadales	69541	O	70643	5654	76297	0.00214
Desulfovibrionales	213115	O	53032	4054	57086	0.00160
Desulfobacterales	213118	O	17696	1456	19152	0.00054
Bradymonadales	1779134	O	14409	402	14811	0.00041
Desulfarculales	453227	O	3974	1985	5959	0.00017
Syntrophobacterales	213462	O	3898	838	4736	0.00013
Syntrophales	2914038	O	1973	595	2568	0.00007
Campylobacterales	213849	O	7049	412	7461	0.00021
Nautiliales	235899	O	623	37	660	0.00002
Acidithiobacillales	225057	O	3917	412	4329	0.00012
Bdellovibrionales	213481	O	1826	25	1851	0.00005
Bacteriovoracales	2024979	O	302	3	305	0.00001
Silvanigrellales	2024973	O	108	3	111	0.00000
Hydrogenophilales	119069	O	1192	237	1429	0.00004
Mariprofundales	580371	O	733	22	755	0.00002
Gemmatales	2691355	O	190606	6200	196806	0.00551
Isosphaerales	2691356	O	134603	12229	146832	0.00411
Pirellulales	2691354	O	111998	2537	114535	0.00321
Planctomycetales	112	O	94572	8707	103279	0.00289
Tepidisphaerales	1771349	O	24879	614	25493	0.00071
Phycisphaerales	666506	O	13074	785	13859	0.00039
Sedimentisphaerales	2483366	O	1264	86	1350	0.00004
Candidatus Brocadiales	1127829	O	269	1	270	0.00001
Candidatus Uabimicrobiales	2897347	O	174	3	177	0.00000
Opitutales	415000	O	44949	1629	46578	0.00130
Puniceicoccales	415001	O	2033	243	2276	0.00006
Verrucomicrobiales	48461	O	26711	3987	30698	0.00086
Methylacidiphilales	717963	O	275	273	548	0.00002
Kiritimatiellales	1921782	O	2017	2075	4092	0.00011
Tichowtungiales	2907185	O	689	19	708	0.00002
Parachlamydiales	1963360	O	442	4	446	0.00001
Chlamydiales	51291	O	250	598	848	0.00002
Cytophagales	768507	O	115852	2827	118679	0.00332
Chitinophagales	1853229	O	45913	711	46624	0.00131
Flavobacteriales	200644	O	35010	2970	37980	0.00106
Bacteroidales	171549	O	26656	6243	32899	0.00092
Marinilabiliales	1970189	O	671	18	689	0.00002
Bacteroidetes Order II. Incertae sedis	1100069	O	23744	1171	24915	0.00070
Sphingobacteriales	200666	O	18360	1799	20159	0.00056
Saprospirales	1936988	O	844	12	856	0.00002
Candidatus Sulfidibacteriales	2923288	O	198	6	204	0.00001
Chlorobiales	191411	O	7629	888	8517	0.00024
Ignavibacteriales	795748	O	333	6	339	0.00001
Gemmatimonadales	219686	O	165612	10227	175839	0.00492
Fibrobacterales	218872	O	284	95	379	0.00001
Vicinamibacterales	2910145	O	150806	8457	159263	0.00446
Acidobacteriales	204433	O	53224	1217	54441	0.00152
Bryobacterales	332160	O	13213	7532	20745	0.00058
Acanthopleuribacterales	533206	O	4411	88	4499	0.00013
Thermotomaculales	2562243	O	104	5	109	0.00000
Nitrospirales	189778	O	20174	305	20479	0.00057
Thermodesulfovibrionales	2811503	O	305	7	312	0.00001
Spirochaetales	136	O	5885	294	6179	0.00017
Leptospirales	1643688	O	1623	62	1685	0.00005
Brachyspirales	1643686	O	159	5	164	0.00000
Synergistales	649776	O	7355	2185	9540	0.00027
Candidatus Nanosynbacterales	2093819	O	262	289	551	0.00002
Thermotogales	2419	O	1114	55	1169	0.00003
Kosmotogales	1643946	O	357	8	365	0.00001
Petrotogales	1643947	O	183	94	277	0.00001
Aquificales	32069	O	940	24	964	0.00003
Desulfurobacteriales	1485951	O	266	46	312	0.00001
Thermodesulfobacteriales	188710	O	843	17	860	0.00002
Fusobacteriales	203491	O	792	193	985	0.00003
Deferribacterales	191393	O	586	17	603	0.00002
Calditrichales	1962852	O	581	6	587	0.00002
Chrysiogenales	189769	O	541	272	813	0.00002
Elusimicrobiales	641854	O	147	1	148	0.00000
Endomicrobiales	1783344	O	105	1	106	0.00000
Caldisericales	693072	O	150	0	150	0.00000
Coprothermobacterales	2138246	O	136	29	165	0.00000
Dictyoglomales	203487	O	121	1	122	0.00000
Hypocreales	5125	O	106518	2834	109352	0.00306
Glomerellales	1028384	O	4493	780	5273	0.00015
Sordariales	5139	O	13405	314	13719	0.00038
Magnaporthales	639021	O	5276	47	5323	0.00015
Xylariales	37989	O	2560	32	2592	0.00007
Helotiales	5178	O	628	3	631	0.00002
Eurotiales	5042	O	37273	1284	38557	0.00108
Pleosporales	92860	O	3514	580	4094	0.00011
Mycosphaerellales	2726947	O	1816	13	1829	0.00005
Saccharomycetales	4892	O	4276	486	4762	0.00013
Ustilaginales	5267	O	8306	125	8431	0.00024
Malasseziales	162474	O	524	61	585	0.00002
Polyporales	5303	O	1947	18	1965	0.00006
Cantharellales	36064	O	436	13	449	0.00001
Agaricales	5338	O	343	13	356	0.00001
Tremellales	5234	O	627	130	757	0.00002
Peronosporales	4776	O	14302	2237	16539	0.00046
Pythiales	121069	O	1512	27	1539	0.00004
